-1.09833578278845,1.09833578278845,1.86145759699509,-1.86145759699509,-0.469357011573468,0.469357011573468,1.0998612277464,-1.0998612277464,-1.15875178930352,1.15875178930352,-1.65512907621456,1.65512907621456,-0.0169302634927561,0.0169302634927561,0.7668030340934,-0.7668030340934,0.294829050577349,-0.294829050577349,-1.7834201660485,1.7834201660485,0.495522622596025,-0.495522622596025,-0.613565521501895,0.613565521501895,-0.878909536182714,0.878909536182714,-0.0635086745143993,0.0635086745143993,1.16276895438787,-1.16276895438787,0.104928935002437,-0.104928935002437,0.657178773433583,-0.657178773433583,0.533735365469268,-0.533735365469268,-0.410716698132539,0.410716698132539,-1.05497957786703,1.05497957786703,0.178369828737646,-0.178369828737646,0.231700102245953,-0.231700102245953,0.452455965442401,-0.452455965442401,0.708893032266063,-0.708893032266063,3.1106595097409,-3.1106595097409,-2.35603558463607,2.35603558463607,1.24884016086683,-1.24884016086683,1.40918817742569,-1.40918817742569,-0.576719361209564,0.576719361209564,-1.42700206462233,1.42700206462233,-0.189997895267512,0.189997895267512,-0.217564629418412,0.217564629418412,0.0213323152175557,-0.0213323152175557,-1.43263277501214,1.43263277501214,-1.86466711811305,1.86466711811305,0.0736577640367639,-0.0736577640367639,-0.228312118643834,0.228312118643834,-0.361495632015415,0.361495632015415,0.630828581150792,-0.630828581150792,1.48034086671875,-1.48034086671875,-1.66759454293945,1.66759454293945,-1.22110775702383,1.22110775702383,0.18788259099792,-0.18788259099792,0.62172378705535,-0.62172378705535,-1.76228097807024,1.76228097807024,-0.41639330113854,0.41639330113854,1.8321784134413,-1.8321784134413,0.690368608933941,-0.690368608933941,-0.816017145109386,0.816017145109386,-1.74443652641816,1.74443652641816,-1.39606765796156,1.39606765796156,3.31798883381743,-3.31798883381743,0.896801106231393,-0.896801106231393,0.660287641886694,-0.660287641886694,-0.740911398961467,0.740911398961467,0.447121511083748,-0.447121511083748,0.814799817005511,-0.814799817005511,1.45660406023294,-1.45660406023294,0.872412009041849,-0.872412009041849,-1.43102057485629,1.43102057485629,0.181565022405812,-0.181565022405812,0.0289011330423105,-0.0289011330423105,0.518859739149434,-0.518859739149434,-1.4366691661665,1.4366691661665,-1.25190422516438,1.25190422516438,0.458695916819088,-0.458695916819088,-1.09304961941797,1.09304961941797,1.00958986402095,-1.00958986402095,-0.0876653429678746,0.0876653429678746,-0.972829346522583,0.972829346522583,-1.01426744962997,1.01426744962997,0.0398648184488502,-0.0398648184488502,2.19742343884483,-2.19742343884483,1.27772843295989,-1.27772843295989,0.414487208691913,-0.414487208691913,-1.41335080625288,1.41335080625288,1.54156737356453,-1.54156737356453,-0.216644365503314,0.216644365503314,1.03731434849934,-1.03731434849934,0.854572589060937,-0.854572589060937,1.30360140751678,-1.30360140751678,0.432932933362021,-0.432932933362021,-1.3023087881848,1.3023087881848,-0.78028608836012,0.78028608836012,-1.4310790738133,1.4310790738133,-0.542748158568679,0.542748158568679,0.244101741877881,-0.244101741877881,-0.16577827085211,0.16577827085211,0.441690684517665,-0.441690684517665,-1.18088777141132,1.18088777141132,-0.245770920859938,0.245770920859938,-0.509830980748903,0.509830980748903,1.17982979556505,-1.17982979556505,0.142626676025854,-0.142626676025854,1.40879405115317,-1.40879405115317,0.127373082948272,-0.127373082948272,1.34246346607943,-1.34246346607943,-1.00247543840239,1.00247543840239,2.18818793942437,-2.18818793942437,-1.14122475360707,1.14122475360707,0.244547826597825,-0.244547826597825,-0.0340075626118591,0.0340075626118591,-0.235854085678006,0.235854085678006,-0.137730961774745,0.137730961774745,0.4824665469943,-0.4824665469943,-1.97703275186449,1.97703275186449,0.630532175537723,-0.630532175537723,-1.97107801761897,1.97107801761897,0.0362099637348404,-0.0362099637348404,-1.10830765546011,1.10830765546011,-0.988270253689513,0.988270253689513,-0.497585823936207,0.497585823936207,-1.41179397857341,1.41179397857341,0.669983286465977,-0.669983286465977,-0.385864639472997,0.385864639472997,-0.395075000569745,0.395075000569745,-1.75724610889811,1.75724610889811,1.66166536833304,-1.66166536833304,0.123190888314667,-0.123190888314667,-0.332511362904216,0.332511362904216,-0.740386187841497,0.740386187841497,-0.815594396282379,0.815594396282379,-0.621921387044127,0.621921387044127,0.624748456877258,-0.624748456877258,1.14390205050274,-1.14390205050274,0.482783907209914,-0.482783907209914,0.858803670226501,-0.858803670226501,-1.01307699525434,1.01307699525434,-1.28876736843027,1.28876736843027,0.623642983240088,-0.623642983240088,0.0730705315992353,-0.0730705315992353,0.271566519286759,-0.271566519286759,-1.33291073906664,1.33291073906664,-0.840941618553824,0.840941618553824,-0.522614433070564,0.522614433070564,-1.33553160127155,1.33553160127155,-1.98762374836246,1.98762374836246,0.52376433015625,-0.52376433015625,-0.233081486780115,0.233081486780115,-0.329364259279915,0.329364259279915,1.14217677042568,-1.14217677042568,0.666746636250065,-0.666746636250065,1.33509675194141,-1.33509675194141,2.20900150613664,-2.20900150613664,-0.866528258960338,0.866528258960338,0.512713442361193,-0.512713442361193,0.639129607847741,-0.639129607847741,-0.476327931936223,0.476327931936223,-1.09885130976666,1.09885130976666,-1.10970986080446,1.10970986080446,-1.11068354752457,1.11068354752457,2.18929221164194,-2.18929221164194,0.768600684635521,-0.768600684635521,-0.709035167577225,0.709035167577225,-0.111522604602821,0.111522604602821,0.500288028353006,-0.500288028353006,-0.752487408211879,0.752487408211879,-1.39125459698303,1.39125459698303,-1.15493331226115,1.15493331226115,-1.79972326985446,1.79972326985446,0.341744310520356,-0.341744310520356,1.00054417617499,-1.00054417617499,0.115265349684082,-0.115265349684082,0.538468741586722,-0.538468741586722,-0.185272064779105,0.185272064779105,-0.544830888343544,0.544830888343544,1.54775164530575,-1.54775164530575,-0.169255147807145,0.169255147807145,-0.0170321609792674,0.0170321609792674,0.288188492541836,-0.288188492541836,1.43245162047871,-1.43245162047871,0.912180032094848,-0.912180032094848,2.16250944289558,-2.16250944289558,0.286803911475777,-0.286803911475777,-0.890714904812077,0.890714904812077,0.125695491227496,-0.125695491227496,-0.089824353708242,0.089824353708242,0.680429710973919,-0.680429710973919,1.29623690032119,-1.29623690032119,-1.77945427712205,1.77945427712205,0.543659890249987,-0.543659890249987,-0.761891141083141,0.761891141083141,-0.129330514677165,0.129330514677165,0.743098741286803,-0.743098741286803,0.382904123793988,-0.382904123793988,-0.684887327756627,0.684887327756627,-1.45179323834272,1.45179323834272,-0.822444068738332,0.822444068738332,1.60187510738837,-1.60187510738837,-0.901547845208081,0.901547845208081,-0.634266102132975,0.634266102132975,0.485736852739503,-0.485736852739503,0.271398007638498,-0.271398007638498,-1.57796015366192,1.57796015366192,-0.232127569898258,0.232127569898258,0.41117155100019,-0.41117155100019,-1.2858628392138,1.2858628392138,0.790406793254744,-0.790406793254744,-0.304033452810356,0.304033452810356,1.28976181917491,-1.28976181917491,0.782357827280009,-0.782357827280009,1.04791780083627,-1.04791780083627,0.0586373048866022,-0.0586373048866022,0.553095139614372,-0.553095139614372,1.33108484173624,-1.33108484173624,0.50374376310495,-0.50374376310495,1.79059024965499,-1.79059024965499,-0.980163488253677,0.980163488253677,-1.04096904114907,1.04096904114907,0.555462171990437,-0.555462171990437,1.66170847293493,-1.66170847293493,2.60234152475975,-2.60234152475975,0.244008495508161,-0.244008495508161,1.62242405490846,-1.62242405490846,0.0286332328538474,-0.0286332328538474,0.655413217590364,-0.655413217590364,-0.05280609482345,0.05280609482345,2.33341127623812,-2.33341127623812,-0.399651674386921,0.399651674386921,1.19124661980992,-1.19124661980992,0.439484631525227,-0.439484631525227,-1.61797007643441,1.61797007643441,-0.726914483188701,0.726914483188701,-1.15379425273501,1.15379425273501,0.0977734649678448,-0.0977734649678448,0.788212964406916,-0.788212964406916,0.260443325264431,-0.260443325264431,0.513133080863375,-0.513133080863375,-0.717735507123963,0.717735507123963,0.490410033846742,-0.490410033846742,-0.493508739729684,0.493508739729684,0.292724915387066,-0.292724915387066,-0.439341195914967,0.439341195914967,0.340244189095216,-0.340244189095216,-0.295264954441335,0.295264954441335,1.96502499975554,-1.96502499975554,-1.87567946617227,1.87567946617227,-0.55386664337584,0.55386664337584,0.559266750359151,-0.559266750359151,-0.451277994306333,0.451277994306333,-1.12917135719098,1.12917135719098,0.628277560185366,-0.628277560185366,-0.832007671250112,0.832007671250112,-0.915886729034364,0.915886729034364,-0.501684124758961,0.501684124758961,-0.0158156679582231,0.0158156679582231,-1.05884074686459,1.05884074686459,0.0286370253222663,-0.0286370253222663,-1.38488654641493,1.38488654641493,-0.0624912374100926,0.0624912374100926,-0.939023903855082,0.939023903855082,-0.814562790399072,0.814562790399072,0.446479635347417,-0.446479635347417,0.306937671289699,-0.306937671289699,-1.14238594015724,1.14238594015724,-0.964355085603659,0.964355085603659,0.400442177277487,-0.400442177277487,0.0551794151405771,-0.0551794151405771,-0.717197403647018,0.717197403647018,-1.01685040440283,1.01685040440283,1.30232661009739,-1.30232661009739,1.19483196174142,-1.19483196174142,-0.404928833926288,0.404928833926288,0.2613560342335,-0.2613560342335,-1.69455117927563,1.69455117927563,-0.695090589175396,0.695090589175396,1.0038908075789,-1.0038908075789,-0.217197467309573,0.217197467309573,1.41747508275707,-1.41747508275707,0.208728668148699,-0.208728668148699,-2.34036085623967,2.34036085623967,0.157659196355596,-0.157659196355596,0.234780941756169,-0.234780941756169,0.907196902782184,-0.907196902782184,0.125520735561692,-0.125520735561692,-0.51362971322163,0.51362971322163,0.745965165488774,-0.745965165488774,1.22174843572929,-1.22174843572929,0.0654830125998197,-0.0654830125998197,-1.83217905110036,1.83217905110036,-0.0428159664625806,0.0428159664625806,1.58591028386958,-1.58591028386958,1.13997953001175,-1.13997953001175,-1.55215355588515,1.55215355588515,2.68296802672783,-2.68296802672783,-2.54883492845247,2.54883492845247,0.561888993533101,-0.561888993533101,-0.889870726730922,0.889870726730922,-0.656992992118062,0.656992992118062,-0.334710845342359,0.334710845342359,0.639321594211178,-0.639321594211178,-0.778612891235343,0.778612891235343,0.263442671975326,-0.263442671975326,-0.0404239475393553,0.0404239475393553,-0.51753322278656,0.51753322278656,0.23390789701851,-0.23390789701851,-0.0777167468076191,0.0777167468076191,0.819464509394536,-0.819464509394536,1.7702208331093,-1.7702208331093,2.00648483584823,-2.00648483584823,0.729231254869823,-0.729231254869823,0.198152647872853,-0.198152647872853,0.476355541234746,-0.476355541234746,-2.02603554273463,2.02603554273463,-3.36659377006658,3.36659377006658,0.538373693536911,-0.538373693536911,0.70789030815204,-0.70789030815204,0.117208827955176,-0.117208827955176,-0.354510449411751,0.354510449411751,0.718024562280444,-0.718024562280444,0.470399570111372,-0.470399570111372,1.26971913574457,-1.26971913574457,-0.475388274591193,0.475388274591193,-1.32292375755318,1.32292375755318,-0.253714603193943,0.253714603193943,0.223675140459461,-0.223675140459461,0.877994280698988,-0.877994280698988,1.73913851599603,-1.73913851599603,-0.221209986891861,0.221209986891861,0.378480212052259,-0.378480212052259,-1.62149006630634,1.62149006630634,-0.351043248887508,0.351043248887508,-0.0261470752896861,0.0261470752896861,-1.35898756454317,1.35898756454317,0.72347964401761,-0.72347964401761,-1.89710069176804,1.89710069176804,-1.2414685997494,1.2414685997494,-0.879624452806532,0.879624452806532,-0.708772525722322,0.708772525722322,-0.459941827344265,0.459941827344265,-0.0729591693317699,0.0729591693317699,-1.47856891480783,1.47856891480783,0.0890072139765085,-0.0890072139765085,1.06247403317831,-1.06247403317831,0.263273192108247,-0.263273192108247,-0.779873232428463,0.779873232428463,-0.139584594158442,0.139584594158442,-1.82269743033105,1.82269743033105,0.104783437385569,-0.104783437385569,-0.772978841767494,0.772978841767494,-0.52398620040676,0.52398620040676,0.587022360539281,-0.587022360539281,-0.351743528302297,0.351743528302297,0.0653593780110964,-0.0653593780110964,1.41903277951214,-1.41903277951214,-2.17551478924705,2.17551478924705,1.13189119391086,-1.13189119391086,-0.944987960346702,0.944987960346702,0.975579776208465,-0.975579776208465,0.22804809080314,-0.22804809080314,0.715558405783891,-0.715558405783891,-0.344241768392228,0.344241768392228,1.42525970695303,-1.42525970695303,-1.18887261408695,1.18887261408695,1.27695509995838,-1.27695509995838,2.5983674142527,-2.5983674142527,0.101938203131944,-0.101938203131944,1.26709241558241,-1.26709241558241,-1.00183923218125,1.00183923218125,-0.980607139638213,0.980607139638213,0.410773344826597,-0.410773344826597,-0.289664959669542,0.289664959669542,0.0317713484793527,-0.0317713484793527,0.688425288695594,-0.688425288695594,1.30287864558282,-1.30287864558282,0.387662522652615,-0.387662522652615,-2.12562658668309,2.12562658668309,0.459366911612045,-0.459366911612045,2.59461163491409,-2.59461163491409,0.13747399665367,-0.13747399665367,0.0181949973956234,-0.0181949973956234,-1.35312801961646,1.35312801961646,-2.05096762063882,2.05096762063882,0.622852984983252,-0.622852984983252,0.208377299996999,-0.208377299996999,0.484056116723981,-0.484056116723981,0.890499126067907,-0.890499126067907,-0.049718222613935,0.049718222613935,-0.664294911591955,0.664294911591955,0.345854727704122,-0.345854727704122,0.938124315653168,-0.938124315653168,-0.300724682716252,0.300724682716252,0.428369340719239,-0.428369340719239,0.215234236848711,-0.215234236848711,-0.237885467297526,0.237885467297526,-0.52014398891213,0.52014398891213,1.56919921745802,-1.56919921745802,-1.57387145773557,1.57387145773557,-0.189043170649402,0.189043170649402,0.428624886204222,-0.428624886204222,0.353090838307454,-0.353090838307454,-0.390138983548286,0.390138983548286,-0.14188651470137,0.14188651470137,0.177515222546041,-0.177515222546041,0.369001813743238,-0.369001813743238,0.329162661886007,-0.329162661886007,1.78381480433768,-1.78381480433768,1.14119813642606,-1.14119813642606,-1.09118206857251,1.09118206857251,-0.827220008245394,0.827220008245394,-0.761254384614559,0.761254384614559,1.72694551910755,-1.72694551910755,1.07968907080893,-1.07968907080893,0.190232463516022,-0.190232463516022,0.65153529758595,-0.65153529758595,0.781666809957499,-0.781666809957499,-0.551042878970363,0.551042878970363,-0.050389566205529,0.050389566205529,0.269799711454075,-0.269799711454075,-0.797927552828346,0.797927552828346,1.70278158358954,-1.70278158358954,1.60217112985395,-1.60217112985395,-0.311722663343773,0.311722663343773,-0.806942856070077,0.806942856070077,1.73836506759236,-1.73836506759236,-0.996835775445858,0.996835775445858,-1.09055781270007,1.09055781270007,-0.516579686352834,0.516579686352834,0.483598135537698,-0.483598135537698,-1.11357945487467,1.11357945487467,-0.878443171607964,0.878443171607964,-0.533480452677674,0.533480452677674,-2.38577228796153,2.38577228796153,0.781051882473514,-0.781051882473514,-1.2998452359069,1.2998452359069,-0.894912118859763,0.894912118859763,0.917916916305019,-0.917916916305019,0.208283060357745,-0.208283060357745,-0.697679159452518,0.697679159452518,-0.42414078391782,0.42414078391782,-1.47872000438104,1.47872000438104,0.0351265985537067,-0.0351265985537067,1.79249479622652,-1.79249479622652,-1.05979757723799,1.05979757723799,-0.650820669919813,0.650820669919813,0.468385708364019,-0.468385708364019,-0.471226201250159,0.471226201250159,-1.9817804889868,1.9817804889868,-0.496694176518224,0.496694176518224,-0.418203082482784,0.418203082482784,-1.23786329963977,1.23786329963977,0.5149384562804,-0.5149384562804,0.419176047660067,-0.419176047660067,-0.3708654886889,0.3708654886889,-0.122345606941773,0.122345606941773,0.655995863248262,-0.655995863248262,-0.977069725129993,0.977069725129993,-0.293395390608944,0.293395390608944,0.124168397022129,-0.124168397022129,-0.0610984014271892,0.0610984014271892,-0.493651543773997,0.493651543773997,0.742260618183169,-0.742260618183169,0.490009200521443,-0.490009200521443,-0.933643419496692,0.933643419496692,0.889547360699691,-0.889547360699691,0.0699710062506721,-0.0699710062506721,0.594210240103571,-0.594210240103571,-0.970019854752674,0.970019854752674,-1.22593424362682,1.22593424362682,1.21957389864104,-1.21957389864104,-0.763407283983667,0.763407283983667,-0.00236430012328573,0.00236430012328573,-1.61788091158188,1.61788091158188,-0.697400441083224,0.697400441083224,-0.0374217588318614,0.0374217588318614,0.694523659778657,-0.694523659778657,0.954939802000632,-0.954939802000632,0.81794362904482,-0.81794362904482,-0.397926672328693,0.397926672328693,-1.64556335129448,1.64556335129448,-0.345381483781006,0.345381483781006,-1.59594305070516,1.59594305070516,-0.559778904743359,0.559778904743359,-1.22781955809842,1.22781955809842,0.257807161158208,-0.257807161158208,0.418615391907935,-0.418615391907935,0.644321882866551,-0.644321882866551,0.613548497461362,-0.613548497461362,-0.0981541456613588,0.0981541456613588,-0.197339111019007,0.197339111019007,0.43986494833479,-0.43986494833479,-2.50858035893769,2.50858035893769,0.572989490315777,-0.572989490315777,1.73813110555554,-1.73813110555554,0.618829884742288,-0.618829884742288,-2.25775144230167,2.25775144230167,0.0921199970123143,-0.0921199970123143,2.52928050639475,-2.52928050639475,-0.345827521383431,0.345827521383431,-0.207648725321952,0.207648725321952,-0.945683133806301,0.945683133806301,-2.38324180848195,2.38324180848195,-0.488401803507107,0.488401803507107,0.0388161647493886,-0.0388161647493886,1.11402575695708,-1.11402575695708,-0.750346939297651,0.750346939297651,1.23668175758954,-1.23668175758954,-0.902523412838855,0.902523412838855,-0.525264053662876,0.525264053662876,-0.654518811915035,0.654518811915035,0.279594210728539,-0.279594210728539,-0.919009851880865,0.919009851880865,-0.669071307699873,0.669071307699873,-1.77337063057215,1.77337063057215,0.672727344189785,-0.672727344189785,-0.955223385203685,0.955223385203685,1.97968417322378,-1.97968417322378,-0.919001397112097,0.919001397112097,-1.50750831318349,1.50750831318349,2.80894700782598,-2.80894700782598,0.0562636468812798,-0.0562636468812798,0.109726735083214,-0.109726735083214,0.350395924065502,-0.350395924065502,0.175932171217992,-0.175932171217992,-0.305171888130986,0.305171888130986,-0.245552330997183,0.245552330997183,-0.22835743814932,0.22835743814932,-0.250165430349019,0.250165430349019,0.799624004411308,-0.799624004411308,0.870989620286906,-0.870989620286906,1.01445958547742,-1.01445958547742,-0.211131456996118,0.211131456996118,-0.612596842394079,0.612596842394079,1.74681545040084,-1.74681545040084,-1.52303324748892,1.52303324748892,0.336590077434357,-0.336590077434357,0.900877463247557,-0.900877463247557,1.17427106226264,-1.17427106226264,0.337697546880591,-0.337697546880591,1.25718562229937,-1.25718562229937,1.88159282856868,-1.88159282856868,0.245828920522016,-0.245828920522016,0.583386523148308,-0.583386523148308,-0.748203885972182,0.748203885972182,-0.633213377783507,0.633213377783507,-1.4305789314824,1.4305789314824,-0.689161447286848,0.689161447286848,-0.0256199287737128,0.0256199287737128,0.215012417411722,-0.215012417411722,-0.631200693538532,0.631200693538532,1.12584285655772,-1.12584285655772,-0.290240265919513,0.290240265919513,-0.61488135126464,0.61488135126464,-1.32982212566153,1.32982212566153,1.44452690707271,-1.44452690707271,-1.586272705959,1.586272705959,0.165990798016224,-0.165990798016224,1.1158555277637,-1.1158555277637,0.0520967065250359,-0.0520967065250359,-0.652098493485126,0.652098493485126,-2.09854343777892,2.09854343777892,0.576486112940102,-0.576486112940102,1.86090462486242,-1.86090462486242,0.538563857602487,-0.538563857602487,-0.954863628640588,0.954863628640588,1.57498020327338,-1.57498020327338,0.318132238520585,-0.318132238520585,0.5132595652771,-0.5132595652771,-0.199653091505131,0.199653091505131,-0.288795160818168,0.288795160818168,-0.117115578477391,0.117115578477391,0.479812398997211,-0.479812398997211,-0.512822458748263,0.512822458748263,0.5782040736037,-0.5782040736037,-1.8017814763695,1.8017814763695,-0.288362505261012,0.288362505261012,-0.250810535182985,0.250810535182985,2.53169855354133,-2.53169855354133,0.638530443483585,-0.638530443483585,0.545154178764634,-0.545154178764634,0.595805532456442,-0.595805532456442,-1.24770100506506,1.24770100506506,-1.14974480832399,1.14974480832399,0.726369213700224,-0.726369213700224,0.129930144156092,-0.129930144156092,-0.188934887050778,0.188934887050778,-0.850237113559571,0.850237113559571,1.20946148484722,-1.20946148484722,-0.4947648873525,0.4947648873525,-1.96121871856928,1.96121871856928,0.657751454740542,-0.657751454740542,-0.259504267027944,0.259504267027944,0.231765233587533,-0.231765233587533,0.431500606930959,-0.431500606930959,-0.449686196072735,0.449686196072735,0.1506271301281,-0.1506271301281,-0.230385066999021,0.230385066999021,1.11337228258072,-1.11337228258072,2.13282275965497,-2.13282275965497,-1.33426311602631,1.33426311602631,-1.34856282997224,1.34856282997224,-0.704023838758957,0.704023838758957,-2.96447824889534,2.96447824889534,-0.83621975517097,0.83621975517097,-1.74259378769795,1.74259378769795,1.19439449565048,-1.19439449565048,-0.36035947195574,0.36035947195574,-1.09450083603115,1.09450083603115,0.906604549127198,-0.906604549127198,0.229896345765702,-0.229896345765702,-0.607281325040822,0.607281325040822,1.24267012814888,-1.24267012814888,-1.08582658364983,1.08582658364983,0.941532125169471,-0.941532125169471,-1.4797163526443,1.4797163526443,-2.14315522661848,2.14315522661848,0.477479160953377,-0.477479160953377,0.853213044753117,-0.853213044753117,2.17522941654172,-2.17522941654172,1.42146464940951,-1.42146464940951,2.56692370189986,-2.56692370189986,-0.0855186109259674,0.0855186109259674,1.04019064385962,-1.04019064385962,-0.39451683146863,0.39451683146863,0.660099254667118,-0.660099254667118,0.83566121292312,-0.83566121292312,-0.764612825608962,0.764612825608962,1.91428640210711,-1.91428640210711,-0.428011421513914,0.428011421513914,0.736430791522028,-0.736430791522028,-0.841286016099693,0.841286016099693,0.487766611220333,-0.487766611220333,-0.569251276010943,0.569251276010943,0.317002311327529,-0.317002311327529,-0.760666575414076,0.760666575414076,-0.125671725921365,0.125671725921365,-0.766736553593767,0.766736553593767,0.616609649271723,-0.616609649271723,-1.37066334580362,1.37066334580362,-0.731334566448696,0.731334566448696,-1.65134003458958,1.65134003458958,-1.38956146275257,1.38956146275257,2.3643161955059,-2.3643161955059,-1.37575337122147,1.37575337122147,0.825020843156167,-0.825020843156167,-1.23923236598735,1.23923236598735,-0.388024897997064,0.388024897997064,0.483232638809947,-0.483232638809947,0.857960503264288,-0.857960503264288,-2.30174914821596,2.30174914821596,-1.73465286350262,1.73465286350262,0.340064547030347,-0.340064547030347,-0.0444861516074172,0.0444861516074172,0.85123048301228,-0.85123048301228,0.50183898989813,-0.50183898989813,-0.0425812186965268,0.0425812186965268,-0.44346211763132,0.44346211763132,2.03833824155538,-2.03833824155538,0.995219706865017,-0.995219706865017,-1.28284153876448,1.28284153876448,0.151641532475973,-0.151641532475973,-1.24745702910087,1.24745702910087,0.138033500367436,-0.138033500367436,-1.07804141289728,1.07804141289728,0.553838734550291,-0.553838734550291,-0.614938025568064,0.614938025568064,1.23757806647251,-1.23757806647251,-1.26812435503772,1.26812435503772,-0.587933685868264,0.587933685868264,-0.20747630489522,0.20747630489522,1.03885291304109,-1.03885291304109,-1.02198059942255,1.02198059942255,0.565073793825264,-0.565073793825264,1.1456399488131,-1.1456399488131,1.42868400815393,-1.42868400815393,-0.509394634669931,0.509394634669931,-0.604289021449577,0.604289021449577,-1.25876368528956,1.25876368528956,-1.80445215712231,1.80445215712231,-0.995537997424014,0.995537997424014,-0.387324762983639,0.387324762983639,0.414897761650957,-0.414897761650957,-0.684010954567485,0.684010954567485,0.539498768266094,-0.539498768266094,-0.0434598524042297,0.0434598524042297,1.43375852097701,-1.43375852097701,1.11755065073536,-1.11755065073536,-0.453032173704552,0.453032173704552,0.747429758909018,-0.747429758909018,-1.06254995737568,1.06254995737568,-0.921443658022754,0.921443658022754,0.177780726934958,-0.177780726934958,-0.498644686430897,0.498644686430897,-0.132415427190654,0.132415427190654,1.02099175650363,-1.02099175650363,0.410736296026017,-0.410736296026017,-0.566311517281973,0.566311517281973,-0.751452439661121,0.751452439661121,-0.193116083925261,0.193116083925261,-2.24455696352728,2.24455696352728,0.418019035593981,-0.418019035593981,-0.53748602050362,0.53748602050362,0.452675570616818,-0.452675570616818,-0.375432858915772,0.375432858915772,0.297562221051733,-0.297562221051733,0.0194858186966742,-0.0194858186966742,0.472259254375832,-0.472259254375832,0.605963500980277,-0.605963500980277,0.878438665303457,-0.878438665303457,1.20482522391061,-1.20482522391061,0.968943419636939,-0.968943419636939,0.361235619649389,-0.361235619649389,-0.334917046134548,0.334917046134548,-1.09996822336791,1.09996822336791,-0.485595073279159,0.485595073279159,-0.054829844168264,0.054829844168264,1.94013169771057,-1.94013169771057,-0.475037530683149,0.475037530683149,-1.59063404987236,1.59063404987236,-0.531388828271554,0.531388828271554,-1.16112939022264,1.16112939022264,-0.469296123407231,0.469296123407231,-0.637834640997805,0.637834640997805,2.06596402319537,-2.06596402319537,-0.703613577604101,0.703613577604101,-0.396368797323407,0.396368797323407,0.435543631175162,-0.435543631175162,0.724228237122861,-0.724228237122861,-1.01292392109324,1.01292392109324,0.735891956733459,-0.735891956733459,1.19365038748428,-1.19365038748428,0.0653713415554821,-0.0653713415554821,-0.635587374250886,0.635587374250886,1.09823422778849,-1.09823422778849,0.0448770751614507,-0.0448770751614507,-1.53424470464189,1.53424470464189,0.743637193275068,-0.743637193275068,-0.582910255272325,0.582910255272325,0.284452437184929,-0.284452437184929,-0.323338487045417,0.323338487045417,0.11324450257558,-0.11324450257558,0.0205441131972119,-0.0205441131972119,1.89958707389549,-1.89958707389549,0.919889435621517,-0.919889435621517,-0.257177548568794,0.257177548568794,0.967699037053842,-0.967699037053842,-0.172867432597918,0.172867432597918,-0.103707745789294,0.103707745789294,0.392855288754003,-0.392855288754003,-0.751997691602241,0.751997691602241,-0.25717505350687,0.25717505350687,-0.0834548301538501,0.0834548301538501,1.14158879025257,-1.14158879025257,-0.0550995149980803,0.0550995149980803,-0.162776704929849,0.162776704929849,-1.10779323735386,1.10779323735386,0.590422519412745,-0.590422519412745,0.0590743339234023,-0.0590743339234023,0.493943708236273,-0.493943708236273,2.4160834305479,-2.4160834305479,-0.29210308644692,0.29210308644692,0.480224624741405,-0.480224624741405,0.00934352686015047,-0.00934352686015047,0.00158145284344095,-0.00158145284344095,0.608435717519646,-0.608435717519646,0.204825350306156,-0.204825350306156,-0.940812770497574,0.940812770497574,-1.03199451311102,1.03199451311102,-0.984498606053349,0.984498606053349,0.653497057409041,-0.653497057409041,-0.0652068227729277,0.0652068227729277,1.10856074266582,-1.10856074266582,2.36728865579853,-2.36728865579853,-0.30548401652288,0.30548401652288,1.52005478285043,-1.52005478285043,1.75363870947215,-1.75363870947215,0.845000730936212,-0.845000730936212,0.300623071076442,-0.300623071076442,0.764076412215516,-0.764076412215516,-1.59463452872405,1.59463452872405,-0.0790870696246699,0.0790870696246699,1.02842055491188,-1.02842055491188,1.0790081078088,-1.0790081078088,0.575829840577944,-0.575829840577944,-0.185149027083132,0.185149027083132,0.0601849130726819,-0.0601849130726819,-1.31115823556115,1.31115823556115,-1.14032891523317,1.14032891523317,1.00345488937439,-1.00345488937439,-0.130583931315674,0.130583931315674,1.22436479151481,-1.22436479151481,-1.30557757196696,1.30557757196696,-0.162716279623725,0.162716279623725,-0.733685023851972,0.733685023851972,-0.751394844577179,0.751394844577179,-1.33371654424258,1.33371654424258,-1.37599038491691,1.37599038491691,-0.878905251439965,0.878905251439965,-0.855313213664497,0.855313213664497,-1.98458705432594,1.98458705432594,0.398302304579335,-0.398302304579335,-0.0711525036627704,0.0711525036627704,1.95586581588566,-1.95586581588566,0.476645725934555,-0.476645725934555,0.31766182892526,-0.31766182892526,0.0356978277765267,-0.0356978277765267,-0.300897846545111,0.300897846545111,0.673696775196769,-0.673696775196769,0.382080998823621,-0.382080998823621,-0.34301927465171,0.34301927465171,-0.702468539824114,0.702468539824114,1.09874155047583,-1.09874155047583,-1.24200684648432,1.24200684648432,-0.400369861512279,0.400369861512279,1.21683548240418,-1.21683548240418,-0.357267327476795,0.357267327476795,-1.0067724632992,1.0067724632992,0.655919171422218,-0.655919171422218,0.416042480942112,-0.416042480942112,-0.561407784971693,0.561407784971693,0.734200145664926,-0.734200145664926,2.37591984756898,-2.37591984756898,1.40364700147531,-1.40364700147531,-0.30554970275791,0.30554970275791,0.0795553632488626,-0.0795553632488626,0.257911278173487,-0.257911278173487,-0.207128699597252,0.207128699597252,-0.620823533663552,0.620823533663552,0.268174260927033,-0.268174260927033,2.49390910458611,-2.49390910458611,-0.0553118012063286,0.0553118012063286,1.51980444185014,-1.51980444185014,0.0834776404923305,-0.0834776404923305,0.120146503367585,-0.120146503367585,-0.498255206802267,0.498255206802267,0.999943847711937,-0.999943847711937,1.75427347682254,-1.75427347682254,-1.61077942479683,1.61077942479683,-0.318772966104819,0.318772966104819,1.65126069030676,-1.65126069030676,0.322076905857439,-0.322076905857439,0.421623280199395,-0.421623280199395,0.352920011786097,-0.352920011786097,0.230783837464345,-0.230783837464345,0.349211020364122,-0.349211020364122,1.10676643147473,-1.10676643147473,1.32757013766965,-1.32757013766965,1.7259881289011,-1.7259881289011,-0.242806898729259,0.242806898729259,1.16706465288177,-1.16706465288177,-0.706736916145934,0.706736916145934,-0.537098416312192,0.537098416312192,-1.26895018618415,1.26895018618415,-1.33418204887329,1.33418204887329,-1.55996050518152,1.55996050518152,-0.0844227464473503,0.0844227464473503,-0.521862519080569,0.521862519080569,-0.263115198388923,0.263115198388923,-2.10500590973398,2.10500590973398,0.478884691004677,-0.478884691004677,0.335678225205422,-0.335678225205422,0.62493414478249,-0.62493414478249,-0.175641754888547,0.175641754888547,0.958534713961207,-0.958534713961207,0.10267408439218,-0.10267408439218,-1.01805440694283,1.01805440694283,0.0792291343121253,-0.0792291343121253,0.661994346736382,-0.661994346736382,0.596751697613575,-0.596751697613575,-0.710905669051007,0.710905669051007,-1.30124984233695,1.30124984233695,-1.81668022369982,1.81668022369982,-0.518930970994333,0.518930970994333,-0.0278866668918636,0.0278866668918636,-0.105645671960724,0.105645671960724,-1.30697982983323,1.30697982983323,-1.01010157584096,1.01010157584096,-0.749094408125558,0.749094408125558,0.870161490677105,-0.870161490677105,-0.567249090549844,0.567249090549844,-0.581536423375945,0.581536423375945,0.369931805325867,-0.369931805325867,-1.07058636115156,1.07058636115156,0.573590642537353,-0.573590642537353,-0.655270818810194,0.655270818810194,0.385911863810171,-0.385911863810171,-0.72759443795212,0.72759443795212,-1.17546104609512,1.17546104609512,-0.611698364125966,0.611698364125966,-0.0808213645046001,0.0808213645046001,0.999632925432639,-0.999632925432639,-0.729781867643459,0.729781867643459,-0.447403992640398,0.447403992640398,-1.16538732185106,1.16538732185106,0.418483886725542,-0.418483886725542,-0.442166292551919,0.442166292551919,1.28587878363311,-1.28587878363311,-0.0426193021919415,0.0426193021919415,2.63356410394674,-2.63356410394674,0.987596906512191,-0.987596906512191,1.50508003496329,-1.50508003496329,0.106143809667827,-0.106143809667827,-0.0109384367028338,0.0109384367028338,-0.925303924017377,0.925303924017377,0.100585325569392,-0.100585325569392,0.416074047257128,-0.416074047257128,-0.720269189946651,0.720269189946651,0.451087954990594,-0.451087954990594,-0.120180766518067,0.120180766518067,-0.526994407978688,0.526994407978688,0.943060471768779,-0.943060471768779,0.447640552454743,-0.447640552454743,1.17292795316795,-1.17292795316795,-0.801488671949004,0.801488671949004,0.579351727182757,-0.579351727182757,-0.268425850797039,0.268425850797039,-0.278067734110413,0.278067734110413,0.796314918776572,-0.796314918776572,0.935607287522185,-0.935607287522185,-0.397603094346877,0.397603094346877,2.09644900983842,-2.09644900983842,-0.200901108165999,0.200901108165999,0.0934546337820986,-0.0934546337820986,1.20947875636649,-1.20947875636649,-0.236941295172617,0.236941295172617,2.35302410200861,-2.35302410200861,-1.1296943316692,1.1296943316692,0.836382777468083,-0.836382777468083,-0.449175322684294,0.449175322684294,-1.35927028741114,1.35927028741114,0.323665740593631,-0.323665740593631,0.8031897700334,-0.8031897700334,1.92649529641307,-1.92649529641307,-0.544292583865249,0.544292583865249,-0.478797548716848,0.478797548716848,-1.52461666691669,1.52461666691669,-0.0496100015243984,0.0496100015243984,0.15841651778397,-0.15841651778397,-0.169385744041207,0.169385744041207,0.178280565121621,-0.178280565121621,-1.47535650961085,1.47535650961085,-0.0205481755141361,0.0205481755141361,-0.0867840806661466,0.0867840806661466,-0.361535772182888,0.361535772182888,-1.35698042975534,1.35698042975534,0.872758180239681,-0.872758180239681,0.296313874161715,-0.296313874161715,-0.749630706274844,0.749630706274844,0.594894426425126,-0.594894426425126,1.50431173952085,-1.50431173952085,0.0520842140522285,-0.0520842140522285,0.0889478077241367,-0.0889478077241367,0.698249897610754,-0.698249897610754,-0.765975678869969,0.765975678869969,0.892871746735039,-0.892871746735039,0.0818853452240025,-0.0818853452240025,0.536163905967347,-0.536163905967347,0.396132183212763,-0.396132183212763,-0.922308110860074,0.922308110860074,-3.02125978535475,3.02125978535475,2.13080873113396,-2.13080873113396,-0.51254855368612,0.51254855368612,0.173864297006998,-0.173864297006998,-1.45639132350063,1.45639132350063,0.521700060087898,-0.521700060087898,0.597007221776403,-0.597007221776403,0.528956919791865,-0.528956919791865,-0.200998810292051,0.200998810292051,1.68750394517389,-1.68750394517389,0.112581834958992,-0.112581834958992,-0.0759492158221479,0.0759492158221479,-0.503780730690381,0.503780730690381,0.678542477827154,-0.678542477827154,-0.424746592733047,0.424746592733047,0.637627420362829,-0.637627420362829,1.62858738767853,-1.62858738767853,0.849245438273632,-0.849245438273632,0.36797080358112,-0.36797080358112,-1.34985057836635,1.34985057836635,-0.159186374939167,0.159186374939167,-1.52483916702595,1.52483916702595,0.147457071022959,-0.147457071022959,-0.357819212466323,0.357819212466323,-0.734587120759077,0.734587120759077,1.36149168395791,-1.36149168395791,0.531539236848999,-0.531539236848999,-0.160125888949904,0.160125888949904,0.705477101427625,-0.705477101427625,-0.399039391339731,0.399039391339731,0.429236485014523,-0.429236485014523,-0.221190813045645,0.221190813045645,0.138919928849186,-0.138919928849186,-0.431188158157816,0.431188158157816,1.09286214309996,-1.09286214309996,1.36868814826761,-1.36868814826761,-0.312588146340454,0.312588146340454,-0.638497459787353,0.638497459787353,-0.766810217243167,0.766810217243167,-0.538363034578055,0.538363034578055,0.283615008215313,-0.283615008215313,0.480822477130137,-0.480822477130137,-0.617070323089322,0.617070323089322,-0.750467504527841,0.750467504527841,-1.11764898824925,1.11764898824925,-0.141575852185162,0.141575852185162,0.554240891223078,-0.554240891223078,-1.67324624054254,1.67324624054254,0.550165064391228,-0.550165064391228,-0.642878200198148,0.642878200198148,0.79963040019476,-0.79963040019476,0.714891796040255,-0.714891796040255,2.01775037537366,-2.01775037537366,-0.0691866654933379,0.0691866654933379,0.609048658192816,-0.609048658192816,1.3324734470981,-1.3324734470981,-0.681598123590084,0.681598123590084,0.170917147042503,-0.170917147042503,-0.0778829575120756,0.0778829575120756,-1.32519025215109,1.32519025215109,2.26968919418478,-2.26968919418478,2.93193570434548,-2.93193570434548,-1.0856377319797,1.0856377319797,-0.993741086714472,0.993741086714472,0.326968763156451,-0.326968763156451,0.365313665042593,-0.365313665042593,1.59262162718873,-1.59262162718873,-0.895706365344735,0.895706365344735,-1.38237261571267,1.38237261571267,0.308921699514568,-0.308921699514568,0.526289370218238,-0.526289370218238,-0.537472945101035,0.537472945101035,-0.797197250682565,0.797197250682565,-1.33978945521903,1.33978945521903,-0.330917662506653,0.330917662506653,1.33855015548828,-1.33855015548828,0.580473270441426,-0.580473270441426,-1.17518505126839,1.17518505126839,0.395692995527757,-0.395692995527757,-0.547773568121548,0.547773568121548,0.612298769314132,-0.612298769314132,-1.9001909415819,1.9001909415819,0.943647911525168,-0.943647911525168,-0.827137287355295,0.827137287355295,-0.91884940925078,0.91884940925078,0.521617423120374,-0.521617423120374,0.396500487192716,-0.396500487192716,1.14043255738918,-1.14043255738918,0.267373767487678,-0.267373767487678,0.228620788650679,-0.228620788650679,-2.24598809429329,2.24598809429329,-0.377221699701909,0.377221699701909,-0.0039171029163327,0.0039171029163327,1.12665006378111,-1.12665006378111,-1.45853519082103,1.45853519082103,-0.589884491165606,0.589884491165606,-0.997715416091759,0.997715416091759,-0.333532401182896,0.333532401182896,-0.063127205146118,0.063127205146118,-0.281209154182785,0.281209154182785,-0.0247304734862885,0.0247304734862885,-1.62743702874851,1.62743702874851,-0.7368109225627,0.7368109225627,-1.48531178907165,1.48531178907165,-1.12310883617111,1.12310883617111,1.55401089109816,-1.55401089109816,1.23440160500045,-1.23440160500045,2.06342137306372,-2.06342137306372,-0.107381572668619,0.107381572668619,0.962518475335484,-0.962518475335484,0.978271458239714,-0.978271458239714,0.631729785372571,-0.631729785372571,1.25991013417003,-1.25991013417003,-0.618746650836034,0.618746650836034,1.89956345931364,-1.89956345931364,-1.45350321468653,1.45350321468653,-0.284110379045436,0.284110379045436,1.11927747713886,-1.11927747713886,-0.0874029906978893,0.0874029906978893,0.939358621505109,-0.939358621505109,0.757364299907065,-0.757364299907065,1.43063741567446,-1.43063741567446,0.891101334738741,-0.891101334738741,1.23951999891361,-1.23951999891361,0.240316148839928,-0.240316148839928,-0.857405523401307,0.857405523401307,-0.920220951526917,0.920220951526917,-0.947593121243353,0.947593121243353,1.03708750846917,-1.03708750846917,1.36487488557809,-1.36487488557809,-0.00558343106696082,0.00558343106696082,0.146629775799936,-0.146629775799936,-0.883421192720994,0.883421192720994,0.128697521555198,-0.128697521555198,0.156462127078729,-0.156462127078729,1.22661494521409,-1.22661494521409,0.795118284224561,-0.795118284224561,1.38498422420661,-1.38498422420661,-0.794778582340808,0.794778582340808,-0.0645927829830047,0.0645927829830047,0.119716853551428,-0.119716853551428,1.43619136126193,-1.43619136126193,-0.534940933998198,0.534940933998198,0.879156482462018,-0.879156482462018,1.30228951491772,-1.30228951491772,-0.314118283801479,0.314118283801479,0.228127414214869,-0.228127414214869,-0.0793424366806634,0.0793424366806634,-1.11614404447893,1.11614404447893,-0.314773053020186,0.314773053020186,1.62168196199442,-1.62168196199442,-0.687946042773941,0.687946042773941,1.01337705992828,-1.01337705992828,1.19608494661378,-1.19608494661378,-1.20192164971492,1.20192164971492,0.924448026947307,-0.924448026947307,-0.418089904655357,0.418089904655357,-0.874820812431854,0.874820812431854,2.03534387414101,-2.03534387414101,-0.00901563509312746,0.00901563509312746,-0.762356626760024,0.762356626760024,0.918508737096306,-0.918508737096306,-0.211028101898332,0.211028101898332,0.687088957140053,-0.687088957140053,-0.654841335337057,0.654841335337057,1.0629687553119,-1.0629687553119,0.230514555443454,-0.230514555443454,-0.477885687525137,0.477885687525137,-2.05232271053667,2.05232271053667,0.312131709409482,-0.312131709409482,0.728613623650818,-0.728613623650818,1.15174013260042,-1.15174013260042,-1.34068216198827,1.34068216198827,1.17921104014897,-1.17921104014897,-1.39036598780838,1.39036598780838,-0.0550205125732254,0.0550205125732254,-1.28153717431257,1.28153717431257,0.422321885615745,-0.422321885615745,0.989115848091,-0.989115848091,-0.409320761570658,0.409320761570658,-1.24354202455875,1.24354202455875,-0.564467725770994,0.564467725770994,-0.64339801330559,0.64339801330559,0.111525603416182,-0.111525603416182,-0.653093082037451,0.653093082037451,0.276087418702238,-0.276087418702238,-0.752369370308231,0.752369370308231,-0.593135620653685,0.593135620653685,-0.879039889536095,0.879039889536095,0.214060624689401,-0.214060624689401,0.387556507681465,-0.387556507681465,0.951235015943692,-0.951235015943692,0.261506815617162,-0.261506815617162,-0.228718926371593,0.228718926371593,0.35087694680193,-0.35087694680193,-0.701578302900911,0.701578302900911,0.0951594141436303,-0.0951594141436303,-0.417628725041337,0.417628725041337,1.80909254005951,-1.80909254005951,-2.83910619025902,2.83910619025902,-0.336933483947688,0.336933483947688,-0.239438805153137,0.239438805153137,0.198346331704782,-0.198346331704782,-1.1309219178254,1.1309219178254,0.0250944640647202,-0.0250944640647202,1.57358939242871,-1.57358939242871,0.299569347604997,-0.299569347604997,-0.809882676981764,0.809882676981764,0.150995181802647,-0.150995181802647,0.896315857576065,-0.896315857576065,0.298558421516415,-0.298558421516415,-0.210452642347908,0.210452642347908,0.155263408138352,-0.155263408138352,0.417143738029101,-0.417143738029101,-0.33108065683984,0.33108065683984,-1.68730564862446,1.68730564862446,0.209920380388123,-0.209920380388123,-0.141158369381734,0.141158369381734,-0.338272464684251,0.338272464684251,1.88582019988756,-1.88582019988756,-1.98018556803774,1.98018556803774,-0.131275083533306,0.131275083533306,-1.29279604806896,1.29279604806896,-2.82879512858157,2.82879512858157,0.551597891002,-0.551597891002,-1.37100329024001,1.37100329024001,-0.868271236548158,0.868271236548158,-2.29882778503052,2.29882778503052,0.854877782025266,-0.854877782025266,-0.65495755282965,0.65495755282965,-0.839866886713508,0.839866886713508,-0.731822013309355,0.731822013309355,0.260409671355153,-0.260409671355153,-0.425967799915811,0.425967799915811,1.09848972018897,-1.09848972018897,0.223982857609536,-0.223982857609536,-0.81549680455935,0.81549680455935,0.847901947969288,-0.847901947969288,-0.675130942982893,0.675130942982893,-0.107014466681136,0.107014466681136,-0.496835112608658,0.496835112608658,0.65839804931194,-0.65839804931194,-1.46127408945595,1.46127408945595,-0.732816771376131,0.732816771376131,0.00739411090595258,-0.00739411090595258,-0.626973172751861,0.626973172751861,-1.06279311620488,1.06279311620488,1.51946978853836,-1.51946978853836,0.675189014206435,-0.675189014206435,-0.142033255644979,0.142033255644979,-0.982394904851076,0.982394904851076,-0.411971309324214,0.411971309324214,0.288510577005343,-0.288510577005343,-0.798275094744854,0.798275094744854,-0.978774503346869,0.978774503346869,-0.131526722697232,0.131526722697232,-0.646250160086341,0.646250160086341,-0.58521746016119,0.58521746016119,1.20988958282619,-1.20988958282619,0.604352817482592,-0.604352817482592,-1.59962039485723,1.59962039485723,-1.17909588367891,1.17909588367891,0.733604979930606,-0.733604979930606,-1.86809469619755,1.86809469619755,-0.299703794958585,0.299703794958585,1.20914587597181,-1.20914587597181,-2.0626197308152,2.0626197308152,-0.467853023256845,0.467853023256845,0.832059580209656,-0.832059580209656,0.354071650062348,-0.354071650062348,0.710601873508358,-0.710601873508358,0.598575295093835,-0.598575295093835,-1.30407800064943,1.30407800064943,2.09279842731578,-2.09279842731578,-1.60085165810257,1.60085165810257,0.93139256002271,-0.93139256002271,-1.64549837957583,1.64549837957583,-0.291130357578306,0.291130357578306,-0.883090972929332,0.883090972929332,0.685943978350411,-0.685943978350411,-0.323337705655896,0.323337705655896,-0.867031001585517,0.867031001585517,-1.05480374374882,1.05480374374882,-0.173039495457062,0.173039495457062,-2.44877436878456,2.44877436878456,-1.84824167628602,1.84824167628602,-1.66739443611039,1.66739443611039,0.0573123160365239,-0.0573123160365239,-0.0748664015715459,0.0748664015715459,-0.741749020623849,0.741749020623849,0.925236361411848,-0.925236361411848,0.52102135210048,-0.52102135210048,0.111428262995831,-0.111428262995831,-1.25364090506098,1.25364090506098,1.25324752704639,-1.25324752704639,0.193351674623125,-0.193351674623125,1.2433224847481,-1.2433224847481,-0.796048079780306,0.796048079780306,0.83386535970268,-0.83386535970268,-2.49074431083624,2.49074431083624,0.376032708529479,-0.376032708529479,1.07336194817376,-1.07336194817376,-1.16332419669319,1.16332419669319,1.65397130253759,-1.65397130253759,-0.827055185331252,0.827055185331252,0.308065424963314,-0.308065424963314,1.13433510375659,-1.13433510375659,-0.592933429817725,0.592933429817725,-0.813085878223662,0.813085878223662,0.12178534918075,-0.12178534918075,0.547244428553432,-0.547244428553432,2.85845040494952,-2.85845040494952,-1.60727740840423,1.60727740840423,0.541304001456379,-0.541304001456379,0.23160976637555,-0.23160976637555,-0.0211882479494067,0.0211882479494067,0.966150649052844,-0.966150649052844,0.0254017911237257,-0.0254017911237257,0.372579483021057,-0.372579483021057,0.865297437726395,-0.865297437726395,0.394759814445664,-0.394759814445664,-0.0715772172989527,0.0715772172989527,-0.607082581796849,0.607082581796849,0.956735499288497,-0.956735499288497,-0.416822157190229,0.416822157190229,-0.685399822453012,0.685399822453012,1.47474502065772,-1.47474502065772,-0.440104014620359,0.440104014620359,-0.727280179511756,0.727280179511756,-1.06138967483924,1.06138967483924,-0.588878299259562,0.588878299259562,0.566804170422269,-0.566804170422269,0.510662195025031,-0.510662195025031,0.87123570877265,-0.87123570877265,-1.13983883628319,1.13983883628319,0.00594992687727266,-0.00594992687727266,-0.570617820813244,0.570617820813244,0.0199460367815899,-0.0199460367815899,-1.21976131104815,1.21976131104815,0.589017934658074,-0.589017934658074,0.00455547916793086,-0.00455547916793086,1.24625993226657,-1.24625993226657,-0.134782288724216,0.134782288724216,0.91163266610354,-0.91163266610354,-0.224728611105608,0.224728611105608,1.15945344158949,-1.15945344158949,-0.296113585190145,0.296113585190145,0.0504321932704121,-0.0504321932704121,0.140180655440245,-0.140180655440245,0.366665248552878,-0.366665248552878,0.0160775819167083,-0.0160775819167083,1.23489311420791,-1.23489311420791,-0.881888823296949,0.881888823296949,1.830550666293,-1.830550666293,-0.732741382920835,0.732741382920835,0.654656742922001,-0.654656742922001,-0.118124227231505,0.118124227231505,0.867977764062329,-0.867977764062329,1.65543308516265,-1.65543308516265,-1.10410503924931,1.10410503924931,0.840314991404004,-0.840314991404004,-0.0287717800406223,0.0287717800406223,-0.188969179402466,0.188969179402466,-0.650826123147352,0.650826123147352,0.756343212547213,-0.756343212547213,0.552243044678265,-0.552243044678265,-0.216330980717115,0.216330980717115,-0.480454488673211,0.480454488673211,-1.94342452866478,1.94342452866478,-0.0409699097505717,0.0409699097505717,0.51677778810126,-0.51677778810126,0.594095390446387,-0.594095390446387,-0.65549997461623,0.65549997461623,-0.0615435941136515,0.0615435941136515,1.03285180313441,-1.03285180313441,1.11617418782563,-1.11617418782563,-0.731728115570951,0.731728115570951,-1.09468899704588,1.09468899704588,-0.156583133358757,0.156583133358757,0.983736755684038,-0.983736755684038,-0.325340775689812,0.325340775689812,0.441662175282753,-0.441662175282753,0.488858121155419,-0.488858121155419,0.155261861217861,-0.155261861217861,-0.192191706098983,0.192191706098983,0.565076291641152,-0.565076291641152,-1.65402290132652,1.65402290132652,0.956959620225398,-0.956959620225398,0.0662892467377991,-0.0662892467377991,1.11187933123178,-1.11187933123178,1.43256483676465,-1.43256483676465,-0.766977862970055,0.766977862970055,-0.124588210386666,0.124588210386666,0.518152751298159,-0.518152751298159,-0.301702802203411,0.301702802203411,0.774247549450232,-0.774247549450232,0.391095771686188,-0.391095771686188,1.11214418392412,-1.11214418392412,-1.50960092960202,1.50960092960202,-1.77093045212372,1.77093045212372,1.14174184385827,-1.14174184385827,-0.24096098073667,0.24096098073667,0.0250415846158953,-0.0250415846158953,0.446497508465512,-0.446497508465512,-0.873133588039422,0.873133588039422,1.08182268053394,-1.08182268053394,-1.14181973051665,1.14181973051665,-0.638021594539089,0.638021594539089,-0.798610193509432,0.798610193509432,-1.51621822842213,1.51621822842213,-0.670215208592098,0.670215208592098,0.667850708308027,-0.667850708308027,0.294320795888722,-0.294320795888722,-1.03372040966534,1.03372040966534,0.114257378162545,-0.114257378162545,-1.999762140252,1.999762140252,-0.542413468991788,0.542413468991788,1.47441665312514,-1.47441665312514,1.98469955857052,-1.98469955857052,0.217005509741696,-0.217005509741696,0.786337023587139,-0.786337023587139,2.07126105146137,-2.07126105146137,-0.378701733827087,0.378701733827087,-0.314110210278737,0.314110210278737,-2.0432195629086,2.0432195629086,-0.286390928870288,0.286390928870288,-0.734357002713274,0.734357002713274,0.817891957915513,-0.817891957915513,1.11613049346,-1.11613049346,-0.150762869012712,0.150762869012712,1.14470583695495,-1.14470583695495,-0.595047022390602,0.595047022390602,1.49507683456551,-1.49507683456551,1.51881315533682,-1.51881315533682,-1.17010911212104,1.17010911212104,0.127612419847215,-0.127612419847215,-0.278119618384142,0.278119618384142,1.51459542038876,-1.51459542038876,-1.46242300323185,1.46242300323185,0.973641754539689,-0.973641754539689,-2.13916027216839,2.13916027216839,-1.09822402392689,1.09822402392689,-1.54461122492303,1.54461122492303,-0.725761613976095,0.725761613976095,0.765487934871808,-0.765487934871808,-0.564686208358799,0.564686208358799,-0.879807625817773,0.879807625817773,-0.302913749264984,0.302913749264984,-0.819129470131476,0.819129470131476,-0.505909069171246,0.505909069171246,0.346931436456759,-0.346931436456759,-1.70611528279313,1.70611528279313,-0.361547870273086,0.361547870273086,1.07617728281427,-1.07617728281427,1.03232342267554,-1.03232342267554,-0.529354066864239,0.529354066864239,-1.68525138500461,1.68525138500461,0.197336682626162,-0.197336682626162,1.17005679416481,-1.17005679416481,-0.214654437657279,0.214654437657279,0.36015787340568,-0.36015787340568,0.115526565088135,-0.115526565088135,1.0477902071284,-1.0477902071284,0.409618039755778,-0.409618039755778,-0.190759140640476,0.190759140640476,-0.572251723700983,0.572251723700983,-0.0156178695057354,0.0156178695057354,-0.0842739152008882,0.0842739152008882,0.584587722438877,-0.584587722438877,0.454618725008511,-0.454618725008511,0.322894859587519,-0.322894859587519,-0.703740849901317,0.703740849901317,1.63587262214998,-1.63587262214998,0.134768981431826,-0.134768981431826,-0.862350252570827,0.862350252570827,-0.689150047520852,0.689150047520852,0.504353492291778,-0.504353492291778,0.150803192626945,-0.150803192626945,-0.0723116194121516,0.0723116194121516,-0.383855261276661,0.383855261276661,-0.455479064752244,0.455479064752244,-1.83067159022272,1.83067159022272,-0.00700626629406818,0.00700626629406818,-1.04421813022184,1.04421813022184,0.0360459533552975,-0.0360459533552975,1.06719883542467,-1.06719883542467,-0.16371991018295,0.16371991018295,0.357393561250229,-0.357393561250229,-2.15944336790863,2.15944336790863,0.270139084824354,-0.270139084824354,0.916760479555943,-0.916760479555943,1.52549152723894,-1.52549152723894,1.35368582623368,-1.35368582623368,-1.49632209199042,1.49632209199042,-1.24075119058038,1.24075119058038,1.21745276435939,-1.21745276435939,0.978321008178626,-0.978321008178626,0.995701084616127,-0.995701084616127,-2.01490888299281,2.01490888299281,0.0146851108921619,-0.0146851108921619,1.20923930117429,-1.20923930117429,-0.180661567728238,0.180661567728238,0.226909692643029,-0.226909692643029,0.263751354939497,-0.263751354939497,0.805840172039231,-0.805840172039231,-0.320890589622254,0.320890589622254,-0.478094046764146,0.478094046764146,0.5332529966901,-0.5332529966901,1.82241719112173,-1.82241719112173,1.60129165217398,-1.60129165217398,-0.756046270307839,0.756046270307839,-0.414309202397797,0.414309202397797,-1.1925723174748,1.1925723174748,-1.30018823355395,1.30018823355395,-1.69705211939417,1.69705211939417,0.835623193823164,-0.835623193823164,0.459947104862731,-0.459947104862731,-0.362788507422878,0.362788507422878,0.797136156650337,-0.797136156650337,-0.0469767036371503,0.0469767036371503,0.506452924241263,-0.506452924241263,-1.01573952217216,1.01573952217216,0.152409929611919,-0.152409929611919,0.590092716504588,-0.590092716504588,-0.173468644905126,0.173468644905126,-0.590822254398867,0.590822254398867,0.00583053420862901,-0.00583053420862901,-0.883802293602496,0.883802293602496,1.72279369121667,-1.72279369121667,-0.0505845054638749,0.0505845054638749,-0.684844183944536,0.684844183944536,-2.32470359043328,2.32470359043328,1.23986212315418,-1.23986212315418,-0.671693940589463,0.671693940589463,-0.286680494782532,0.286680494782532,0.0555289461788638,-0.0555289461788638,0.564379164046236,-0.564379164046236,-1.18133298742581,1.18133298742581,1.00625518858766,-1.00625518858766,0.545064351760971,-0.545064351760971,0.837444282748026,-0.837444282748026,0.120144799327146,-0.120144799327146,-0.716028275431671,0.716028275431671,1.65132060772636,-1.65132060772636,-0.684363621404568,0.684363621404568,-1.37010272723447,1.37010272723447,-0.618639467105472,0.618639467105472,-0.400701159654401,0.400701159654401,1.08436508822857,-1.08436508822857,1.43022696478074,-1.43022696478074,1.01019195479822,-1.01019195479822,0.411205927166062,-0.411205927166062,0.583053160642586,-0.583053160642586,0.255171185325323,-0.255171185325323,-0.227155899315518,0.227155899315518,-1.02048261857388,1.02048261857388,0.698232074029116,-0.698232074029116,0.08637632232627,-0.08637632232627,0.524638640555202,-0.524638640555202,0.811285044886949,-0.811285044886949,-0.154785999421329,0.154785999421329,-0.506721440592462,0.506721440592462,-0.207892057383252,0.207892057383252,-0.857619130952464,0.857619130952464,-0.194236228069592,0.194236228069592,1.50587994343844,-1.50587994343844,-0.284972634789986,0.284972634789986,1.3047100118963,-1.3047100118963,0.160317671039607,-0.160317671039607,-0.217434422764685,0.217434422764685,-0.698130292030486,0.698130292030486,0.205187546570046,-0.205187546570046,-1.03549959830118,1.03549959830118,-0.77390278836869,0.77390278836869,0.705941406584063,-0.705941406584063,0.576728378423457,-0.576728378423457,0.43382179939608,-0.43382179939608,2.03496435180735,-2.03496435180735,0.354228041882392,-0.354228041882392,0.170785879629515,-0.170785879629515,0.0994014833919596,-0.0994014833919596,1.23043098006246,-1.23043098006246,-0.294121010248412,0.294121010248412,-1.21745911173656,1.21745911173656,0.170122247190515,-0.170122247190515,-1.75847244704762,1.75847244704762,0.277168630420217,-0.277168630420217,-0.5985978951257,0.5985978951257,0.25329662991018,-0.25329662991018,0.000173823903823419,-0.000173823903823419,0.610758390897006,-0.610758390897006,0.915686263725289,-0.915686263725289,1.28888269325685,-1.28888269325685,-0.671895796549762,0.671895796549762,-0.477411986604064,0.477411986604064,-0.187049857333869,0.187049857333869,0.51315788049431,-0.51315788049431,0.213481485445831,-0.213481485445831,-0.710523190300556,0.710523190300556,-0.574110011145738,0.574110011145738,2.08906385669312,-2.08906385669312,1.84937853856924,-1.84937853856924,-0.107765059330433,0.107765059330433,-0.328110679142524,0.328110679142524,-1.16451072899864,1.16451072899864,0.992045479022458,-0.992045479022458,0.371251918961278,-0.371251918961278,-0.417898098224372,0.417898098224372,-1.40976076297844,1.40976076297844,0.210262349394416,-0.210262349394416,0.245373319507956,-0.245373319507956,0.181049569598784,-0.181049569598784,0.156542126234946,-0.156542126234946,-0.246652557668444,0.246652557668444,-0.770594600944736,0.770594600944736,1.56544206526223,-1.56544206526223,0.271065875035821,-0.271065875035821,-1.23654630798738,1.23654630798738,1.40776565806639,-1.40776565806639,1.46881491137745,-1.46881491137745,-1.37000346999087,1.37000346999087,0.409970990109,-0.409970990109,1.12065000382828,-1.12065000382828,-1.68332905304649,1.68332905304649,1.76068266923883,-1.76068266923883,0.562167308929255,-0.562167308929255,1.41786444796195,-1.41786444796195,1.01087583578794,-1.01087583578794,-0.564905288055075,0.564905288055075,1.0555056503664,-1.0555056503664,1.46708588703798,-1.46708588703798,-0.514515937974212,0.514515937974212,-1.23877059036981,1.23877059036981,0.255908669968402,-0.255908669968402,0.346462658328387,-0.346462658328387,0.143767925605539,-0.143767925605539,-0.655521946141121,0.655521946141121,-0.021098643262337,0.021098643262337,-0.156370756519915,0.156370756519915,-1.09970963580721,1.09970963580721,-0.449219635259266,0.449219635259266,-1.81027545467224,1.81027545467224,-0.145492697812537,0.145492697812537,1.18230566569946,-1.18230566569946,1.39397213138907,-1.39397213138907,1.16190548903793,-1.16190548903793,-0.420859796323305,0.420859796323305,-0.281236478412556,0.281236478412556,-2.24627872104627,2.24627872104627,0.0699763019162524,-0.0699763019162524,-1.22502829517102,1.22502829517102,0.796382131883844,-0.796382131883844,-0.54097114293373,0.54097114293373,-0.910938968040714,0.910938968040714,-0.505899018895072,0.505899018895072,0.44106011755766,-0.44106011755766,0.97502898263738,-0.97502898263738,0.831213806390248,-0.831213806390248,-0.363273884561044,0.363273884561044,-0.10308947063454,0.10308947063454,-0.333382180721791,0.333382180721791,-0.616063626424752,0.616063626424752,-0.0600083614129927,0.0600083614129927,-1.33811606917254,1.33811606917254,1.49336466779271,-1.49336466779271,-0.10715785643912,0.10715785643912,-0.25934443967397,0.25934443967397,-0.472338103049396,0.472338103049396,-0.199240678112587,0.199240678112587,0.75010989158179,-0.75010989158179,0.606744592424324,-0.606744592424324,-0.353161190656621,0.353161190656621,-0.883632047410255,0.883632047410255,1.90085199883997,-1.90085199883997,-1.10445988676526,1.10445988676526,0.0810537371982337,-0.0810537371982337,-1.56693082599625,1.56693082599625,-0.274146263410069,0.274146263410069,-0.00110311497240055,0.00110311497240055,1.0674771931143,-1.0674771931143,-1.28890347874377,1.28890347874377,-1.97695505503847,1.97695505503847,0.222304016796812,-0.222304016796812,0.0890024863776247,-0.0890024863776247,-0.60988093550953,0.60988093550953,-1.15627007415833,1.15627007415833,0.450803606310506,-0.450803606310506,-1.20167980649937,1.20167980649937,1.42534469857966,-1.42534469857966,0.161596263744451,-0.161596263744451,0.136846958655485,-0.136846958655485,0.0720922932916476,-0.0720922932916476,-0.710149721718961,0.710149721718961,-1.76040973696335,1.76040973696335,0.393000796214746,-0.393000796214746,-0.0558216848854294,0.0558216848854294,0.293657266297074,-0.293657266297074,-0.691186917233813,0.691186917233813,0.855591908203503,-0.855591908203503,0.193739521996932,-0.193739521996932,0.728913668722848,-0.728913668722848,1.29307339729599,-1.29307339729599,0.567896655544526,-0.567896655544526,-1.62979550357618,1.62979550357618,1.43953034145023,-1.43953034145023,0.384415166153047,-0.384415166153047,-0.26619221614903,0.26619221614903,-0.371003561229188,0.371003561229188,0.272782944104777,-0.272782944104777,0.753806260832463,-0.753806260832463,-0.689539819313116,0.689539819313116,-0.428279050964652,0.428279050964652,-0.202702531409116,0.202702531409116,-1.03273117546406,1.03273117546406,-0.183864448985153,0.183864448985153,-1.2269765397191,1.2269765397191,-1.29722860014462,1.29722860014462,0.603546137586538,-0.603546137586538,0.640047093329539,-0.640047093329539,-0.69606330467014,0.69606330467014,0.874015795425867,-0.874015795425867,-0.00950598977654937,0.00950598977654937,-0.250329465016359,0.250329465016359,-1.32793040241162,1.32793040241162,-1.53053948201859,1.53053948201859,-1.14015042075713,1.14015042075713,0.894831541992819,-0.894831541992819,0.662418321479074,-0.662418321479074,0.35923136128017,-0.35923136128017,2.71811315648266,-2.71811315648266,0.394983603605144,-0.394983603605144,0.203508459076507,-0.203508459076507,0.795250136824607,-0.795250136824607,-1.04194889159416,1.04194889159416,-1.2215573153045,1.2215573153045,1.19909640315285,-1.19909640315285,-0.501804091294386,0.501804091294386,-1.80254369100426,1.80254369100426,-1.85150849768075,1.85150849768075,0.0749877444175322,-0.0749877444175322,-0.274317392315146,0.274317392315146,-0.253532066214371,0.253532066214371,0.583761477494607,-0.583761477494607,0.589078784815367,-0.589078784815367,0.0723125205593857,-0.0723125205593857,-1.2826529281228,1.2826529281228,-2.30027292777894,2.30027292777894,2.65342994301125,-2.65342994301125,0.115576191080214,-0.115576191080214,-1.28891059524805,1.28891059524805,1.31183693028903,-1.31183693028903,1.43575437372769,-1.43575437372769,-0.24103388059907,0.24103388059907,0.453047657699453,-0.453047657699453,0.558607401923389,-0.558607401923389,-0.729183564496665,0.729183564496665,-0.259382070676112,0.259382070676112,-1.58193138683931,1.58193138683931,2.0980218265578,-2.0980218265578,0.00999762292625229,-0.00999762292625229,0.218812190404031,-0.218812190404031,-0.42007451740204,0.42007451740204,-0.547098832769772,0.547098832769772,0.178193885033764,-0.178193885033764,0.495243630570154,-0.495243630570154,-0.469362715369863,0.469362715369863,-0.880524414477519,0.880524414477519,-0.916924962143808,0.916924962143808,0.759670689258007,-0.759670689258007,0.0755991575272222,-0.0755991575272222,-1.39606281965866,1.39606281965866,-1.35991541413192,1.35991541413192,0.403493561087287,-0.403493561087287,0.885458875632938,-0.885458875632938,0.788491687586575,-0.788491687586575,1.03419196049722,-1.03419196049722,-0.0552738061920753,0.0552738061920753,0.409836674714553,-0.409836674714553,-0.108891738479751,0.108891738479751,0.103848180387088,-0.103848180387088,0.393088439964062,-0.393088439964062,0.870630994444788,-0.870630994444788,0.498804180804143,-0.498804180804143,1.8465307725978,-1.8465307725978,-0.642834563506191,0.642834563506191,0.363468870282668,-0.363468870282668,-0.355395721490996,0.355395721490996,-0.693672681753041,0.693672681753041,0.43550117428757,-0.43550117428757,0.988358314770653,-0.988358314770653,0.139397489074609,-0.139397489074609,0.267818771771946,-0.267818771771946,-0.0631340018846189,0.0631340018846189,-0.305235731961421,0.305235731961421,-0.423968205395017,0.423968205395017,-1.03709262403468,1.03709262403468,-2.31934155790736,2.31934155790736,-0.341938435582151,0.341938435582151,0.922127095104021,-0.922127095104021,0.819862009491523,-0.819862009491523,0.614077151178481,-0.614077151178481,-0.116236912094501,0.116236912094501,-0.453038478624986,0.453038478624986,0.318273701739911,-0.318273701739911,0.984678878817654,-0.984678878817654,0.0515141582676328,-0.0515141582676328,-0.49935569010198,0.49935569010198,0.891831730783806,-0.891831730783806,1.16324554898196,-1.16324554898196,-0.884810825046205,0.884810825046205,0.861843014284428,-0.861843014284428,1.03709183165079,-1.03709183165079,-1.08032619555022,1.08032619555022,-0.116095205728895,0.116095205728895,1.01104288192349,-1.01104288192349,-0.175564647300637,0.175564647300637,1.8044911926897,-1.8044911926897,-1.46424014862085,1.46424014862085,-0.0296219897614501,0.0296219897614501,0.658629460146321,-0.658629460146321,0.0172921585814466,-0.0172921585814466,-0.782616990352588,0.782616990352588,0.648731505489853,-0.648731505489853,-0.350726261998167,0.350726261998167,0.638509125082383,-0.638509125082383,-1.80342924067804,1.80342924067804,1.15978772423242,-1.15978772423242,0.734983487169725,-0.734983487169725,-0.821999256963745,0.821999256963745,2.63603080488784,-2.63603080488784,-0.22954703925465,0.22954703925465,-0.928080847928479,0.928080847928479,-0.68753073975521,0.68753073975521,-0.112655795937718,0.112655795937718,-1.28928088094615,1.28928088094615,0.114108491375823,-0.114108491375823,-2.21456827029722,2.21456827029722,0.333404762181906,-0.333404762181906,-0.583779540286015,0.583779540286015,0.179714709314288,-0.179714709314288,-0.812342544578634,0.812342544578634,0.427382294605665,-0.427382294605665,-0.598643898383716,0.598643898383716,0.38171121126314,-0.38171121126314,-1.58459484833437,1.58459484833437,1.59437718094123,-1.59437718094123,1.23504124224012,-1.23504124224012,0.42501554025832,-0.42501554025832,-0.673099613028034,0.673099613028034,0.414754401327269,-0.414754401327269,0.0182948485180974,-0.0182948485180974,-0.107799927327378,0.107799927327378,-0.0297626391497811,0.0297626391497811,-1.17770020091977,1.17770020091977,-0.354843154919844,0.354843154919844,-0.309514319265188,0.309514319265188,-0.200733477850762,0.200733477850762,-1.28774110581377,1.28774110581377,0.320586536725844,-0.320586536725844,0.530403853128605,-0.530403853128605,0.972818633850125,-0.972818633850125,-0.528490580499943,0.528490580499943,-0.450586409979809,0.450586409979809,0.641219098706231,-0.641219098706231,-0.520009956406737,0.520009956406737,-0.792459901042582,0.792459901042582,0.0867564709947701,-0.0867564709947701,-0.0200654820738668,0.0200654820738668,-1.76151383101782,1.76151383101782,-0.534450423411057,0.534450423411057,1.242427228683,-1.242427228683,-0.189453505092662,0.189453505092662,-0.203925355383301,0.203925355383301,-0.925565289894013,0.925565289894013,0.719547957473692,-0.719547957473692,-0.595610588804348,0.595610588804348,-0.283964977004574,0.283964977004574,1.70675586485728,-1.70675586485728,-0.0263245025517395,0.0263245025517395,1.48727057170679,-1.48727057170679,-0.481779154627772,0.481779154627772,-1.48168572493297,1.48168572493297,-0.265069641912553,0.265069641912553,0.319419152146652,-0.319419152146652,0.348301077445058,-0.348301077445058,0.399724507879272,-0.399724507879272,-0.330279698602249,0.330279698602249,-0.959024835281246,0.959024835281246,0.312412532367367,-0.312412532367367,0.333040491671133,-0.333040491671133,1.00758045031173,-1.00758045031173,-0.0409909309832692,0.0409909309832692,0.884659899002431,-0.884659899002431,0.230909843080131,-0.230909843080131,0.583570778964014,-0.583570778964014,0.508498544122921,-0.508498544122921,1.36458240093168,-1.36458240093168,-0.842932856299416,0.842932856299416,1.05209018274158,-1.05209018274158,0.553410185107822,-0.553410185107822,0.022594032338135,-0.022594032338135,1.93498536418687,-1.93498536418687,-0.951510883676839,0.951510883676839,0.361762278943758,-0.361762278943758,0.3886267491644,-0.3886267491644,1.60950441303415,-1.60950441303415,-1.18042842480455,1.18042842480455,0.23610346803075,-0.23610346803075,0.508799125679196,-0.508799125679196,-0.767779939125804,0.767779939125804,0.680751867213462,-0.680751867213462,2.22277383945967,-2.22277383945967,0.04383608133435,-0.04383608133435,0.495512606955692,-0.495512606955692,2.76577025686306,-2.76577025686306,0.704543604699027,-0.704543604699027,-2.33065165218629,2.33065165218629,0.0817215544205257,-0.0817215544205257,0.587803839820603,-0.587803839820603,0.38058426837651,-0.38058426837651,-1.36286908630092,1.36286908630092,0.581567863510381,-0.581567863510381,-3.67603029272319,3.67603029272319,0.871579724640749,-0.871579724640749,0.465119567640406,-0.465119567640406,1.02346598704847,-1.02346598704847,1.09524904142701,-1.09524904142701,-1.32414783324601,1.32414783324601,-1.38082348371214,1.38082348371214,0.754439380514137,-0.754439380514137,-0.309232848778849,0.309232848778849,0.45398576039572,-0.45398576039572,0.435568486963657,-0.435568486963657,-0.200345127449213,0.200345127449213,-2.04583991488653,2.04583991488653,0.672895997238203,-0.672895997238203,0.0259404780482886,-0.0259404780482886,2.58597068347495,-2.58597068347495,0.67959383473633,-0.67959383473633,-1.37884205778725,1.37884205778725,-1.01426587503454,1.01426587503454,-0.180913943587746,0.180913943587746,0.0709765381132201,-0.0709765381132201,-0.841393923439226,0.841393923439226,1.38953411097741,-1.38953411097741,-0.360739896685558,0.360739896685558,0.813293108763555,-0.813293108763555,0.0349855491240602,-0.0349855491240602,0.14071876876055,-0.14071876876055,-0.160742724837866,0.160742724837866,2.09626103702352,-2.09626103702352,0.0418182083094433,-0.0418182083094433,0.877767260750249,-0.877767260750249,0.484448787455105,-0.484448787455105,1.47550290656805,-1.47550290656805,0.0200372837647236,-0.0200372837647236,2.55511241985778,-2.55511241985778,-0.420635762731912,0.420635762731912,-0.740560123121218,0.740560123121218,-0.390981014341746,0.390981014341746,-0.369161472997042,0.369161472997042,-2.14216402377057,2.14216402377057,0.966933557026414,-0.966933557026414,-0.904228901223111,0.904228901223111,0.200980357383305,-0.200980357383305,0.915580497098527,-0.915580497098527,0.233505677298699,-0.233505677298699,3.17028641390971,-3.17028641390971,0.578365257076889,-0.578365257076889,1.37352088641629,-1.37352088641629,-0.344831291004525,0.344831291004525,1.06190266710616,-1.06190266710616,1.86059648864034,-1.86059648864034,1.91320655064712,-1.91320655064712,1.33852688612718,-1.33852688612718,-0.651473641681695,0.651473641681695,-1.07501333505056,1.07501333505056,0.692828813674244,-0.692828813674244,0.268774604455626,-0.268774604455626,0.592787927191418,-0.592787927191418,0.380651456428561,-0.380651456428561,-0.55283853855113,0.55283853855113,-0.351114212766768,0.351114212766768,-1.11816125974691,1.11816125974691,-0.184038668089077,0.184038668089077,0.483803948628765,-0.483803948628765,-0.114742069093887,0.114742069093887,-0.316314242218771,0.316314242218771,-0.198486872589546,0.198486872589546,1.1997053369161,-1.1997053369161,-0.464721390964698,0.464721390964698,-0.0458189067501837,0.0458189067501837,1.10787346342297,-1.10787346342297,0.0354177017929775,-0.0354177017929775,1.05417476228055,-1.05417476228055,-0.161506939209261,0.161506939209261,0.541295580679982,-0.541295580679982,0.310881699339475,-0.310881699339475,1.36724752221119,-1.36724752221119,-1.09719811033453,1.09719811033453,-0.83292353896061,0.83292353896061,0.61824559802773,-0.61824559802773,-0.463386400881606,0.463386400881606,1.47236915056524,-1.47236915056524,-0.921300351353384,0.921300351353384,-0.445789836114707,0.445789836114707,-0.172634472492485,0.172634472492485,-1.14207372657382,1.14207372657382,-0.208759653613438,0.208759653613438,-0.889673118959448,0.889673118959448,1.40721945955162,-1.40721945955162,0.305708785904143,-0.305708785904143,0.0566071073045097,-0.0566071073045097,-0.92966009180647,0.92966009180647,-1.99310245682209,1.99310245682209,-0.0070757210579507,0.0070757210579507,0.786731381601469,-0.786731381601469,-0.0404847710745636,0.0404847710745636,0.65523812149042,-0.65523812149042,-0.275667370419976,0.275667370419976,0.65263839342985,-0.65263839342985,-1.01085963452032,1.01085963452032,0.826776441458118,-0.826776441458118,-0.582331551983361,0.582331551983361,0.224573941285038,-0.224573941285038,-1.00547087726845,1.00547087726845,1.81487712857508,-1.81487712857508,-0.503565249020241,0.503565249020241,-0.496854790354368,0.496854790354368,0.0943623577524805,-0.0943623577524805,-0.116862378093664,0.116862378093664,0.165722171695357,-0.165722171695357,0.0856470909207715,-0.0856470909207715,-1.06168137717647,1.06168137717647,1.36695828586885,-1.36695828586885,-1.8315739579337,1.8315739579337,-1.16597109746494,1.16597109746494,-0.938360994112613,0.938360994112613,0.22772178525303,-0.22772178525303,0.550809388876511,-0.550809388876511,0.920737370190789,-0.920737370190789,0.775091377067519,-0.775091377067519,0.415865295832601,-0.415865295832601,-0.0928933554840493,0.0928933554840493,1.92016160009042,-1.92016160009042,0.217507899298217,-0.217507899298217,0.912106152841812,-0.912106152841812,-0.341248772569136,0.341248772569136,0.110319400454202,-0.110319400454202,-0.116375622107159,0.116375622107159,-0.126314285889666,0.126314285889666,-0.645174233243285,0.645174233243285,3.62749687827599,-3.62749687827599,-0.576240295435401,0.576240295435401,-0.422223234886387,0.422223234886387,0.103633390074853,-0.103633390074853,0.674037878822898,-0.674037878822898,1.66314554519607,-1.66314554519607,2.24439038637837,-2.24439038637837,1.05501591850279,-1.05501591850279,1.82538637845374,-1.82538637845374,-0.0969858712089033,0.0969858712089033,0.807856750449549,-0.807856750449549,1.30029877692403,-1.30029877692403,-0.560461521390427,0.560461521390427,0.0753815859073648,-0.0753815859073648,-0.240301274231233,0.240301274231233,-0.466638186081186,0.466638186081186,-0.090516333916653,0.090516333916653,0.210121103566153,-0.210121103566153,0.319318715850344,-0.319318715850344,1.05706455999734,-1.05706455999734,0.945047744816938,-0.945047744816938,1.2407828287154,-1.2407828287154,-0.135860567753982,0.135860567753982,1.96976491721297,-1.96976491721297,0.797494282218454,-0.797494282218454,0.856989962855082,-0.856989962855082,-0.896350184319613,0.896350184319613,1.64740056517834,-1.64740056517834,0.859141859455434,-0.859141859455434,-0.975444904445265,0.975444904445265,-0.571312549914341,0.571312549914341,-1.02922715147547,1.02922715147547,-0.587437295846419,0.587437295846419,0.192324531421689,-0.192324531421689,-0.504324835123258,0.504324835123258,-1.67602703364179,1.67602703364179,0.756264818804975,-0.756264818804975,-0.456011857651239,0.456011857651239,0.255512174626847,-0.255512174626847,-0.392046872284287,0.392046872284287,0.302062309971848,-0.302062309971848,-0.0678768451958134,0.0678768451958134,-2.23652403432943,2.23652403432943,2.82235826407421,-2.82235826407421,-0.434872197999965,0.434872197999965,-0.6749397421731,0.6749397421731,-1.48624065433318,1.48624065433318,0.144951526867174,-0.144951526867174,0.942089946731587,-0.942089946731587,-0.165743113770407,0.165743113770407,-0.673935296506997,0.673935296506997,-0.629339760463664,0.629339760463664,0.886541671830567,-0.886541671830567,0.273700438446053,-0.273700438446053,-2.20921809748896,2.20921809748896,1.31235535575379,-1.31235535575379,-2.09535321959963,2.09535321959963,-1.13292274067993,1.13292274067993,-0.152662121344497,0.152662121344497,-0.300328125425775,0.300328125425775,0.550824811074101,-0.550824811074101,0.829595434898947,-0.829595434898947,-0.651161551594773,0.651161551594773,1.02279780744814,-1.02279780744814,-0.106086743994377,0.106086743994377,-2.21562456405231,2.21562456405231,-1.16502364929051,1.16502364929051,0.927254485268357,-0.927254485268357,1.1842466802828,-1.1842466802828,0.528948025008146,-0.528948025008146,2.27523093556014,-2.27523093556014,0.232307438599169,-0.232307438599169,-0.264530481367392,0.264530481367392,0.915812680107326,-0.915812680107326,0.969827249308452,-0.969827249308452,-0.803852986748064,0.803852986748064,1.04798625055884,-1.04798625055884,-0.443280252250095,0.443280252250095,0.242096176040968,-0.242096176040968,-0.125887988331662,0.125887988331662,0.669361547721444,-0.669361547721444,0.61159284420613,-0.61159284420613,0.216906265299487,-0.216906265299487,0.91127199312933,-0.91127199312933,-0.290355402455661,0.290355402455661,-0.85553956548714,0.85553956548714,-2.40735941568951,2.40735941568951,-0.0971721595004536,0.0971721595004536,-0.101847845306816,0.101847845306816,-0.93137442514699,0.93137442514699,-0.445032313021878,0.445032313021878,-0.679048893891802,0.679048893891802,-0.269848260380968,0.269848260380968,-0.500977809143419,0.500977809143419,-0.578987910688152,0.578987910688152,-1.27106456744714,1.27106456744714,0.852264730342207,-0.852264730342207,0.0300052078603282,-0.0300052078603282,-2.04938654687112,2.04938654687112,1.43447146663207,-1.43447146663207,0.513648828210909,-0.513648828210909,-0.310490206840606,0.310490206840606,-0.523261606793643,0.523261606793643,0.849042126152853,-0.849042126152853,0.368616622027574,-0.368616622027574,-0.116518578773859,0.116518578773859,2.81548010115811,-2.81548010115811,1.52677405292726,-1.52677405292726,0.598183972467954,-0.598183972467954,-0.551085846133474,0.551085846133474,1.95943660290081,-1.95943660290081,-0.685049025607365,0.685049025607365,-0.829120110973831,0.829120110973831,-0.119727748265071,0.119727748265071,-0.409165803941782,0.409165803941782,-0.785042934893026,0.785042934893026,2.03312964820497,-2.03312964820497,0.515995506144741,-0.515995506144741,1.71129997421856,-1.71129997421856,0.27548577624166,-0.27548577624166,0.79364307093397,-0.79364307093397,-0.0680704862909812,0.0680704862909812,-0.0801542171289806,0.0801542171289806,-0.257590975875799,0.257590975875799,-1.26313876391484,1.26313876391484,-0.986932464762589,0.986932464762589,-0.632178524951769,0.632178524951769,-1.03549289801847,1.03549289801847,-1.41252572756905,1.41252572756905,0.715144480152768,-0.715144480152768,0.73030056778606,-0.73030056778606,0.575233156599476,-0.575233156599476,-0.258618537457935,0.258618537457935,-0.0332662207527491,0.0332662207527491,-1.65313692400401,1.65313692400401,0.728808458293748,-0.728808458293748,0.0887005856300485,-0.0887005856300485,-0.305213489676224,0.305213489676224,-0.832242390228975,0.832242390228975,-0.551331185126074,0.551331185126074,0.160699397344953,-0.160699397344953,0.693572986934739,-0.693572986934739,-0.40327906630678,0.40327906630678,0.885673432782583,-0.885673432782583,-0.268983651246712,0.268983651246712,0.463866286932522,-0.463866286932522,-0.597285114934558,0.597285114934558,-0.162025825113113,0.162025825113113,2.19168504326307,-2.19168504326307,-1.22764836663413,1.22764836663413,1.84990532526378,-1.84990532526378,-1.06387805111359,1.06387805111359,0.771721453069193,-0.771721453069193,-0.126546376818337,0.126546376818337,-1.59716025186941,1.59716025186941,0.539202873909217,-0.539202873909217,-0.266793872262263,0.266793872262263,-0.625993728615025,0.625993728615025,-1.01003558862799,1.01003558862799,-0.160688259305712,0.160688259305712,-0.101212687557838,0.101212687557838,0.934578087799327,-0.934578087799327,1.13041261774466,-1.13041261774466,1.84622838107601,-1.84622838107601,0.141004238815999,-0.141004238815999,-1.86983944764985,1.86983944764985,0.587557584813932,-0.587557584813932,-1.37535972227393,1.37535972227393,-0.149668764307362,0.149668764307362,-0.341919422570909,0.341919422570909,0.388346449527655,-0.388346449527655,0.0185776026745651,-0.0185776026745651,0.654812833034881,-0.654812833034881,-0.674124989397355,0.674124989397355,0.0806927461371437,-0.0806927461371437,1.55039761071329,-1.55039761071329,-1.11857992266524,1.11857992266524,1.5591140968414,-1.5591140968414,1.59467178226181,-1.59467178226181,1.30668274555822,-1.30668274555822,0.182370359338795,-0.182370359338795,1.05349551369493,-1.05349551369493,0.581064996420263,-0.581064996420263,1.01319338874515,-1.01319338874515,-0.791764804532642,0.791764804532642,1.15295527004575,-1.15295527004575,0.775418921668762,-0.775418921668762,-0.143836012111911,0.143836012111911,0.32808427268943,-0.32808427268943,-1.94556990685548,1.94556990685548,0.659330695300849,-0.659330695300849,0.297279241530424,-0.297279241530424,-0.562082480495356,0.562082480495356,-1.14007223285254,1.14007223285254,-0.457196209578066,0.457196209578066,1.34555327020215,-1.34555327020215,-0.929101975181687,0.929101975181687,0.902586837417295,-0.902586837417295,0.765180773871317,-0.765180773871317,1.62449971019158,-1.62449971019158,1.03510836473777,-1.03510836473777,-0.106941875999234,0.106941875999234,-1.93416712217026,1.93416712217026,-0.465859756893176,0.465859756893176,-0.357557342262378,0.357557342262378,0.0496682705196048,-0.0496682705196048,-1.52890169494827,1.52890169494827,0.159112573439717,-0.159112573439717,-0.00301912393401556,0.00301912393401556,-0.275152005447058,0.275152005447058,-0.0430121888563732,0.0430121888563732,0.606925565355928,-0.606925565355928,-1.08757478398428,1.08757478398428,-0.781428340637042,0.781428340637042,1.03310065265913,-1.03310065265913,0.807484960240892,-0.807484960240892,0.632857079456011,-0.632857079456011,0.921371842386504,-0.921371842386504,-0.121325251137078,0.121325251137078,-0.366794297222855,0.366794297222855,-0.880308481858542,0.880308481858542,-0.94920283563482,0.94920283563482,-1.19304140119067,1.19304140119067,-0.784351922800847,0.784351922800847,1.94201465285649,-1.94201465285649,-0.580133279109464,0.580133279109464,2.09025047648157,-2.09025047648157,-1.5081862183687,1.5081862183687,-0.820278110888717,0.820278110888717,1.05926543388231,-1.05926543388231,0.390432130780241,-0.390432130780241,0.439560604509996,-0.439560604509996,0.257677082192434,-0.257677082192434,1.04628138145073,-1.04628138145073,-0.141003775415894,0.141003775415894,-1.77912617286007,1.77912617286007,-0.780804484516604,0.780804484516604,0.739340127778715,-0.739340127778715,-2.78014006159833,2.78014006159833,0.203522784020442,-0.203522784020442,-0.0127251802708877,0.0127251802708877,0.477129879543323,-0.477129879543323,-0.385973812520791,0.385973812520791,-0.93900285874788,0.93900285874788,-0.101269914330638,0.101269914330638,0.654076158298427,-0.654076158298427,-0.602530662871482,0.602530662871482,0.420034856850956,-0.420034856850956,0.0220048632843585,-0.0220048632843585,0.551347391865877,-0.551347391865877,0.00981602837762213,-0.00981602837762213,0.474994668033399,-0.474994668033399,0.824316653530562,-0.824316653530562,1.42071837057056,-1.42071837057056,0.680123039135124,-0.680123039135124,-0.773882409446468,0.773882409446468,-0.190913725857896,0.190913725857896,0.726114123097858,-0.726114123097858,1.7743820857504,-1.7743820857504,-0.252335458033828,0.252335458033828,-1.62985964908322,1.62985964908322,-0.897153910970026,0.897153910970026,-1.44107805479613,1.44107805479613,-0.118504252365331,0.118504252365331,-2.21081469971138,2.21081469971138,2.43318149184123,-2.43318149184123,0.372233984729125,-0.372233984729125,1.29451146297516,-1.29451146297516,0.222173188390981,-0.222173188390981,-2.22422417519671,2.22422417519671,-0.0507439416040553,0.0507439416040553,0.180887487423028,-0.180887487423028,-2.41135017195748,2.41135017195748,-0.222111282057923,0.222111282057923,0.601570897186507,-0.601570897186507,0.420871750478797,-0.420871750478797,0.0366225813591299,-0.0366225813591299,-0.0449062290054927,0.0449062290054927,-1.22724532425183,1.22724532425183,-1.08354612704348,1.08354612704348,-1.02368220301686,1.02368220301686,-1.5906956121183,1.5906956121183,-1.19029708769766,1.19029708769766,-0.892475362034895,0.892475362034895,0.190240643472258,-0.190240643472258,1.26420066517027,-1.26420066517027,0.811263927517947,-0.811263927517947,-0.72083134249181,0.72083134249181,-1.26746068688847,1.26746068688847,-1.576311161713,1.576311161713,-1.93920892405837,1.93920892405837,-0.83323607716343,0.83323607716343,-0.0275544920033924,0.0275544920033924,-0.846063558937142,0.846063558937142,0.980170747985687,-0.980170747985687,-0.526178294429286,0.526178294429286,-1.02290941688974,1.02290941688974,0.268007542988893,-0.268007542988893,-0.0120254820318877,0.0120254820318877,-0.315431363064417,0.315431363064417,-0.783417902475152,0.783417902475152,0.0615723710113189,-0.0615723710113189,-0.978165902394041,0.978165902394041,-0.685701567070456,0.685701567070456,-1.64495763435432,1.64495763435432,0.826804591930887,-0.826804591930887,-0.366976371075555,0.366976371075555,0.399869094369335,-0.399869094369335,-0.549172174689514,0.549172174689514,0.0153240127432942,-0.0153240127432942,-1.19191769273671,1.19191769273671,1.3365871375505,-1.3365871375505,0.860089313188076,-0.860089313188076,-0.151290818310241,0.151290818310241,-0.361178817216844,0.361178817216844,0.235233463637788,-0.235233463637788,-1.21836551888904,1.21836551888904,-0.455110564685013,0.455110564685013,0.413612276299141,-0.413612276299141,-0.439646423359497,0.439646423359497,0.735541530135074,-0.735541530135074,0.88150867745242,-0.88150867745242,-1.00157866136994,1.00157866136994,0.305498596385696,-0.305498596385696,-1.0306516059566,1.0306516059566,-0.459426268659004,0.459426268659004,0.0766051292665849,-0.0766051292665849,-1.52222881793395,1.52222881793395,-0.00656655005692269,0.00656655005692269,0.870981323477463,-0.870981323477463,2.31153493815816,-2.31153493815816,1.66321624877799,-1.66321624877799,1.57761872073901,-1.57761872073901,-2.27100566740303,2.27100566740303,0.507264745070714,-0.507264745070714,0.0118755644907094,-0.0118755644907094,-0.331595183476575,0.331595183476575,0.294838907825238,-0.294838907825238,0.424027632375979,-0.424027632375979,0.0574537998697898,-0.0574537998697898,-0.315658359800727,0.315658359800727,1.32025284572656,-1.32025284572656,0.0188227062882962,-0.0188227062882962,0.624900234478924,-0.624900234478924,-0.721331248959714,0.721331248959714,-0.0946774328263799,0.0946774328263799,0.0629125618436201,-0.0629125618436201,-0.919497291953581,0.919497291953581,0.0332989458778738,-0.0332989458778738,-1.65181008881253,1.65181008881253,1.20079484888703,-1.20079484888703,-1.21028777418548,1.21028777418548,-0.445342785221795,0.445342785221795,-0.734329956821686,0.734329956821686,0.16028221242817,-0.16028221242817,1.03249951714395,-1.03249951714395,-0.167266445324173,0.167266445324173,1.45075937745041,-1.45075937745041,-0.177703741414938,0.177703741414938,1.61410084333652,-1.61410084333652,-0.548310936265793,0.548310936265793,0.159955764265919,-0.159955764265919,2.14976040538363,-2.14976040538363,0.0887413200086904,-0.0887413200086904,0.89532425548047,-0.89532425548047,0.935254829457376,-0.935254829457376,1.49703954067419,-1.49703954067419,0.115360258987531,-0.115360258987531,0.275283320906095,-0.275283320906095,0.727668949593056,-0.727668949593056,-1.73196481307097,1.73196481307097,1.65572408729532,-1.65572408729532,0.299238026653643,-0.299238026653643,0.791156666529914,-0.791156666529914,-0.996739466699209,0.996739466699209,-2.56866849750235,2.56866849750235,-0.0776250616358611,0.0776250616358611,0.740931500938617,-0.740931500938617,-0.895511066445237,0.895511066445237,-1.41954466238702,1.41954466238702,-0.645667827159274,0.645667827159274,-0.565873969808036,0.565873969808036,0.892417445106046,-0.892417445106046,0.151668055256401,-0.151668055256401,-0.178798360433409,0.178798360433409,-0.304519285299744,0.304519285299744,-0.663723376446167,0.663723376446167,-0.767235537028294,0.767235537028294,-0.264158170127967,0.264158170127967,2.08040432413965,-2.08040432413965,0.0269617862996192,-0.0269617862996192,0.941496773141342,-0.941496773141342,0.852259232273499,-0.852259232273499,0.0397251749734523,-0.0397251749734523,-1.32162407919295,1.32162407919295,0.375464985427492,-0.375464985427492,-1.24080149967089,1.24080149967089,0.864603233352521,-0.864603233352521,1.96956535041226,-1.96956535041226,-0.336317855340165,0.336317855340165,0.859974433647816,-0.859974433647816,-1.01943692040353,1.01943692040353,-1.40528486999124,1.40528486999124,0.538525100409965,-0.538525100409965,1.0171969849203,-1.0171969849203,-1.36639049274143,1.36639049274143,0.422597818614753,-0.422597818614753,-0.00554834325694317,0.00554834325694317,0.535658189515043,-0.535658189515043,0.816750062437863,-0.816750062437863,0.681649022069675,-0.681649022069675,0.0365855937739267,-0.0365855937739267,1.92046343717026,-1.92046343717026,-0.682395411801658,0.682395411801658,0.777333195472895,-0.777333195472895,0.589726340991872,-0.589726340991872,0.114485612200992,-0.114485612200992,0.230357393114057,-0.230357393114057,-0.60433621047588,0.60433621047588,-0.962008252700769,0.962008252700769,0.94996681895552,-0.94996681895552,-0.856290217222371,0.856290217222371,-0.411054569003036,0.411054569003036,-0.0144584556943456,0.0144584556943456,0.661658761860614,-0.661658761860614,-0.26249175591186,0.26249175591186,-0.0998634739608169,0.0998634739608169,0.268279932020186,-0.268279932020186,0.429607399461121,-0.429607399461121,1.38223104978381,-1.38223104978381,0.536398054361231,-0.536398054361231,1.37140669011129,-1.37140669011129,-0.171976438078421,0.171976438078421,0.27885659615086,-0.27885659615086,0.998705784122626,-0.998705784122626,-0.810818128391636,0.810818128391636,-0.940704780938103,0.940704780938103,-1.68416104868746,1.68416104868746,1.04943087445673,-1.04943087445673,0.144473101812033,-0.144473101812033,-0.808456556986948,0.808456556986948,-1.14896951827241,1.14896951827241,-0.0350312387702563,0.0350312387702563,-0.394625999597975,0.394625999597975,-0.527878111120225,0.527878111120225,-0.143943711618264,0.143943711618264,0.710200996094183,-0.710200996094183,0.738601250210221,-0.738601250210221,-0.735347835056172,0.735347835056172,1.40110309039681,-1.40110309039681,-0.240390465359378,0.240390465359378,-1.8384071175497,1.8384071175497,1.24758245685106,-1.24758245685106,0.180496027394178,-0.180496027394178,0.702512721319455,-0.702512721319455,-0.346452611767803,0.346452611767803,-2.83676775421054,2.83676775421054,0.857605476939497,-0.857605476939497,-1.72754206451429,1.72754206451429,-0.170406274025592,0.170406274025592,0.0639671660745821,-0.0639671660745821,0.722405615442402,-0.722405615442402,-1.45660923458531,1.45660923458531,-0.0970732676988065,0.0970732676988065,1.08341618282231,-1.08341618282231,-0.199082899407575,0.199082899407575,0.0245763404630271,-0.0245763404630271,-0.0973488099014575,0.0973488099014575,-0.801717727625735,0.801717727625735,-0.376397510910459,0.376397510910459,-0.759150470140246,0.759150470140246,0.343045487587286,-0.343045487587286,0.0764753126031222,-0.0764753126031222,1.29293126554427,-1.29293126554427,0.3023971375163,-0.3023971375163,-0.325977403985563,0.325977403985563,-0.391337622849785,0.391337622849785,-0.867186609130858,0.867186609130858,0.0516671363391493,-0.0516671363391493,1.34490230817054,-1.34490230817054,0.361180260356241,-0.361180260356241,0.853823395402927,-0.853823395402927,1.17078463303253,-1.17078463303253,-0.194332171986505,0.194332171986505,-0.714733085009687,0.714733085009687,1.38952126791282,-1.38952126791282,-0.497844330724923,0.497844330724923,-1.54817294870282,1.54817294870282,1.07066842960017,-1.07066842960017,0.341480289172629,-0.341480289172629,0.348734870407291,-0.348734870407291,-1.51176285516045,1.51176285516045,-1.09108067460814,1.09108067460814,0.236760320678061,-0.236760320678061,1.43926864195942,-1.43926864195942,0.110939309021548,-0.110939309021548,0.0214714000102308,-0.0214714000102308,-0.00518498059632708,0.00518498059632708,-0.468146009276488,0.468146009276488,-0.153771516293101,0.153771516293101,1.2728403883778,-1.2728403883778,1.46723605194937,-1.46723605194937,0.405936034658395,-0.405936034658395,1.21994638559833,-1.21994638559833,-1.1627062031703,1.1627062031703,0.476433266142601,-0.476433266142601,-0.0399558268460641,0.0399558268460641,1.71533594223833,-1.71533594223833,0.530962690645544,-0.530962690645544,-0.0595405260790122,0.0595405260790122,0.992692165983888,-0.992692165983888,-2.23347832004159,2.23347832004159,-1.22132696337215,1.22132696337215,0.319747725007734,-0.319747725007734,0.449400573406189,-0.449400573406189,-0.729592056581711,0.729592056581711,1.09434379444581,-1.09434379444581,-0.599393020042129,0.599393020042129,-0.149529367420473,0.149529367420473,-1.06839793432945,1.06839793432945,2.02639274768749,-2.02639274768749,1.94288694110123,-1.94288694110123,0.80473477628831,-0.80473477628831,0.910060590815383,-0.910060590815383,0.93511272992749,-0.93511272992749,-0.569545771197728,0.569545771197728,1.75127685394483,-1.75127685394483,-0.357080823567463,0.357080823567463,-0.0560180598357691,0.0560180598357691,0.563407965688882,-0.563407965688882,2.03546137631864,-2.03546137631864,1.69364210786273,-1.69364210786273,0.288656588073045,-0.288656588073045,0.541681423469545,-0.541681423469545,-1.26219751754222,1.26219751754222,-0.974649151043902,0.974649151043902,-0.230316146940282,0.230316146940282,-0.112445419602827,0.112445419602827,-2.42484754485322,2.42484754485322,-0.08979948689869,0.08979948689869,-0.198469625253163,0.198469625253163,-1.01469050998258,1.01469050998258,1.64642854288648,-1.64642854288648,-0.515039173096048,0.515039173096048,1.24079723356767,-1.24079723356767,0.0438008628970964,-0.0438008628970964,0.453303895221779,-0.453303895221779,1.48406514704231,-1.48406514704231,0.0907454322838522,-0.0907454322838522,0.221521244233407,-0.221521244233407,-1.25591404546279,1.25591404546279,-0.212452935983768,0.212452935983768,1.69977538499929,-1.69977538499929,-0.355955553083975,0.355955553083975,0.897450326844575,-0.897450326844575,1.84329836590564,-1.84329836590564,-0.203236217389771,0.203236217389771,-0.716362645033603,0.716362645033603,-0.269815864732097,0.269815864732097,-0.172342121111071,0.172342121111071,-0.913352491084783,0.913352491084783,0.611943342571863,-0.611943342571863,0.219548893749137,-0.219548893749137,-1.82912566510203,1.82912566510203,-0.306403694271163,0.306403694271163,1.06549377373374,-1.06549377373374,-0.927855401324208,0.927855401324208,-0.828117659230672,0.828117659230672,0.401220554929133,-0.401220554929133,0.721485257488026,-0.721485257488026,1.40769386688447,-1.40769386688447,-0.16132857099806,0.16132857099806,1.50448989179154,-1.50448989179154,0.828335442933551,-0.828335442933551,0.455817201530475,-0.455817201530475,-1.9325368707346,1.9325368707346,-0.812660633768462,0.812660633768462,-0.909382835636919,0.909382835636919,0.958450183756694,-0.958450183756694,-0.43383132870729,0.43383132870729,1.25571458413687,-1.25571458413687,-1.96383522183466,1.96383522183466,1.31966914078081,-1.31966914078081,0.816353151477189,-0.816353151477189,-0.234547679992703,0.234547679992703,-0.31579328331343,0.31579328331343,1.42936484194607,-1.42936484194607,1.64385866689207,-1.64385866689207,0.11605895482025,-0.11605895482025,-1.84751095431184,1.84751095431184,-0.352501870479559,0.352501870479559,0.543542302915149,-0.543542302915149,-0.56037040771683,0.56037040771683,-0.880564182873422,0.880564182873422,0.399188658297464,-0.399188658297464,-2.01945972687383,2.01945972687383,1.18599918039603,-1.18599918039603,0.797073447229702,-0.797073447229702,0.804947697173405,-0.804947697173405,-1.80549554112438,1.80549554112438,-0.817621977701591,0.817621977701591,0.557915918525175,-0.557915918525175,-0.934716447884965,0.934716447884965,0.969262950836502,-0.969262950836502,-0.626013393046256,0.626013393046256,1.5071216876642,-1.5071216876642,0.0696576750723559,-0.0696576750723559,-1.0605115661359,1.0605115661359,0.669981235584797,-0.669981235584797,-0.844717965565787,0.844717965565787,-0.944755328912369,0.944755328912369,0.260285356611382,-0.260285356611382,0.36850193919824,-0.36850193919824,0.293467050837464,-0.293467050837464,-1.28293017216526,1.28293017216526,-0.0018436623518369,0.0018436623518369,1.65644591085851,-1.65644591085851,-0.732099524195525,0.732099524195525,0.89975460626737,-0.89975460626737,0.587395901437918,-0.587395901437918,-0.429166420897223,0.429166420897223,-0.171395124763966,0.171395124763966,0.305270575588534,-0.305270575588534,-0.947058395213439,0.947058395213439,-0.365303712816141,0.365303712816141,-0.381994421640907,0.381994421640907,0.178881966010832,-0.178881966010832,-1.52452518731767,1.52452518731767,-1.02530169518535,1.02530169518535,0.666479398061862,-0.666479398061862,-1.66882638884318,1.66882638884318,-0.39522856316015,0.39522856316015,-1.72747703025426,1.72747703025426,-1.13181707681874,1.13181707681874,-0.791707910769604,0.791707910769604,1.05624197462992,-1.05624197462992,-1.00768843584273,1.00768843584273,0.502267473454798,-0.502267473454798,1.49711516631851,-1.49711516631851,-1.5195308923866,1.5195308923866,1.81044412051291,-1.81044412051291,-1.69189269153541,1.69189269153541,-0.332749799217235,0.332749799217235,0.565425704140927,-0.565425704140927,-0.717320979101219,0.717320979101219,0.722472245207814,-0.722472245207814,-0.17028968035871,0.17028968035871,0.305324597548932,-0.305324597548932,0.469973431733659,-0.469973431733659,2.29215354907368,-2.29215354907368,-2.63658902127514,2.63658902127514,-1.94032432284009,1.94032432284009,-0.999852370757859,0.999852370757859,-0.21863533301629,0.21863533301629,0.363798581270826,-0.363798581270826,1.45309528142675,-1.45309528142675,0.701541870303859,-0.701541870303859,1.19098168044935,-1.19098168044935,1.87268122597801,-1.87268122597801,-0.850892184071299,0.850892184071299,1.283783919714,-1.283783919714,-1.01092776272799,1.01092776272799,1.07070779417009,-1.07070779417009,-1.4883043308451,1.4883043308451,-1.11589071687182,1.11589071687182,0.673045873739316,-0.673045873739316,-0.219826428171775,0.219826428171775,-0.0498718191484599,0.0498718191484599,0.0277709137097104,-0.0277709137097104,-0.823899718450055,0.823899718450055,-0.90905138358893,0.90905138358893,-1.3583878758426,1.3583878758426,1.82181234090658,-1.82181234090658,0.252191440247133,-0.252191440247133,-0.00606744922576265,0.00606744922576265,-0.135320706527491,0.135320706527491,-0.549705916741487,0.549705916741487,0.609558654357575,-0.609558654357575,-0.590164249396007,0.590164249396007,1.52039343989582,-1.52039343989582,0.416939120839677,-0.416939120839677,-0.304631843838261,0.304631843838261,-0.00219060459223793,0.00219060459223793,-0.206863433921917,0.206863433921917,0.310843023710859,-0.310843023710859,1.47883101107001,-1.47883101107001,0.0706373676479553,-0.0706373676479553,-1.16092841256989,1.16092841256989,-0.842254114767829,0.842254114767829,0.296629965864793,-0.296629965864793,0.119231774753521,-0.119231774753521,0.581846719693837,-0.581846719693837,-1.50039494416611,1.50039494416611,-0.968318739474445,0.968318739474445,-1.51424859164947,1.51424859164947,-0.82357417729528,0.82357417729528,-1.4992630068867,1.4992630068867,-0.272876596598345,0.272876596598345,-0.382338654221492,0.382338654221492,1.28044329542338,-1.28044329542338,-1.53120254076501,1.53120254076501,-0.90934092325745,0.90934092325745,-0.783482806224717,0.783482806224717,-1.06790327318882,1.06790327318882,-0.626081003026553,0.626081003026553,0.749481597432708,-0.749481597432708,2.44924371969146,-2.44924371969146,-0.66211674354232,0.66211674354232,2.42588334046184,-2.42588334046184,0.132513251713194,-0.132513251713194,0.786501050737381,-0.786501050737381,0.137028796273327,-0.137028796273327,0.73074226021078,-0.73074226021078,-0.384301436176474,0.384301436176474,-1.02756061060653,1.02756061060653,1.07134192801732,-1.07134192801732,0.73084534650794,-0.73084534650794,-1.49516816393839,1.49516816393839,2.2545514687611,-2.2545514687611,0.346915330347214,-0.346915330347214,-0.693391139417014,0.693391139417014,-0.194436459620382,0.194436459620382,0.336719350540425,-0.336719350540425,1.72290308531622,-1.72290308531622,-0.723808681089066,0.723808681089066,-2.08217931944419,2.08217931944419,-0.153147476850242,0.153147476850242,0.330002181408135,-0.330002181408135,0.0387961686120182,-0.0387961686120182,-0.904500341578308,0.904500341578308,-0.718694300207559,0.718694300207559,-1.26790500391226,1.26790500391226,-0.279146645665273,0.279146645665273,1.14921110222565,-1.14921110222565,-0.188795166213652,0.188795166213652,-1.10938290382187,1.10938290382187,-0.751425278712227,0.751425278712227,-1.00447905424929,1.00447905424929,-0.519251865134644,0.519251865134644,-0.311675295868692,0.311675295868692,1.80124064155997,-1.80124064155997,-1.20833665421252,1.20833665421252,-0.249735892707243,0.249735892707243,0.628232196179317,-0.628232196179317,-0.515040839060714,0.515040839060714,0.487250091493976,-0.487250091493976,-0.190394376625007,0.190394376625007,-0.201089016717076,0.201089016717076,0.0352158084548019,-0.0352158084548019,-0.527854330773698,0.527854330773698,-0.753474847823696,0.753474847823696,-1.43323064152506,1.43323064152506,0.918055319240885,-0.918055319240885,-0.152000101115143,0.152000101115143,0.121751200903748,-0.121751200903748,1.25140158328985,-1.25140158328985,-0.293507610921032,0.293507610921032,-0.62162761109246,0.62162761109246,0.353244554301206,-0.353244554301206,1.03650740456048,-1.03650740456048,-1.63041499660287,1.63041499660287,0.129096249414206,-0.129096249414206,-0.233575987719047,0.233575987719047,1.87863857858793,-1.87863857858793,-0.215493746706716,0.215493746706716,2.8954490646681,-2.8954490646681,-1.04201453131569,1.04201453131569,0.293603237386537,-0.293603237386537,0.130653123378544,-0.130653123378544,0.908659541184792,-0.908659541184792,0.567065211327744,-0.567065211327744,-0.0881329726296985,0.0881329726296985,1.53730703342584,-1.53730703342584,-0.338499410048315,0.338499410048315,-1.4307627786764,1.4307627786764,-0.461770325079015,0.461770325079015,0.290861167227604,-0.290861167227604,-0.407890851135603,0.407890851135603,-1.76360345639273,1.76360345639273,0.912843715181981,-0.912843715181981,0.361564303948643,-0.361564303948643,-0.130576100001142,0.130576100001142,-0.251412824476245,0.251412824476245,-0.237460604877278,0.237460604877278,-0.136557531154943,0.136557531154943,2.10634590727127,-2.10634590727127,0.0798773605297239,-0.0798773605297239,-1.00154082047252,1.00154082047252,0.09765827268711,-0.09765827268711,1.01046605503565,-1.01046605503565,1.85386936028843,-1.85386936028843,-0.259920794457152,0.259920794457152,-0.2773484677403,0.2773484677403,0.00418853612055776,-0.00418853612055776,-1.06965989094446,1.06965989094446,-0.675039200684627,0.675039200684627,0.4267099962109,-0.4267099962109,1.45109134027124,-1.45109134027124,1.19698516225317,-1.19698516225317,-0.670862913207224,0.670862913207224,1.91115571614374,-1.91115571614374,-0.491659989167383,0.491659989167383,1.38543344221576,-1.38543344221576,1.7351214819155,-1.7351214819155,-0.622629264984064,0.622629264984064,-0.714866099902407,0.714866099902407,1.32952600119342,-1.32952600119342,1.31382293831487,-1.31382293831487,0.499835288832879,-0.499835288832879,-0.534080523672355,0.534080523672355,0.750439639231247,-0.750439639231247,1.07548204703214,-1.07548204703214,-0.710031140216586,0.710031140216586,-0.222154886055938,0.222154886055938,0.450417218016676,-0.450417218016676,-0.390701629637812,0.390701629637812,-1.78825842715757,1.78825842715757,-0.900496437109552,0.900496437109552,2.02125447750753,-2.02125447750753,0.334853520567194,-0.334853520567194,0.758676366043975,-0.758676366043975,-0.903799572810797,0.903799572810797,1.14093453260422,-1.14093453260422,-0.531909807416275,0.531909807416275,1.41674406527087,-1.41674406527087,-3.24768093247674,3.24768093247674,-0.571377185607866,0.571377185607866,0.306111583002066,-0.306111583002066,1.5487565144579,-1.5487565144579,1.73206755612355,-1.73206755612355,-0.940217471319372,0.940217471319372,-1.09364158839229,1.09364158839229,0.913169292846743,-0.913169292846743,0.557177565436509,-0.557177565436509,1.09565688401378,-1.09565688401378,1.44029930875335,-1.44029930875335,0.157890875399901,-0.157890875399901,-0.0984580209279583,0.0984580209279583,0.463819084501785,-0.463819084501785,0.83491254998086,-0.83491254998086,0.508540721420144,-0.508540721420144,0.600695038514799,-0.600695038514799,-0.392568057561851,0.392568057561851,-0.153388929246436,0.153388929246436,1.14529085682233,-1.14529085682233,-1.59910096350036,1.59910096350036,1.62359514030773,-1.62359514030773,0.619754223247397,-0.619754223247397,-0.327004108639602,0.327004108639602,0.0808087507795137,-0.0808087507795137,-0.556166064244689,0.556166064244689,-0.77281249788229,0.77281249788229,-0.951424588532463,0.951424588532463,-0.248693275115832,0.248693275115832,-1.17637811308256,1.17637811308256,0.36173748644066,-0.36173748644066,-0.958770443854983,0.958770443854983,-0.393727702326965,0.393727702326965,0.363712250243319,-0.363712250243319,0.18702294221461,-0.18702294221461,1.94838829950765,-1.94838829950765,1.97695051699932,-1.97695051699932,-1.10914606504795,1.10914606504795,-0.362529224688215,0.362529224688215,-1.4629645416616,1.4629645416616,-0.594697051250456,0.594697051250456,-0.137623788023107,0.137623788023107,-0.791105781438165,0.791105781438165,0.954525572963643,-0.954525572963643,0.165498257893367,-0.165498257893367,-0.63840783160462,0.63840783160462,-1.42405094528401,1.42405094528401,0.82521675817466,-0.82521675817466,-1.28535387381064,1.28535387381064,-0.978825835640922,0.978825835640922,-1.11325817452772,1.11325817452772,0.659172495416621,-0.659172495416621,0.418213707869435,-0.418213707869435,0.00168516264992256,-0.00168516264992256,0.749564214237978,-0.749564214237978,0.0819547533526831,-0.0819547533526831,-0.925030172592722,0.925030172592722,0.684647226546349,-0.684647226546349,-1.37558203320489,1.37558203320489,-0.219259136508133,0.219259136508133,0.219559436772419,-0.219559436772419,-0.0621885219012182,0.0621885219012182,0.785816607318399,-0.785816607318399,1.36333059064069,-1.36333059064069,0.510858114815667,-0.510858114815667,-0.748279524786211,0.748279524786211,-0.638351330701547,0.638351330701547,0.261652259402662,-0.261652259402662,-0.0306666281338889,0.0306666281338889,1.64460583468219,-1.64460583468219,-1.65145131780562,1.65145131780562,-1.34302357209852,1.34302357209852,-2.32961756913142,2.32961756913142,0.86809828542946,-0.86809828542946,-0.154456006222887,0.154456006222887,2.21943655192508,-2.21943655192508,1.45689453907099,-1.45689453907099,0.640906738901639,-0.640906738901639,1.45917897521297,-1.45917897521297,-1.67367930170605,1.67367930170605,-0.94588590963086,0.94588590963086,0.837306669170549,-0.837306669170549,-0.504791709081082,0.504791709081082,0.808558674904882,-0.808558674904882,0.789190809340812,-0.789190809340812,-0.635682675503355,0.635682675503355,-1.17572127760792,1.17572127760792,-2.40359249507322,2.40359249507322,-0.362891226651595,0.362891226651595,0.520069085589696,-0.520069085589696,-1.17143817498595,1.17143817498595,-0.700827173261885,0.700827173261885,0.532261954979503,-0.532261954979503,-1.00397333248498,1.00397333248498,-1.61126020974392,1.61126020974392,-0.395221420871956,0.395221420871956,1.39870873906353,-1.39870873906353,0.465191060211138,-0.465191060211138,-0.280338800415476,0.280338800415476,-0.766664921156339,0.766664921156339,0.0409910420647264,-0.0409910420647264,-0.103179847947588,0.103179847947588,-2.29620714589411,2.29620714589411,0.823702216685114,-0.823702216685114,-0.746569528575975,0.746569528575975,-0.805303583881903,0.805303583881903,-0.743716519008428,0.743716519008428,-1.75398681516372,1.75398681516372,1.40683715297757,-1.40683715297757,0.547017599945747,-0.547017599945747,-2.16285054764362,2.16285054764362,-1.18300488438902,1.18300488438902,-0.461758468988231,0.461758468988231,0.168300179160591,-0.168300179160591,0.14365148148363,-0.14365148148363,1.15934652075343,-1.15934652075343,0.794515779683784,-0.794515779683784,-0.308594328969313,0.308594328969313,2.00719444633075,-2.00719444633075,0.66570509981321,-0.66570509981321,0.709087943525251,-0.709087943525251,1.00629441741747,-1.00629441741747,1.33317256136185,-1.33317256136185,-2.35924246929125,2.35924246929125,0.957764570570115,-0.957764570570115,0.599687341304744,-0.599687341304744,-0.456493892694846,0.456493892694846,0.376521958531358,-0.376521958531358,1.44095747483722,-1.44095747483722,1.28113295722437,-1.28113295722437,0.0837213812962742,-0.0837213812962742,0.375957055623063,-0.375957055623063,-0.5597356790182,0.5597356790182,0.886875953896485,-0.886875953896485,-0.50562515225791,0.50562515225791,0.647010411376109,-0.647010411376109,-0.578334866766866,0.578334866766866,-0.56751911933693,0.56751911933693,-0.500771067678782,0.500771067678782,-0.257373208721445,0.257373208721445,-1.06086113421972,1.06086113421972,1.12630717468224,-1.12630717468224,0.477377666476878,-0.477377666476878,-1.51065985730647,1.51065985730647,-1.2100124945977,1.2100124945977,0.98657041055312,-0.98657041055312,0.599014380955894,-0.599014380955894,2.72945848340854,-2.72945848340854,-0.554295145455721,0.554295145455721,0.834211316848885,-0.834211316848885,-1.36985545335478,1.36985545335478,0.282590578392778,-0.282590578392778,1.54972100178161,-1.54972100178161,-0.234306608798347,0.234306608798347,1.0606061156985,-1.0606061156985,-1.91583190566002,1.91583190566002,-1.2839533318053,1.2839533318053,-0.466784808335658,0.466784808335658,-0.188871877566758,0.188871877566758,-0.953125582638294,0.953125582638294,0.82637010680778,-0.82637010680778,-0.587091281775617,0.587091281775617,-1.28599486652758,1.28599486652758,-0.358027513177666,0.358027513177666,-0.0371214185310501,0.0371214185310501,-0.812191287996677,0.812191287996677,-0.695313419889559,0.695313419889559,-2.46905284738855,2.46905284738855,-0.106938607857537,0.106938607857537,1.20952635068117,-1.20952635068117,-0.620050396395402,0.620050396395402,-0.841021046048471,0.841021046048471,-1.92821497030554,1.92821497030554,-0.0129247098895223,0.0129247098895223,0.250023913415034,-0.250023913415034,-0.62607000145977,0.62607000145977,-0.895663667589189,0.895663667589189,-0.950353080461291,0.950353080461291,0.662526100132271,-0.662526100132271,-1.55169722824414,1.55169722824414,1.02221039217253,-1.02221039217253,-0.171304488627888,0.171304488627888,0.452433331582968,-0.452433331582968,0.980558946935759,-0.980558946935759,0.329629267485619,-0.329629267485619,1.22045236545042,-1.22045236545042,-0.912106353482708,0.912106353482708,2.13299250030995,-2.13299250030995,0.0420533936195377,-0.0420533936195377,0.724047751434596,-0.724047751434596,-0.291033743205354,0.291033743205354,0.080309553506803,-0.080309553506803,2.39172843387155,-2.39172843387155,0.118658909410794,-0.118658909410794,-0.499121348536573,0.499121348536573,-0.421296222870778,0.421296222870778,-0.434848214302882,0.434848214302882,1.13441535653944,-1.13441535653944,-0.527129560401753,0.527129560401753,1.37661262524476,-1.37661262524476,1.50654594164839,-1.50654594164839,-0.236619182294649,0.236619182294649,-0.862462765622074,0.862462765622074,0.0306292073654085,-0.0306292073654085,1.76460543919945,-1.76460543919945,0.495108708722169,-0.495108708722169,-0.845705627226998,0.845705627226998,1.82568694347423,-1.82568694347423,0.037479637516913,-0.037479637516913,1.33623549861617,-1.33623549861617,-0.444371572235085,0.444371572235085,-1.79198732983255,1.79198732983255,-0.15405492925796,0.15405492925796,-0.0289455653435219,0.0289455653435219,0.152851778067383,-0.152851778067383,-1.51237460025086,1.51237460025086,0.83147709327515,-0.83147709327515,-0.558955139421788,0.558955139421788,0.218967003235874,-0.218967003235874,0.0786845803740171,-0.0786845803740171,-0.19660659275623,0.19660659275623,1.15667564425303,-1.15667564425303,-0.439245639228456,0.439245639228456,0.101006738537494,-0.101006738537494,-0.358526365058591,0.358526365058591,-1.0506623137854,1.0506623137854,0.811600898889945,-0.811600898889945,-1.61201857357211,1.61201857357211,0.975558151772825,-0.975558151772825,1.26115434178282,-1.26115434178282,-0.396333100865883,0.396333100865883,-0.482328561480382,0.482328561480382,-1.62561045696889,1.62561045696889,-0.154239074419792,0.154239074419792,0.301225068406301,-0.301225068406301,-0.955741605670144,0.955741605670144,1.14341894413137,-1.14341894413137,0.681947823809621,-0.681947823809621,-0.703321941299285,0.703321941299285,-0.539800057230913,0.539800057230913,2.71512394517932,-2.71512394517932,1.32375850033714,-1.32375850033714,0.803300545288689,-0.803300545288689,1.4653923999668,-1.4653923999668,1.67546299987903,-1.67546299987903,0.889919163618653,-0.889919163618653,1.22268257718696,-1.22268257718696,-0.135925160796139,0.135925160796139,0.334539398166369,-0.334539398166369,-0.834572599655494,0.834572599655494,0.293927665304709,-0.293927665304709,0.977560763803665,-0.977560763803665,0.933603344927606,-0.933603344927606,2.51267071363245,-2.51267071363245,1.66219476480486,-1.66219476480486,0.127065258663919,-0.127065258663919,0.15549393845997,-0.15549393845997,0.257930230683465,-0.257930230683465,0.488157559331439,-0.488157559331439,-0.0428275737610229,0.0428275737610229,-1.03125336759636,1.03125336759636,0.246558757792331,-0.246558757792331,1.18254822336071,-1.18254822336071,-0.0162619931435337,0.0162619931435337,-0.268052702696137,0.268052702696137,-0.0229962256355423,0.0229962256355423,0.523157914335218,-0.523157914335218,0.944523407644422,-0.944523407644422,0.979010295799957,-0.979010295799957,0.999190195907161,-0.999190195907161,-0.115389234708087,0.115389234708087,-0.264062015100044,0.264062015100044,-1.58802357784011,1.58802357784011,0.85568180553172,-0.85568180553172,-0.601354174009251,0.601354174009251,0.0499266737189408,-0.0499266737189408,0.642558497478215,-0.642558497478215,-1.45611819816741,1.45611819816741,-2.26017714242018,2.26017714242018,1.08848692810996,-1.08848692810996,0.155509419269962,-0.155509419269962,0.325910788566483,-0.325910788566483,-1.23210306272735,1.23210306272735,2.06260297006034,-2.06260297006034,0.544767998432996,-0.544767998432996,-0.428667599383261,0.428667599383261,-1.78329611798631,1.78329611798631,-0.161793139445679,0.161793139445679,0.345996094205245,-0.345996094205245,-0.749316057279946,0.749316057279946,-0.244372329762352,0.244372329762352,1.20314350334482,-1.20314350334482,-1.33338575771596,1.33338575771596,1.55658606709795,-1.55658606709795,-0.276269834066276,0.276269834066276,-0.609568660734239,0.609568660734239,-0.99572006079192,0.99572006079192,0.566636376776511,-0.566636376776511,-0.698722707326554,0.698722707326554,0.777665179942022,-0.777665179942022,-0.967006395392763,0.967006395392763,0.737177710985868,-0.737177710985868,1.73049867812159,-1.73049867812159,-0.914473027795615,0.914473027795615,-0.361636068924688,0.361636068924688,1.2582373071544,-1.2582373071544,-0.993766664699597,0.993766664699597,-1.35128465157286,1.35128465157286,-0.0266216178429063,0.0266216178429063,2.06770015485255,-2.06770015485255,-0.538378518825387,0.538378518825387,2.00354979295633,-2.00354979295633,-0.521520924509013,0.521520924509013,-1.56730508361387,1.56730508361387,0.388517998424896,-0.388517998424896,-1.03421832177195,1.03421832177195,-0.388259683419784,0.388259683419784,-0.637221949541892,0.637221949541892,-0.583842377653797,0.583842377653797,-0.463895941967524,0.463895941967524,0.0486861904070569,-0.0486861904070569,-1.3265182820832,1.3265182820832,0.95899410938182,-0.95899410938182,0.0404361564533345,-0.0404361564533345,-0.865387515950058,0.865387515950058,0.735576193306488,-0.735576193306488,-0.378139209372705,0.378139209372705,0.362218432253926,-0.362218432253926,-0.312761185611363,0.312761185611363,0.399669023953692,-0.399669023953692,-0.329551800517244,0.329551800517244,2.86651641709554,-2.86651641709554,0.817723011064545,-0.817723011064545,-1.33458990406915,1.33458990406915,-0.496314181982479,0.496314181982479,0.163630172724971,-0.163630172724971,0.399224019204954,-0.399224019204954,1.06438997053676,-1.06438997053676,-0.0836890692638364,0.0836890692638364,1.29823768926812,-1.29823768926812,-1.49367783378687,1.49367783378687,-0.230491808177222,0.230491808177222,0.783048849194281,-0.783048849194281,-0.544434183675253,0.544434183675253,1.5343280050945,-1.5343280050945,-1.06300410351299,1.06300410351299,1.84935683831119,-1.84935683831119,1.40923387839035,-1.40923387839035,-1.41946847127972,1.41946847127972,-1.20864076588068,1.20864076588068,-1.41099561036894,1.41099561036894,-1.27226753397888,1.27226753397888,-1.69928482764731,1.69928482764731,1.59011782256065,-1.59011782256065,-1.17288357372666,1.17288357372666,-1.05521466962733,1.05521466962733,1.48696058507859,-1.48696058507859,-1.16241991391114,1.16241991391114,1.25291510169123,-1.25291510169123,1.35124420214797,-1.35124420214797,-1.08160796653186,1.08160796653186,-1.35584610401284,1.35584610401284,-1.24263917399063,1.24263917399063,-0.270984249697546,0.270984249697546,0.292064775161838,-0.292064775161838,-1.32793574589875,1.32793574589875,-2.0099738596876,2.0099738596876,2.49526407141935,-2.49526407141935,-0.11219579605479,0.11219579605479,0.959737353567497,-0.959737353567497,-1.66970733815105,1.66970733815105,1.69130926338852,-1.69130926338852,1.63295182830185,-1.63295182830185,0.386422371154319,-0.386422371154319,-0.997724055466182,0.997724055466182,-1.61706071401514,1.61706071401514,0.2263747500443,-0.2263747500443,0.665522625151366,-0.665522625151366,-0.421113947625153,0.421113947625153,-0.181212682555029,0.181212682555029,0.15091905047891,-0.15091905047891,0.943567267891034,-0.943567267891034,-1.06489579010495,1.06489579010495,-2.33333485879942,2.33333485879942,0.367452489541443,-0.367452489541443,0.363837321951439,-0.363837321951439,-1.81769757829948,1.81769757829948,1.43543706438009,-1.43543706438009,-2.63001866206273,2.63001866206273,-0.266279288213804,0.266279288213804,-0.391761486698325,0.391761486698325,-1.75573786458555,1.75573786458555,-0.616468673379477,0.616468673379477,0.565179682499479,-0.565179682499479,0.0694916707314747,-0.0694916707314747,-0.195519735448734,0.195519735448734,0.555408783131289,-0.555408783131289,0.923563297987525,-0.923563297987525,0.240024172400941,-0.240024172400941,0.1603668418535,-0.1603668418535,0.712308702296574,-0.712308702296574,-2.45423305404298,2.45423305404298,0.509672622138081,-0.509672622138081,-0.180947993015531,0.180947993015531,-0.71049249015529,0.71049249015529,0.517296981435696,-0.517296981435696,-0.531949288337851,0.531949288337851,0.00122274616294248,-0.00122274616294248,-2.00302365945942,2.00302365945942,-0.476737043256482,0.476737043256482,-0.242340930741317,0.242340930741317,-0.258069865063164,0.258069865063164,0.334715989096063,-0.334715989096063,0.248031981553662,-0.248031981553662,1.23269892612294,-1.23269892612294,-0.71403506444199,0.71403506444199,-0.726733831193046,0.726733831193046,-0.972671684388478,0.972671684388478,0.387831943546201,-0.387831943546201,-1.07822020656314,1.07822020656314,0.228354132326546,-0.228354132326546,1.19174625983603,-1.19174625983603,0.20485652198126,-0.20485652198126,-1.14841805350577,1.14841805350577,-0.149444708485518,0.149444708485518,0.567747300504439,-0.567747300504439,-0.109320305771274,0.109320305771274,1.34431787789795,-1.34431787789795,-1.81838382872088,1.81838382872088,0.431700172914116,-0.431700172914116,-0.0492500834235236,0.0492500834235236,-1.66298259700125,1.66298259700125,0.117567444694176,-0.117567444694176,0.774968987415526,-0.774968987415526,0.992319935576261,-0.992319935576261,0.141249848922488,-0.141249848922488,-0.08105104995805,0.08105104995805,-0.740211196553169,0.740211196553169,-0.404554014055496,0.404554014055496,-0.899726156896265,0.899726156896265,0.98148596984418,-0.98148596984418,-1.442878890987,1.442878890987,-0.343100496059899,0.343100496059899,0.186436071587151,-0.186436071587151,-0.126342219272567,0.126342219272567,1.33207228037711,-1.33207228037711,-1.52125898461601,1.52125898461601,-0.954017920364157,0.954017920364157,0.509586612185314,-0.509586612185314,-0.375864352601203,0.375864352601203,1.12722865319248,-1.12722865319248,0.684228617885592,-0.684228617885592,0.65912832812337,-0.65912832812337,0.547488846910396,-0.547488846910396,-0.889689661471078,0.889689661471078,0.334701908947303,-0.334701908947303,2.00648844459888,-2.00648844459888,0.610517696265549,-0.610517696265549,0.499192684329262,-0.499192684329262,1.81898290174579,-1.81898290174579,-1.12256966921739,1.12256966921739,-0.650173626219823,0.650173626219823,-0.315309590431558,0.315309590431558,-2.98109277381674,2.98109277381674,1.54418925225064,-1.54418925225064,1.35000563812407,-1.35000563812407,-1.08768756195272,1.08768756195272,0.921525137906184,-0.921525137906184,-0.743356476943259,0.743356476943259,0.0295407059687749,-0.0295407059687749,-0.615716802990425,0.615716802990425,0.914280119943731,-0.914280119943731,1.26647144648779,-1.26647144648779,-0.730885012547208,0.730885012547208,-0.0407504724725457,0.0407504724725457,-1.52290498542309,1.52290498542309,-1.19095789436962,1.19095789436962,-0.700190886618458,0.700190886618458,-0.826745680928415,0.826745680928415,0.987633123422699,-0.987633123422699,-1.32873589452211,1.32873589452211,-0.0920824641006765,0.0920824641006765,-0.645908481763418,0.645908481763418,0.19870423810316,-0.19870423810316,0.030056165130508,-0.030056165130508,0.440513200911346,-0.440513200911346,0.477804424157953,-0.477804424157953,-0.18033107367456,0.18033107367456,0.251464381255334,-0.251464381255334,-0.84518993813566,0.84518993813566,0.992446798994375,-0.992446798994375,-0.0951017226868574,0.0951017226868574,-2.04007381366464,2.04007381366464,0.0114420002388466,-0.0114420002388466,-0.754386133663616,0.754386133663616,0.198978146964845,-0.198978146964845,-0.44610225353067,0.44610225353067,-0.762444064067919,0.762444064067919,-0.401347275436843,0.401347275436843,-0.0525667419088437,0.0525667419088437,0.69103494308214,-0.69103494308214,1.26126676034667,-1.26126676034667,-0.284268921054115,0.284268921054115,0.0786762201277607,-0.0786762201277607,-0.482211264876229,0.482211264876229,-0.684037393064969,0.684037393064969,1.51947104986396,-1.51947104986396,0.350842200933323,-0.350842200933323,-1.19058773865075,1.19058773865075,0.466606161014044,-0.466606161014044,-0.847190108148081,0.847190108148081,-0.266418866467965,0.266418866467965,0.298777870685306,-0.298777870685306,-1.8663216925991,1.8663216925991,0.655424363812579,-0.655424363812579,-0.85415404283439,0.85415404283439,-0.0479369729774792,0.0479369729774792,-0.629686317364747,0.629686317364747,0.791016058920906,-0.791016058920906,-1.03595017192661,1.03595017192661,-0.757400295135451,0.757400295135451,1.6984225286908,-1.6984225286908,0.326259358745765,-0.326259358745765,-0.684206115385752,0.684206115385752,0.642960718361504,-0.642960718361504,-0.230401084913816,0.230401084913816,0.246583609217075,-0.246583609217075,-0.472882870501492,0.472882870501492,-1.460615790963,1.460615790963,-0.671029229750657,0.671029229750657,0.431533174784324,-0.431533174784324,-0.905804442480265,0.905804442480265,0.400065773840605,-0.400065773840605,0.973175839232045,-0.973175839232045,-0.908352603920714,0.908352603920714,-0.755219753910213,0.755219753910213,-0.323008146564051,0.323008146564051,0.355407739617411,-0.355407739617411,0.835978483920869,-0.835978483920869,-1.35438745411087,1.35438745411087,0.183639413898883,-0.183639413898883,0.431924285552764,-0.431924285552764,0.311537875841423,-0.311537875841423,0.750548265513113,-0.750548265513113,1.03545784889974,-1.03545784889974,1.36045693833104,-1.36045693833104,0.300488299469022,-0.300488299469022,-1.03309002728956,1.03309002728956,-0.121424944761074,0.121424944761074,-0.0626040287701517,0.0626040287701517,1.02721849313318,-1.02721849313318,-0.765483239671381,0.765483239671381,-1.15560077441773,1.15560077441773,-0.697190063272833,0.697190063272833,0.815516128121759,-0.815516128121759,-0.62741493900383,0.62741493900383,0.36117370457128,-0.36117370457128,-1.15823341022603,1.15823341022603,0.00147231665204271,-0.00147231665204271,0.671775767201675,-0.671775767201675,-0.440336334274346,0.440336334274346,0.610757626245961,-0.610757626245961,1.21378884334816,-1.21378884334816,1.65205350749014,-1.65205350749014,0.553766486488861,-0.553766486488861,-0.0713915949749284,0.0713915949749284,0.412242498808831,-0.412242498808831,-0.266256618002969,0.266256618002969,-2.10495380448944,2.10495380448944,0.536708428132067,-0.536708428132067,-1.34113096456474,1.34113096456474,0.190541585167055,-0.190541585167055,-1.01075184619351,1.01075184619351,0.247170211375069,-0.247170211375069,0.344568127074707,-0.344568127074707,-2.09300180137894,2.09300180137894,0.635189949313512,-0.635189949313512,-0.966853132022777,0.966853132022777,1.00537316057654,-1.00537316057654,-0.404569170501661,0.404569170501661,-0.713261612956985,0.713261612956985,-0.0236613763211887,0.0236613763211887,0.419215251985539,-0.419215251985539,0.739941162233929,-0.739941162233929,0.396209130538379,-0.396209130538379,0.926107248630611,-0.926107248630611,0.799634574807148,-0.799634574807148,1.9534370644014,-1.9534370644014,0.996551099921723,-0.996551099921723,0.201203813929696,-0.201203813929696,0.357491089860975,-0.357491089860975,-0.238147347198428,0.238147347198428,-0.811202671101001,0.811202671101001,-1.9596573277574,1.9596573277574,0.386882591338895,-0.386882591338895,-0.116032411452118,0.116032411452118,0.321432072114196,-0.321432072114196,1.73401578482459,-1.73401578482459,0.735794621793886,-0.735794621793886,1.17369407953601,-1.17369407953601,0.250448556709214,-0.250448556709214,0.170404882864046,-0.170404882864046,-0.911190865673722,0.911190865673722,0.536102123792697,-0.536102123792697,-0.417019130572892,0.417019130572892,1.36649349430663,-1.36649349430663,1.80097929790143,-1.80097929790143,0.458674127238159,-0.458674127238159,-1.3014448326511,1.3014448326511,-0.553875898195713,0.553875898195713,-0.0905729915889129,0.0905729915889129,0.0466198123571043,-0.0466198123571043,0.811010360597994,-0.811010360597994,-0.952764885019985,0.952764885019985,-0.615338479540745,0.615338479540745,-1.10563045916935,1.10563045916935,-1.17939685793146,1.17939685793146,1.91056543974671,-1.91056543974671,0.226319777526587,-0.226319777526587,0.777764373621298,-0.777764373621298,-0.618681839669891,0.618681839669891,-0.589020070717227,0.589020070717227,-1.77982103566535,1.77982103566535,-0.116177213582053,0.116177213582053,2.18474737557956,-2.18474737557956,0.475446633381778,-0.475446633381778,-1.45482061141905,1.45482061141905,-1.08495326137928,1.08495326137928,0.499302818253602,-0.499302818253602,-1.59789621058022,1.59789621058022,1.10088200036405,-1.10088200036405,0.287665796528763,-0.287665796528763,0.367701398811399,-0.367701398811399,1.20087105618983,-1.20087105618983,0.174403072137696,-0.174403072137696,1.19315123706204,-1.19315123706204,-0.350852947795656,0.350852947795656,0.814590727369813,-0.814590727369813,-0.517138642903347,0.517138642903347,-0.626190080844102,0.626190080844102,-2.38216452786052,2.38216452786052,-0.491570470555866,0.491570470555866,0.171418622863732,-0.171418622863732,-0.25731853919629,0.25731853919629,1.37665340479516,-1.37665340479516,-0.63678439226825,0.63678439226825,-1.89415896306821,1.89415896306821,-0.359167901732787,0.359167901732787,-1.56394298605361,1.56394298605361,0.642728397328248,-0.642728397328248,-1.07551084936873,1.07551084936873,-0.717721312512004,0.717721312512004,1.55971665482484,-1.55971665482484,0.149960736636225,-0.149960736636225,-1.73747028325933,1.73747028325933,0.586497920066912,-0.586497920066912,-0.287970764863667,0.287970764863667,1.19507147668431,-1.19507147668431,-0.42819302624947,0.42819302624947,0.239145383758205,-0.239145383758205,0.406790515108199,-0.406790515108199,0.455036362740235,-0.455036362740235,-0.422195620559157,0.422195620559157,0.319568240957305,-0.319568240957305,-0.203354588865632,0.203354588865632,0.0675722851459679,-0.0675722851459679,-0.0768526555008329,0.0768526555008329,0.2656395567229,-0.2656395567229,-1.20431802144043,1.20431802144043,0.180479494395034,-0.180479494395034,-0.360675394035532,0.360675394035532,0.587831554938905,-0.587831554938905,-0.418411926360397,0.418411926360397,-0.0728520141373487,0.0728520141373487,0.813962392700821,-0.813962392700821,1.58701773688539,-1.58701773688539,0.355904282871418,-0.355904282871418,-0.0911379648909291,0.0911379648909291,1.63038942666849,-1.63038942666849,0.80077677805968,-0.80077677805968,-0.477578144918316,0.477578144918316,-1.07167101485611,1.07167101485611,-1.63395684063412,1.63395684063412,0.528000551340067,-0.528000551340067,0.310312751843644,-0.310312751843644,-1.94227984824492,1.94227984824492,-2.9691265504209,2.9691265504209,-1.11539675522184,1.11539675522184,-0.107284830823012,0.107284830823012,0.49544646109005,-0.49544646109005,1.10513672382077,-1.10513672382077,2.4462766543935,-2.4462766543935,1.30013660262331,-1.30013660262331,1.54016597909531,-1.54016597909531,-1.48053210030132,1.48053210030132,0.92698956261887,-0.92698956261887,2.3206164149922,-2.3206164149922,0.771605756803493,-0.771605756803493,1.77474663965907,-1.77474663965907,-1.16455813856454,1.16455813856454,-1.56261649695389,1.56261649695389,-0.186050003502118,0.186050003502118,0.0258503509042813,-0.0258503509042813,1.63865417266728,-1.63865417266728,0.439086630825808,-0.439086630825808,-0.404149027088064,0.404149027088064,-0.191037951069006,0.191037951069006,-1.82087247701511,1.82087247701511,-0.096636359001838,0.096636359001838,1.12186621590087,-1.12186621590087,0.100174889102543,-0.100174889102543,-0.235929040348614,0.235929040348614,0.45520161494001,-0.45520161494001,-1.326869729633,1.326869729633,-0.18595665989782,0.18595665989782,1.78883587601776,-1.78883587601776,0.477816298509421,-0.477816298509421,-0.0715801091003517,0.0715801091003517,-2.8901259769738,2.8901259769738,0.304302040024031,-0.304302040024031,-0.160344364122082,0.160344364122082,0.259888719791424,-0.259888719791424,0.992871712214584,-0.992871712214584,0.332352508265144,-0.332352508265144,-0.032784746827784,0.032784746827784,-0.697389347813229,0.697389347813229,1.03593398260306,-1.03593398260306,-1.47202019601793,1.47202019601793,-1.75747119900856,1.75747119900856,0.569083991759826,-0.569083991759826,0.47996874538607,-0.47996874538607,1.44152834291854,-1.44152834291854,0.438574339578395,-0.438574339578395,0.467597412728316,-0.467597412728316,-0.0910475195173741,0.0910475195173741,-1.16339729072743,1.16339729072743,1.57039765818413,-1.57039765818413,-1.02788283850396,1.02788283850396,-0.0128649127781858,0.0128649127781858,-0.234036376236336,0.234036376236336,-0.0652367018367746,0.0652367018367746,-0.682276945135887,0.682276945135887,-1.72197779148946,1.72197779148946,-1.13110207822788,1.13110207822788,-0.704467022796179,0.704467022796179,2.09151593409431,-2.09151593409431,-1.79852578880075,1.79852578880075,-0.0342195186925635,0.0342195186925635,-0.282535024658606,0.282535024658606,0.891418694249739,-0.891418694249739,-0.650660837778104,0.650660837778104,-0.642138543881578,0.642138543881578,-1.86043908326032,1.86043908326032,0.256727570482833,-0.256727570482833,1.44154423844739,-1.44154423844739,0.767624567881037,-0.767624567881037,-0.460448855468374,0.460448855468374,-0.439581447559757,0.439581447559757,1.13551645402622,-1.13551645402622,1.72079795702977,-1.72079795702977,0.34220652044769,-0.34220652044769,0.115703621264338,-0.115703621264338,-1.23206635715841,1.23206635715841,0.442379947465557,-0.442379947465557,-0.41253994490813,0.41253994490813,-1.05515771681939,1.05515771681939,-1.16836146573847,1.16836146573847,-0.291128098214648,0.291128098214648,0.0127344607635734,-0.0127344607635734,-1.27763849094161,1.27763849094161,0.937931094845645,-0.937931094845645,-0.603124257470871,0.603124257470871,-0.588683312215052,0.588683312215052,-1.08420597951699,1.08420597951699,-1.30797103689589,1.30797103689589,-0.396231852032663,0.396231852032663,2.45638839928188,-2.45638839928188,-0.186080975791571,0.186080975791571,-1.4333911123077,1.4333911123077,-0.972706165730882,0.972706165730882,-1.11252394549768,1.11252394549768,0.475026352781219,-0.475026352781219,0.946782664879055,-0.946782664879055,0.186296143862096,-0.186296143862096,1.10470084368482,-1.10470084368482,0.0268629835422233,-0.0268629835422233,-1.00549688827014,1.00549688827014,0.259744931873109,-0.259744931873109,-0.0734441325889766,0.0734441325889766,-0.859625078488258,0.859625078488258,0.0212776236806402,-0.0212776236806402,-1.59688671162599,1.59688671162599,0.106709767396036,-0.106709767396036,0.535657453187751,-0.535657453187751,-2.14152527865982,2.14152527865982,1.30074200593778,-1.30074200593778,-1.52461596397437,1.52461596397437,-0.225164145618216,0.225164145618216,0.141759319204154,-0.141759319204154,0.617028318798049,-0.617028318798049,-0.205497768233795,0.205497768233795,-0.12443111740309,0.12443111740309,-0.157611545234242,0.157611545234242,0.354980860200827,-0.354980860200827,1.38532005943524,-1.38532005943524,-0.856213893274263,0.856213893274263,1.18656502042726,-1.18656502042726,-1.95014130631995,1.95014130631995,0.0150522749713434,-0.0150522749713434,-1.1192547678511,1.1192547678511,0.0222240987101528,-0.0222240987101528,-1.78473761358599,1.78473761358599,-0.545508704139721,0.545508704139721,-0.580229834850595,0.580229834850595,0.0715238260242056,-0.0715238260242056,-0.809352845249125,0.809352845249125,1.70003262071045,-1.70003262071045,0.448014183636201,-0.448014183636201,0.172877053365855,-0.172877053365855,-1.69647695956644,1.69647695956644,-1.06606944468379,1.06606944468379,1.60389845414815,-1.60389845414815,-0.584543840241604,0.584543840241604,0.283955437033393,-0.283955437033393,-0.551347193504177,0.551347193504177,1.592902915143,-1.592902915143,0.0819892708477264,-0.0819892708477264,0.630914097019155,-0.630914097019155,0.663182332334979,-0.663182332334979,-0.710486216984445,0.710486216984445,-0.938697259545733,0.938697259545733,0.0757149353033893,-0.0757149353033893,-0.152909848635941,0.152909848635941,-0.397435694239984,0.397435694239984,1.2233442574017,-1.2233442574017,0.469304723709636,-0.469304723709636,-1.3881782078134,1.3881782078134,0.118331932063442,-0.118331932063442,-1.02710554663811,1.02710554663811,0.20236804638909,-0.20236804638909,-0.483540750749111,0.483540750749111,0.618486907844685,-0.618486907844685,1.41411012260676,-1.41411012260676,-0.954811704672309,0.954811704672309,1.06847817842302,-1.06847817842302,0.267319197242914,-0.267319197242914,0.162510186220706,-0.162510186220706,-0.259152602648312,0.259152602648312,-0.789474457065529,0.789474457065529,-0.20283779283804,0.20283779283804,-0.773000278936259,0.773000278936259,-1.54143967649201,1.54143967649201,1.02410417547066,-1.02410417547066,-0.332600890177493,0.332600890177493,1.11261406537617,-1.11261406537617,-1.03720030403997,1.03720030403997,0.489831244764127,-0.489831244764127,1.32949300647402,-1.32949300647402,1.49762723982204,-1.49762723982204,-0.512170863105839,0.512170863105839,0.0234851559503838,-0.0234851559503838,-0.625626816460482,0.625626816460482,0.925588907214891,-0.925588907214891,-0.710605005310431,0.710605005310431,-1.27957763357581,1.27957763357581,-1.48130825734612,1.48130825734612,-2.12799381253669,2.12799381253669,0.177848832551243,-0.177848832551243,-0.274844678072917,0.274844678072917,-1.46219634761246,1.46219634761246,-0.413741119187605,0.413741119187605,-0.615230044017069,0.615230044017069,0.144239163761561,-0.144239163761561,0.106802259019167,-0.106802259019167,-1.04735475529695,1.04735475529695,-1.12428987812117,1.12428987812117,0.420500447588507,-0.420500447588507,0.789266572842118,-0.789266572842118,0.26049110898008,-0.26049110898008,-3.32649600323337,3.32649600323337,0.186497444312832,-0.186497444312832,1.24721272910474,-1.24721272910474,1.4727248430384,-1.4727248430384,-0.49041988818521,0.49041988818521,-0.876209501215622,0.876209501215622,-0.570588893101827,0.570588893101827,-0.237863371752481,0.237863371752481,1.12684943926712,-1.12684943926712,0.439463924001691,-0.439463924001691,0.267924617492395,-0.267924617492395,0.904377856559139,-0.904377856559139,2.79379168111237,-2.79379168111237,-1.27606033249245,1.27606033249245,-1.86273840454867,1.86273840454867,-1.18294812458693,1.18294812458693,0.185958864126556,-0.185958864126556,-0.201421852415396,0.201421852415396,-0.724012311096319,0.724012311096319,-0.315669480739763,0.315669480739763,1.17549807790827,-1.17549807790827,-0.350023285961861,0.350023285961861,0.00411327206129592,-0.00411327206129592,-0.613745726697973,0.613745726697973,-0.691296903665354,0.691296903665354,0.129148290978038,-0.129148290978038,1.07781164144483,-1.07781164144483,-1.55370258987689,1.55370258987689,-0.745713625178821,0.745713625178821,1.72965356067828,-1.72965356067828,0.244429149708243,-0.244429149708243,-0.431552035126196,0.431552035126196,-2.16407321336094,2.16407321336094,0.170085976907348,-0.170085976907348,0.380704752902443,-0.380704752902443,-0.245512303776115,0.245512303776115,0.39373405072797,-0.39373405072797,1.17650367338416,-1.17650367338416,0.4062955360854,-0.4062955360854,-0.829488320111852,0.829488320111852,0.133696701194722,-0.133696701194722,-1.52518251675429,1.52518251675429,1.59428078392719,-1.59428078392719,-1.20210917175163,1.20210917175163,1.95408855501445,-1.95408855501445,0.213360735866207,-0.213360735866207,1.71476917851941,-1.71476917851941,-0.857258151288477,0.857258151288477,1.34416533196249,-1.34416533196249,0.871183241953245,-0.871183241953245,0.499706186500659,-0.499706186500659,-0.214007760531277,0.214007760531277,-0.0402757750728444,0.0402757750728444,0.201488316341085,-0.201488316341085,-1.05455270986629,1.05455270986629,-0.0714645612621727,0.0714645612621727,-0.79670434452327,0.79670434452327,-0.233950583126442,0.233950583126442,-1.53146424594116,1.53146424594116,-0.611287929276987,0.611287929276987,0.824610237551698,-0.824610237551698,-0.0959771019299339,0.0959771019299339,1.31400202577482,-1.31400202577482,-0.338776140792712,0.338776140792712,-0.13525187387155,0.13525187387155,0.0703805816414116,-0.0703805816414116,0.333609350552342,-0.333609350552342,0.072375105175242,-0.072375105175242,1.89413974127707,-1.89413974127707,-0.795309266407698,0.795309266407698,-0.348904239470173,0.348904239470173,-0.698381430060358,0.698381430060358,-1.75190835304244,1.75190835304244,0.354126258643793,-0.354126258643793,0.0348596192793206,-0.0348596192793206,0.570749369036379,-0.570749369036379,0.247725180731678,-0.247725180731678,-0.793648129824395,0.793648129824395,-1.16760073956921,1.16760073956921,-0.215484577994338,0.215484577994338,1.11472050482692,-1.11472050482692,0.17155788384136,-0.17155788384136,-1.40887550531207,1.40887550531207,-0.69878659662234,0.69878659662234,0.894170953389073,-0.894170953389073,-2.41417906173252,2.41417906173252,1.90202844320969,-1.90202844320969,-0.772904008966218,0.772904008966218,0.349372797308267,-0.349372797308267,0.879852052458631,-0.879852052458631,0.354729839200688,-0.354729839200688,1.55236011115668,-1.55236011115668,-0.0378293624191233,0.0378293624191233,0.915214247348823,-0.915214247348823,-2.16326167470732,2.16326167470732,0.16249837267955,-0.16249837267955,-0.241544600238517,0.241544600238517,0.185346704547413,-0.185346704547413,0.469498921712266,-0.469498921712266,0.38399282504386,-0.38399282504386,1.35805311526492,-1.35805311526492,-0.243438996428494,0.243438996428494,0.737106225560834,-0.737106225560834,0.285623206167888,-0.285623206167888,1.26717762773902,-1.26717762773902,0.278064309675851,-0.278064309675851,-0.289876800899317,0.289876800899317,-0.725350105094524,0.725350105094524,-0.279444019462038,0.279444019462038,0.448139948417716,-0.448139948417716,-0.833696619302328,0.833696619302328,-0.479723671303965,0.479723671303965,1.26308205205272,-1.26308205205272,-1.31297070109544,1.31297070109544,-0.681436822812971,0.681436822812971,-0.911876700814169,0.911876700814169,0.161446803292201,-0.161446803292201,-0.653693995592513,0.653693995592513,0.303589418399816,-0.303589418399816,-0.340060948451573,0.340060948451573,-0.816841349528059,0.816841349528059,-0.0170865035659548,0.0170865035659548,0.297596289904507,-0.297596289904507,-0.164084699487416,0.164084699487416,0.551139190619414,-0.551139190619414,-1.68691152070475,1.68691152070475,-1.27160033637054,1.27160033637054,-0.599216702580663,0.599216702580663,-0.415543034660749,0.415543034660749,1.64141432261966,-1.64141432261966,-0.963176570237875,0.963176570237875,1.32503850951252,-1.32503850951252,0.943435815786474,-0.943435815786474,-0.283487950169356,0.283487950169356,0.908038588606133,-0.908038588606133,-1.39753619907971,1.39753619907971,-0.0291844793150782,0.0291844793150782,1.10486968001428,-1.10486968001428,0.59651419236668,-0.59651419236668,-0.0174466311708866,0.0174466311708866,-0.645275112597681,0.645275112597681,-0.0690711996814854,0.0690711996814854,-0.126813866400205,0.126813866400205,-0.33069705896881,0.33069705896881,0.48024792577522,-0.48024792577522,1.8033612115474,-1.8033612115474,-1.47576429470829,1.47576429470829,-0.657013287234517,0.657013287234517,-0.572828785479536,0.572828785479536,0.36805799443245,-0.36805799443245,0.788174856141387,-0.788174856141387,-0.106372172679463,0.106372172679463,-0.43579528753001,0.43579528753001,-0.490446598765956,0.490446598765956,-0.540300640175036,0.540300640175036,-1.02624395872499,1.02624395872499,-1.04792300325564,1.04792300325564,0.659371533200562,-0.659371533200562,0.361567815469747,-0.361567815469747,2.3475709396645,-2.3475709396645,-0.689762461017656,0.689762461017656,0.708569851173391,-0.708569851173391,-2.10419831263685,2.10419831263685,1.14488520748902,-1.14488520748902,-0.494944964174706,0.494944964174706,0.322935700611744,-0.322935700611744,0.0511482854013581,-0.0511482854013581,0.671579499045142,-0.671579499045142,0.461519633701219,-0.461519633701219,-1.1339864196775,1.1339864196775,-1.39702827801457,1.39702827801457,0.768656094928656,-0.768656094928656,-0.446570618204751,0.446570618204751,0.446610459976273,-0.446610459976273,-0.571114827412492,0.571114827412492,0.182192941182405,-0.182192941182405,-1.21807207902364,1.21807207902364,2.13457667620257,-2.13457667620257,0.58503223555424,-0.58503223555424,-0.935837398300519,0.935837398300519,1.66628800241855,-1.66628800241855,-1.22363441934795,1.22363441934795,-0.353723403504746,0.353723403504746,0.799528895055812,-0.799528895055812,1.26223861113509,-1.26223861113509,-1.45715333874347,1.45715333874347,0.601121097541494,-0.601121097541494,-0.38936747476187,0.38936747476187,-1.35973708348359,1.35973708348359,-0.702858434008501,0.702858434008501,0.905537756061573,-0.905537756061573,-1.27379708216507,1.27379708216507,0.856662877155634,-0.856662877155634,0.694109758979913,-0.694109758979913,-0.446696835595888,0.446696835595888
0.154192221672711,-0.154192221672711,0.566273972138441,-0.566273972138441,0.212077715510213,-0.212077715510213,-0.669875642008415,0.669875642008415,1.17980629678088,-1.17980629678088,1.23685681489675,-1.23685681489675,1.77205232727222,-1.77205232727222,-1.09413281531252,1.09413281531252,-0.492988620414759,0.492988620414759,0.632402953460267,-0.632402953460267,-0.102566913846631,0.102566913846631,-0.668423228483532,0.668423228483532,0.262159509417351,-0.262159509417351,-1.10412193786724,1.10412193786724,-0.450225925674963,0.450225925674963,0.6604163699156,-0.6604163699156,0.620181071005188,-0.620181071005188,0.948189750503569,-0.948189750503569,0.412214384592563,-0.412214384592563,1.02865640826301,-1.02865640826301,-1.70686873152412,1.70686873152412,1.4575249153843,-1.4575249153843,-1.44750138969305,1.44750138969305,2.6466295706967,-2.6466295706967,2.43801955274514,-2.43801955274514,-1.11208235973853,1.11208235973853,1.41713951017677,-1.41713951017677,-0.063580231848484,0.063580231848484,-0.388944804639261,0.388944804639261,1.00618489180297,-1.00618489180297,-0.00384469386905367,0.00384469386905367,0.455362734104671,-0.455362734104671,-0.826159186044494,0.826159186044494,0.387267534762058,-0.387267534762058,-0.199897741814329,0.199897741814329,0.0413824212933845,-0.0413824212933845,-0.535713837227934,0.535713837227934,-1.14631815851206,1.14631815851206,0.629209891219234,-0.629209891219234,-1.13476403276254,1.13476403276254,-0.848609384117935,0.848609384117935,-0.628982007658158,0.628982007658158,0.229409126303054,-0.229409126303054,-1.81172868412959,1.81172868412959,1.23428737120225,-1.23428737120225,-1.75228205218612,1.75228205218612,1.01448845725311,-1.01448845725311,0.383403004625258,-0.383403004625258,-0.912477691002689,0.912477691002689,0.135429934319704,-0.135429934319704,0.859487555191343,-0.859487555191343,-1.59119082363554,1.59119082363554,0.275690855955149,-0.275690855955149,-1.79976798322361,1.79976798322361,0.100215464704518,-0.100215464704518,1.69536266238273,-1.69536266238273,0.949070619139287,-0.949070619139287,1.2082829786491,-1.2082829786491,0.706458556164716,-0.706458556164716,-0.886775762008181,0.886775762008181,-0.985451846768274,0.985451846768274,1.50520910889857,-1.50520910889857,1.62518687523368,-1.62518687523368,-0.0382394399955142,0.0382394399955142,1.02403162936399,-1.02403162936399,-0.662914897538589,0.662914897538589,0.0836657075026587,-0.0836657075026587,-0.722966557296384,0.722966557296384,0.915717199089687,-0.915717199089687,0.0158030293457546,-0.0158030293457546,2.69236979536633,-2.69236979536633,-1.53955307718744,1.53955307718744,0.302598008791876,-0.302598008791876,3.00521474900106,-3.00521474900106,2.40626131941131,-2.40626131941131,0.476842326869777,-0.476842326869777,-0.236931384208911,0.236931384208911,0.849215257712722,-0.849215257712722,0.0794917147083765,-0.0794917147083765,-0.00720555386169293,0.00720555386169293,0.888819365040509,-0.888819365040509,-2.5945118403002,2.5945118403002,-0.967855699419233,0.967855699419233,0.130965050246663,-0.130965050246663,-1.06088049635043,1.06088049635043,-0.509689602972255,0.509689602972255,-1.00816848464466,1.00816848464466,-0.688549941074891,0.688549941074891,-0.56505347711514,0.56505347711514,-0.448042374006466,0.448042374006466,0.269612334391764,-0.269612334391764,1.18685477198651,-1.18685477198651,0.0213722848530381,-0.0213722848530381,-0.124021887603454,0.124021887603454,0.134270818768421,-0.134270818768421,1.71435394759484,-1.71435394759484,0.822076714564327,-0.822076714564327,-2.42410188536291,2.42410188536291,0.626806365032962,-0.626806365032962,-0.80284743175975,0.80284743175975,-0.627585200040771,0.627585200040771,0.777014871738222,-0.777014871738222,-0.186637445073084,0.186637445073084,-0.601875417043141,0.601875417043141,2.17804795664437,-2.17804795664437,-0.324912482305277,0.324912482305277,0.0668239244365784,-0.0668239244365784,0.582305815945318,-0.582305815945318,2.22122420243444,-2.22122420243444,1.43427033033492,-1.43427033033492,-0.232052589047165,0.232052589047165,2.28561460103967,-2.28561460103967,0.517340762739207,-0.517340762739207,-1.00458990079427,1.00458990079427,-0.676723982118554,0.676723982118554,-1.54291525511983,1.54291525511983,-1.79162314750365,1.79162314750365,-0.16816291797842,0.16816291797842,0.827090697848006,-0.827090697848006,0.548379488571211,-0.548379488571211,1.41237242342281,-1.41237242342281,-1.09872711902993,1.09872711902993,0.830889521669425,-0.830889521669425,-0.476265033146572,0.476265033146572,0.204592129151294,-0.204592129151294,0.0902244373490531,-0.0902244373490531,-0.590962107775639,0.590962107775639,-1.66017588778758,1.66017588778758,1.54322594543404,-1.54322594543404,2.11925429068487,-2.11925429068487,-0.543685241008161,0.543685241008161,0.2204397620097,-0.2204397620097,1.43178298188017,-1.43178298188017,-0.228972245322238,0.228972245322238,0.345830729332942,-0.345830729332942,-0.277564114730734,0.277564114730734,-1.12763274651158,1.12763274651158,0.158912075187819,-0.158912075187819,-1.68683867848933,1.68683867848933,1.60795068029979,-1.60795068029979,2.08575130906207,-2.08575130906207,0.555503310487864,-0.555503310487864,-2.32942922570259,2.32942922570259,0.143864166605274,-0.143864166605274,0.429478411741369,-0.429478411741369,-0.509612916013669,0.509612916013669,-0.376763680586939,0.376763680586939,-0.528438290253954,0.528438290253954,-0.0966740471458551,0.0966740471458551,0.405580789609173,-0.405580789609173,1.22757280110732,-1.22757280110732,-1.49053795167121,1.49053795167121,1.34140011895444,-1.34140011895444,-0.361104197466932,0.361104197466932,0.324097023211399,-0.324097023211399,0.373703791739892,-0.373703791739892,1.65148574587989,-1.65148574587989,-0.582047750633403,0.582047750633403,-1.67484007646692,1.67484007646692,0.990818125023248,-0.990818125023248,-1.49431198672645,1.49431198672645,0.721051425155414,-0.721051425155414,-1.22934484840232,1.22934484840232,-2.21858039004621,2.21858039004621,0.404805664743805,-0.404805664743805,1.34164689368338,-1.34164689368338,-0.991313659805917,0.991313659805917,1.76466939012067,-1.76466939012067,-0.506623878804127,0.506623878804127,0.300420960018346,-0.300420960018346,1.12194830180304,-1.12194830180304,0.952817906995843,-0.952817906995843,0.444372446349649,-0.444372446349649,0.893819938366437,-0.893819938366437,1.07185387140548,-1.07185387140548,1.54613640584938,-1.54613640584938,0.11035947887223,-0.11035947887223,-0.460493911680584,0.460493911680584,-0.00395601878515202,0.00395601878515202,0.566043764715838,-0.566043764715838,-1.75971042338758,1.75971042338758,-0.696937212369641,0.696937212369641,-0.186907047296502,0.186907047296502,1.77866642917863,-1.77866642917863,1.28409872756194,-1.28409872756194,-1.21414504980157,1.21414504980157,0.109476060482578,-0.109476060482578,0.0852009896817444,-0.0852009896817444,2.55676094030698,-2.55676094030698,0.369913854107438,-0.369913854107438,-2.35432801765335,2.35432801765335,-0.494617909407283,0.494617909407283,-1.25394101858436,1.25394101858436,0.506102876920215,-0.506102876920215,0.231137006667858,-0.231137006667858,-0.172487387181543,0.172487387181543,-1.23267508794038,1.23267508794038,-0.0600290991202821,0.0600290991202821,-1.54035632380618,1.54035632380618,1.13592272535873,-1.13592272535873,-1.16748208157658,1.16748208157658,-1.17686973090583,1.17686973090583,0.154191562977356,-0.154191562977356,0.624076380512471,-0.624076380512471,0.572464028950154,-0.572464028950154,-0.837187967002658,0.837187967002658,1.16311945396884,-1.16311945396884,0.0802287328291345,-0.0802287328291345,-1.45525977786043,1.45525977786043,-0.783006638793855,0.783006638793855,0.575135026358063,-0.575135026358063,0.641737087648655,-0.641737087648655,-1.71394491023797,1.71394491023797,0.459791265152203,-0.459791265152203,1.08743257347827,-1.08743257347827,-0.15222852579479,0.15222852579479,0.26671227157265,-0.26671227157265,-1.76868157607083,1.76868157607083,-0.326425115139083,0.326425115139083,-0.711387926548174,0.711387926548174,0.0159391018117267,-0.0159391018117267,-0.385539273337589,0.385539273337589,1.86198740175038,-1.86198740175038,1.30055020701024,-1.30055020701024,0.377426253724847,-0.377426253724847,0.560894347909765,-0.560894347909765,-1.36533954183669,1.36533954183669,1.05924686683171,-1.05924686683171,-0.412105636873173,0.412105636873173,0.929255573914041,-0.929255573914041,-2.00779538635511,2.00779538635511,-1.36137206611952,1.36137206611952,1.25576405184554,-1.25576405184554,-0.195618507021877,0.195618507021877,-1.21954035847069,1.21954035847069,0.258756425233132,-0.258756425233132,-0.869019962159029,0.869019962159029,-2.19924571900915,2.19924571900915,-2.04390570092715,2.04390570092715,0.0746530553920784,-0.0746530553920784,-0.042660968219494,0.042660968219494,0.512326798847807,-0.512326798847807,-0.0183190300536009,0.0183190300536009,-0.699860628022033,0.699860628022033,0.290952374473506,-0.290952374473506,-2.61552391445243,2.61552391445243,0.411846579736473,-0.411846579736473,-0.756376253831039,0.756376253831039,0.772651789543896,-0.772651789543896,-0.451551783431532,0.451551783431532,0.456565645881173,-0.456565645881173,0.592740643294023,-0.592740643294023,0.217446430690039,-0.217446430690039,0.207334832474491,-0.207334832474491,-1.47746658267994,1.47746658267994,-0.137144638505354,0.137144638505354,0.180782425359215,-0.180782425359215,-1.28838493848836,1.28838493848836,0.316306520476956,-0.316306520476956,0.932377488761308,-0.932377488761308,-0.0457727756945651,0.0457727756945651,-0.303883203976081,0.303883203976081,1.15665255720917,-1.15665255720917,0.70989832069784,-0.70989832069784,0.326314453613955,-0.326314453613955,0.276571380753762,-0.276571380753762,0.483536781492,-0.483536781492,0.59993329041872,-0.59993329041872,1.35582933892939,-1.35582933892939,-0.676271155463969,0.676271155463969,0.608946182823813,-0.608946182823813,0.448252837914129,-0.448252837914129,0.300823293260618,-0.300823293260618,0.304194598439572,-0.304194598439572,1.379660294026,-1.379660294026,-0.0296269972696735,0.0296269972696735,1.49752917986286,-1.49752917986286,-0.253482383127829,0.253482383127829,-0.646505028721229,0.646505028721229,1.40016670392214,-1.40016670392214,0.487201524313316,-0.487201524313316,0.014991537344488,-0.014991537344488,0.411188182108328,-0.411188182108328,0.953412139366696,-0.953412139366696,-0.0638513801639086,0.0638513801639086,-0.842483240948899,0.842483240948899,-0.534399337039629,0.534399337039629,-0.817477516276417,0.817477516276417,0.174939542282373,-0.174939542282373,-0.16348993815606,0.16348993815606,-0.222183989471873,0.222183989471873,-0.47615939787083,0.47615939787083,0.00552817711027454,-0.00552817711027454,-0.366542708738589,0.366542708738589,-1.55050488853421,1.55050488853421,1.21855178563546,-1.21855178563546,0.42688875803218,-0.42688875803218,0.675208969696847,-0.675208969696847,-0.828756161585159,0.828756161585159,1.42112332735806,-1.42112332735806,0.234909669594776,-0.234909669594776,0.802511271139554,-0.802511271139554,-0.740263239903218,0.740263239903218,-0.624981275802089,0.624981275802089,-0.826744674148805,0.826744674148805,1.31268892954107,-1.31268892954107,1.17308766978207,-1.17308766978207,0.196764354704483,-0.196764354704483,1.42654462098793,-1.42654462098793,0.753977148129898,-0.753977148129898,1.00883975364474,-1.00883975364474,1.61851961616271,-1.61851961616271,-1.93105784869287,1.93105784869287,-0.0161293031970937,0.0161293031970937,1.58522891740131,-1.58522891740131,1.00041663711902,-1.00041663711902,0.201814950054373,-0.201814950054373,3.270811479973,-3.270811479973,0.383390338108694,-0.383390338108694,0.0754614906555993,-0.0754614906555993,0.734758983923728,-0.734758983923728,-0.79636931977776,0.79636931977776,0.939567609398089,-0.939567609398089,-0.716944924797184,0.716944924797184,-0.423655279232726,0.423655279232726,0.453967024708374,-0.453967024708374,0.227247146025077,-0.227247146025077,1.8584118381805,-1.8584118381805,-0.0996450087954667,0.0996450087954667,-0.896873308219409,0.896873308219409,-0.623995699451966,0.623995699451966,0.605312417849669,-0.605312417849669,-0.225591838037595,0.225591838037595,-1.29725059309891,1.29725059309891,-0.41401056592117,0.41401056592117,0.8763615136474,-0.8763615136474,0.0248366504761399,-0.0248366504761399,0.0349796143525282,-0.0349796143525282,-2.11391657013106,2.11391657013106,-0.883278745427981,0.883278745427981,2.35279224872179,-2.35279224872179,0.785685620445444,-0.785685620445444,-0.820045205192271,0.820045205192271,0.389075245018498,-0.389075245018498,-1.44024059741657,1.44024059741657,0.293209145209141,-0.293209145209141,1.19394910849189,-1.19394910849189,0.314519275981249,-0.314519275981249,1.18276219888585,-1.18276219888585,-0.137055350418494,0.137055350418494,-1.74524188877317,1.74524188877317,0.346268655623373,-0.346268655623373,-0.81605703716598,0.81605703716598,-0.29336407862584,0.29336407862584,0.142050845450921,-0.142050845450921,-0.594105031128338,0.594105031128338,-1.05102140995194,1.05102140995194,-0.13275009347823,0.13275009347823,0.0404754403153975,-0.0404754403153975,-0.849331471505608,0.849331471505608,1.16676626676464,-1.16676626676464,0.443452121368699,-0.443452121368699,0.0533316636578974,-0.0533316636578974,-2.04846994828313,2.04846994828313,0.381013345252366,-0.381013345252366,-0.0323953766232454,0.0323953766232454,-0.411918526760323,0.411918526760323,0.357807206224742,-0.357807206224742,-0.801829613514631,0.801829613514631,-0.150410879305742,0.150410879305742,-0.0100237850844346,0.0100237850844346,0.875815984471343,-0.875815984471343,-2.00195028280686,2.00195028280686,-0.145286060310198,0.145286060310198,-0.302001307660934,0.302001307660934,1.21286638592993,-1.21286638592993,0.239656892167349,-0.239656892167349,1.03525024166696,-1.03525024166696,-0.106437980293229,0.106437980293229,-1.03476487250613,1.03476487250613,0.409740187188279,-0.409740187188279,0.908935803645266,-0.908935803645266,0.858707652358234,-0.858707652358234,0.671119275590079,-0.671119275590079,-0.879272327174925,0.879272327174925,0.041358910235767,-0.041358910235767,-0.0986292352023791,0.0986292352023791,1.69558221796259,-1.69558221796259,-0.153649759777107,0.153649759777107,1.09372679930451,-1.09372679930451,0.769072625825094,-0.769072625825094,-0.125114281094451,0.125114281094451,0.629500384122678,-0.629500384122678,0.443526221105518,-0.443526221105518,-0.593690425146555,0.593690425146555,1.44306923937125,-1.44306923937125,-1.14916325385561,1.14916325385561,-0.0701005687099943,0.0701005687099943,-0.70624588972926,0.70624588972926,-0.210526125399148,0.210526125399148,0.603391891225183,-0.603391891225183,1.85977394202199,-1.85977394202199,-1.32435736489984,1.32435736489984,-0.161061143113723,0.161061143113723,0.660541024488984,-0.660541024488984,-1.35818436747526,1.35818436747526,0.294787694462929,-0.294787694462929,0.247815334999113,-0.247815334999113,-0.175858143034476,0.175858143034476,-0.0588643495625317,0.0588643495625317,-0.00855688330228427,0.00855688330228427,-1.20156894583918,1.20156894583918,-0.325687613690625,0.325687613690625,1.96282990681863,-1.96282990681863,-1.08916858203703,1.08916858203703,1.94898353251447,-1.94898353251447,-1.01758005591183,1.01758005591183,1.33768360933003,-1.33768360933003,-0.636285017222515,0.636285017222515,0.0530707132836842,-0.0530707132836842,0.165028206937302,-0.165028206937302,-0.339674198178634,0.339674198178634,-0.94222596276593,0.94222596276593,0.26059341882188,-0.26059341882188,-0.657084902188854,0.657084902188854,-0.0186993987795283,0.0186993987795283,-0.482106103718548,0.482106103718548,0.119622082385764,-0.119622082385764,-0.707569399869811,0.707569399869811,-1.12209722292301,1.12209722292301,1.5092436655322,-1.5092436655322,-1.31240296893799,1.31240296893799,1.44990680558057,-1.44990680558057,-0.364105994958095,0.364105994958095,-1.47677572330178,1.47677572330178,1.24516251277001,-1.24516251277001,0.0581643992163093,-0.0581643992163093,1.89861987623672,-1.89861987623672,0.670976721887193,-0.670976721887193,1.2426228432185,-1.2426228432185,-0.560880403926453,0.560880403926453,-0.138277957812201,0.138277957812201,-0.64752090885259,0.64752090885259,0.355070854458384,-0.355070854458384,-1.82178461571078,1.82178461571078,1.26195971546413,-1.26195971546413,-1.74701196245348,1.74701196245348,0.756926356445274,-0.756926356445274,-0.849400436799036,0.849400436799036,-1.44260297041054,1.44260297041054,1.90150955920491,-1.90150955920491,-1.1127560746146,1.1127560746146,1.26062573819424,-1.26062573819424,-2.2179031322668,2.2179031322668,-0.602896634043289,0.602896634043289,-0.587607439295001,0.587607439295001,1.13725148326897,-1.13725148326897,-1.40859227470033,1.40859227470033,-0.480168542881376,0.480168542881376,0.254439662089347,-0.254439662089347,-0.158557782706665,0.158557782706665,-0.905519106915562,0.905519106915562,-0.934994612560466,0.934994612560466,-1.69802666505839,1.69802666505839,0.67705790160426,-0.67705790160426,-0.63774494442649,0.63774494442649,-0.0983677671372269,0.0983677671372269,-0.23793364811158,0.23793364811158,-1.19474947873758,1.19474947873758,0.20213286900589,-0.20213286900589,-1.01950399065375,1.01950399065375,-1.15396276684274,1.15396276684274,-0.0361864174921799,0.0361864174921799,0.873526087513005,-0.873526087513005,1.43404176938332,-1.43404176938332,0.0121750810804215,-0.0121750810804215,0.983697608177223,-0.983697608177223,1.61929338154826,-1.61929338154826,0.822837118071458,-0.822837118071458,-0.0220160792687083,0.0220160792687083,-0.0297111074293172,0.0297111074293172,0.42738913245839,-0.42738913245839,-0.755665723027955,0.755665723027955,-0.59464008133592,0.59464008133592,-0.237626142836007,0.237626142836007,-0.577497186026233,0.577497186026233,-2.80727679993136,2.80727679993136,0.164275443156854,-0.164275443156854,0.928263136776624,-0.928263136776624,0.217976609698807,-0.217976609698807,0.98496011641559,-0.98496011641559,1.11097013045783,-1.11097013045783,1.56167975544125,-1.56167975544125,0.877348273680496,-0.877348273680496,-0.228365101764519,0.228365101764519,-1.03407044828732,1.03407044828732,0.081691395471701,-0.081691395471701,0.638887601648886,-0.638887601648886,-1.37490286040622,1.37490286040622,-1.3344927569627,1.3344927569627,0.0643551458805156,-0.0643551458805156,1.09354531355425,-1.09354531355425,0.0192379514776431,-0.0192379514776431,0.0694641613568565,-0.0694641613568565,0.922188956953792,-0.922188956953792,2.09029614466163,-2.09029614466163,-0.732511528580378,0.732511528580378,-0.440251841520331,0.440251841520331,0.394098835838839,-0.394098835838839,-0.160289166086699,0.160289166086699,-0.215156909756426,0.215156909756426,-2.24268405533315,2.24268405533315,0.314051161872277,-0.314051161872277,-1.16914194897868,1.16914194897868,-0.0547123621135076,0.0547123621135076,0.32774702472418,-0.32774702472418,2.05348701862319,-2.05348701862319,-1.09300782185696,1.09300782185696,-0.5337773265832,0.5337773265832,0.0201901389288062,-0.0201901389288062,-1.57521591187263,1.57521591187263,-2.02410661199529,2.02410661199529,-0.408643108356947,0.408643108356947,-0.391343345292912,0.391343345292912,0.0975431426500988,-0.0975431426500988,0.928914274945262,-0.928914274945262,0.320872412004136,-0.320872412004136,-0.276560989262431,0.276560989262431,0.0942364301934629,-0.0942364301934629,-0.192082911899127,0.192082911899127,-0.829109674296215,0.829109674296215,1.16121020597136,-1.16121020597136,1.92628992478737,-1.92628992478737,0.958371769147055,-0.958371769147055,-0.304509121577064,0.304509121577064,0.42749802145997,-0.42749802145997,-0.0371265179507333,0.0371265179507333,2.19551104889396,-2.19551104889396,-0.496978887867908,0.496978887867908,-0.231003016786893,0.231003016786893,1.06080811430563,-1.06080811430563,0.398838113785101,-0.398838113785101,-0.0678761222468208,0.0678761222468208,1.33661189217794,-1.33661189217794,1.58723291412916,-1.58723291412916,1.42914289326307,-1.42914289326307,0.102508298371098,-0.102508298371098,1.92534848154123,-1.92534848154123,0.405895846040126,-0.405895846040126,-1.37404960401119,1.37404960401119,-1.64891012466003,1.64891012466003,0.331960291576248,-0.331960291576248,-0.466537985969874,0.466537985969874,0.654294708119939,-0.654294708119939,1.17322414199945,-1.17322414199945,-1.05603334341238,1.05603334341238,-0.258928853792047,0.258928853792047,0.645601110042122,-0.645601110042122,0.294072173612659,-0.294072173612659,-0.406093870844815,0.406093870844815,1.35730146469439,-1.35730146469439,-1.00936646879093,1.00936646879093,1.03684128355394,-1.03684128355394,-0.660146896107321,0.660146896107321,-0.73360575088008,0.73360575088008,-0.914368785363781,0.914368785363781,1.07976854267606,-1.07976854267606,-1.06623010883197,1.06623010883197,-0.656744648678762,0.656744648678762,-1.45132353282424,1.45132353282424,1.49038216450839,-1.49038216450839,-0.158551635813396,0.158551635813396,-0.113582431474301,0.113582431474301,-0.66913485269514,0.66913485269514,0.134536640215504,-0.134536640215504,0.193842603797305,-0.193842603797305,0.458964349473964,-0.458964349473964,1.05393880846082,-1.05393880846082,-1.09271830907652,1.09271830907652,0.804735892927003,-0.804735892927003,-0.883644928266652,0.883644928266652,-0.426896276650097,0.426896276650097,0.792086448085074,-0.792086448085074,1.49695020009925,-1.49695020009925,0.530626753327261,-0.530626753327261,-2.00168477703397,2.00168477703397,1.48838314265632,-1.48838314265632,0.873377259524698,-0.873377259524698,0.825008242858166,-0.825008242858166,0.876155953623571,-0.876155953623571,-1.25019226270212,1.25019226270212,0.611216829021999,-0.611216829021999,0.143942835303349,-0.143942835303349,-0.0508717993089681,0.0508717993089681,-0.911722530092408,0.911722530092408,0.733428203997749,-0.733428203997749,-0.85722167982246,0.85722167982246,-0.577356977840467,0.577356977840467,-0.689226868647773,0.689226868647773,-2.56292710327327,2.56292710327327,0.932720511637258,-0.932720511637258,1.51767274642174,-1.51767274642174,-1.74257651149774,1.74257651149774,-1.7607028930733,1.7607028930733,1.34663505924172,-1.34663505924172,0.472313020903319,-0.472313020903319,0.0142671543562933,-0.0142671543562933,-0.0982360067327561,0.0982360067327561,-0.927405897802552,0.927405897802552,-0.38090975436014,0.38090975436014,0.00346012565082196,-0.00346012565082196,0.392683583892943,-0.392683583892943,-0.204077979119548,0.204077979119548,0.366218674853406,-0.366218674853406,-0.454663466577517,0.454663466577517,-0.940412509478666,0.940412509478666,1.60268640830056,-1.60268640830056,1.80234350031498,-1.80234350031498,1.34045715427766,-1.34045715427766,-1.16468703385694,1.16468703385694,1.18016202545349,-1.18016202545349,-0.83446921232994,0.83446921232994,-0.844582478605593,0.844582478605593,-0.79155676470475,0.79155676470475,-1.44530671484061,1.44530671484061,-0.308784228367562,0.308784228367562,-0.813188699603724,0.813188699603724,-0.198776232018999,0.198776232018999,-0.290667279834138,0.290667279834138,0.163567338494764,-0.163567338494764,1.05642850962506,-1.05642850962506,0.165520980843104,-0.165520980843104,0.591745325019127,-0.591745325019127,-1.79281674397101,1.79281674397101,-1.77950924187877,1.77950924187877,0.9275767347951,-0.9275767347951,0.600684863125669,-0.600684863125669,0.327501950723784,-0.327501950723784,0.650133025112719,-0.650133025112719,-1.15346169465179,1.15346169465179,-0.247463178857479,0.247463178857479,1.88641472449284,-1.88641472449284,0.822820051980527,-0.822820051980527,-0.858636284425168,0.858636284425168,0.557515430850949,-0.557515430850949,0.700907141468295,-0.700907141468295,1.06218384290594,-1.06218384290594,0.222231271807365,-0.222231271807365,0.644283129360895,-0.644283129360895,-1.28528301125833,1.28528301125833,-0.426401115679315,0.426401115679315,-1.95209942849105,1.95209942849105,-0.294229486425609,0.294229486425609,-0.479086335551525,0.479086335551525,-0.101713526848063,0.101713526848063,-1.20181404510037,1.20181404510037,1.83652610478875,-1.83652610478875,0.487377249818977,-0.487377249818977,1.00327683518025,-1.00327683518025,-0.257983189381725,0.257983189381725,-0.481626735465438,0.481626735465438,-1.04076680651059,1.04076680651059,0.891667064831328,-0.891667064831328,-2.04627664396976,2.04627664396976,-0.956818094020252,0.956818094020252,0.265671991050408,-0.265671991050408,0.76551794381944,-0.76551794381944,-0.511779055009217,0.511779055009217,0.333836622652333,-0.333836622652333,1.70183939486141,-1.70183939486141,-0.537413878152279,0.537413878152279,0.972009810452993,-0.972009810452993,0.319690888324591,-0.319690888324591,-1.07455413159844,1.07455413159844,0.315576180454743,-0.315576180454743,1.528383379792,-1.528383379792,-0.295074402013682,0.295074402013682,-1.29733690893493,1.29733690893493,-0.517065769974816,0.517065769974816,-0.645520009971894,0.645520009971894,1.32178752635356,-1.32178752635356,1.22559670394008,-1.22559670394008,-0.500568225148959,0.500568225148959,0.0430143418234199,-0.0430143418234199,0.458389121231091,-0.458389121231091,0.293644168308404,-0.293644168308404,-2.69888914753404,2.69888914753404,-0.330840719275568,0.330840719275568,-1.42740247381831,1.42740247381831,1.22708255223018,-1.22708255223018,0.196745197967487,-0.196745197967487,0.418286747273187,-0.418286747273187,-1.87509866075241,1.87509866075241,-0.919256119137208,0.919256119137208,-0.665969301642022,0.665969301642022,0.541339747033531,-0.541339747033531,-1.04448646763028,1.04448646763028,1.97388902378623,-1.97388902378623,0.523931119762698,-0.523931119762698,-1.47866878637637,1.47866878637637,0.726048369637293,-0.726048369637293,-1.29792560062286,1.29792560062286,-0.121963052178544,0.121963052178544,-2.39573045981399,2.39573045981399,-0.908511466535207,0.908511466535207,0.168041708275339,-0.168041708275339,-1.27840241694119,1.27840241694119,1.17554628441819,-1.17554628441819,0.916938259120229,-0.916938259120229,-1.29944634373866,1.29944634373866,-1.38100361702531,1.38100361702531,-1.61668238077712,1.61668238077712,-1.04123357949274,1.04123357949274,0.100561661095576,-0.100561661095576,0.241498098181855,-0.241498098181855,-0.22246487915953,0.22246487915953,1.55957459195342,-1.55957459195342,-0.843589499922734,0.843589499922734,-0.538600670225634,0.538600670225634,0.0740612680597023,-0.0740612680597023,-1.15349770839309,1.15349770839309,-1.971678684177,1.971678684177,1.24364420423723,-1.24364420423723,0.509858240978676,-0.509858240978676,1.15481836778847,-1.15481836778847,0.622024949939456,-0.622024949939456,-1.07967397836299,1.07967397836299,0.924446156296296,-0.924446156296296,0.334268697872802,-0.334268697872802,0.703133733797881,-0.703133733797881,-1.22172286302466,1.22172286302466,1.18816640361315,-1.18816640361315,0.316788669771958,-0.316788669771958,2.33135825704939,-2.33135825704939,1.95544036490298,-1.95544036490298,0.0191003754902888,-0.0191003754902888,-0.848415179699402,0.848415179699402,-0.177988807133071,0.177988807133071,-0.0700464543674671,0.0700464543674671,0.255875463806001,-0.255875463806001,-1.30779090169992,1.30779090169992,1.1791294551335,-1.1791294551335,0.45578247922278,-0.45578247922278,0.71394451695956,-0.71394451695956,-0.621167846417945,0.621167846417945,0.778063165104479,-0.778063165104479,-0.398820949084537,0.398820949084537,0.210973975875277,-0.210973975875277,0.452177454342444,-0.452177454342444,-1.26641306581803,1.26641306581803,1.18330647677548,-1.18330647677548,1.11460632073113,-1.11460632073113,-1.59079233590818,1.59079233590818,1.06647845728395,-1.06647845728395,-1.67109052680539,1.67109052680539,2.22800014832309,-2.22800014832309,-0.525877593002879,0.525877593002879,1.48840577557839,-1.48840577557839,-0.0742688740878852,0.0742688740878852,-0.823309216981646,0.823309216981646,0.372525004657788,-0.372525004657788,1.51694958339162,-1.51694958339162,0.0334620432435117,-0.0334620432435117,-1.35009052982165,1.35009052982165,1.61109868878384,-1.61109868878384,-0.0148666679622996,0.0148666679622996,0.502430780569246,-0.502430780569246,-0.728625655756004,0.728625655756004,-0.0165625824809408,0.0165625824809408,-0.313958327609881,0.313958327609881,-1.37445883831561,1.37445883831561,-2.39021207443212,2.39021207443212,-0.596249645217429,0.596249645217429,2.29086338281296,-2.29086338281296,-0.181448795080222,0.181448795080222,-1.44618938848981,1.44618938848981,0.645964883501123,-0.645964883501123,0.667302306851664,-0.667302306851664,-0.280250791938486,0.280250791938486,0.742491907462175,-0.742491907462175,-0.831136548573484,0.831136548573484,0.632068037708208,-0.632068037708208,-0.353564999360528,0.353564999360528,0.223217093081559,-0.223217093081559,0.737537669044256,-0.737537669044256,1.22569193728979,-1.22569193728979,2.61100187879256,-2.61100187879256,0.232003178283831,-0.232003178283831,-0.249300044356361,0.249300044356361,-1.30425416206316,1.30425416206316,-1.57423247017664,1.57423247017664,-0.360329297350004,0.360329297350004,-0.147356130151245,0.147356130151245,-1.34811693355999,1.34811693355999,0.252201622679558,-0.252201622679558,1.88913583972888,-1.88913583972888,0.0765648133753917,-0.0765648133753917,0.303237355517367,-0.303237355517367,-0.0991521528572444,0.0991521528572444,-0.10282906187363,0.10282906187363,-2.13109507532462,2.13109507532462,0.800481235198896,-0.800481235198896,0.0812522575244307,-0.0812522575244307,1.2284616195393,-1.2284616195393,0.525184852730196,-0.525184852730196,0.145253797234376,-0.145253797234376,0.482894236212259,-0.482894236212259,1.65111899098263,-1.65111899098263,0.436146804165747,-0.436146804165747,0.0267577377169035,-0.0267577377169035,0.611253065310252,-0.611253065310252,-0.0911311725209903,0.0911311725209903,0.420004050466969,-0.420004050466969,0.102600494170289,-0.102600494170289,-0.340133484917283,0.340133484917283,-0.655208116880547,0.655208116880547,-0.4745262834054,0.4745262834054,0.415066801110635,-0.415066801110635,-1.14995612049854,1.14995612049854,0.361612810758234,-0.361612810758234,0.535197942378635,-0.535197942378635,0.397825951430453,-0.397825951430453,0.728041500626146,-0.728041500626146,-0.161658969365011,0.161658969365011,0.312224875180265,-0.312224875180265,0.154447850785085,-0.154447850785085,2.17215977031683,-2.17215977031683,0.403737790127503,-0.403737790127503,-1.02600269596175,1.02600269596175,0.0420692047239246,-0.0420692047239246,-0.517728044634607,0.517728044634607,0.358565984707875,-0.358565984707875,0.694336762465307,-0.694336762465307,-0.720062530399336,0.720062530399336,0.532695888813781,-0.532695888813781,-0.744505397165105,0.744505397165105,-0.793829395639965,0.793829395639965,-0.477592925765321,0.477592925765321,1.14328274306754,-1.14328274306754,-0.0307217472046094,0.0307217472046094,-0.115719822676829,0.115719822676829,2.91378874132467,-2.91378874132467,0.857283766750225,-0.857283766750225,1.60392875776372,-1.60392875776372,0.46285310094297,-0.46285310094297,0.359493395953803,-0.359493395953803,1.70425211078064,-1.70425211078064,-0.186316111722383,0.186316111722383,1.29656432180622,-1.29656432180622,-0.777332943458557,0.777332943458557,0.65678488511337,-0.65678488511337,-0.292189142548716,0.292189142548716,-0.564226751146066,0.564226751146066,-0.595339402001803,0.595339402001803,0.432736625495169,-0.432736625495169,0.698985966426584,-0.698985966426584,0.490566031918996,-0.490566031918996,0.066534879959404,-0.066534879959404,-1.1856523832984,1.1856523832984,0.907507002599496,-0.907507002599496,-0.618673526328482,0.618673526328482,1.8543482817945,-1.8543482817945,-0.370964651483234,0.370964651483234,-0.26226680367617,0.26226680367617,1.40650679366336,-1.40650679366336,2.17880328948692,-2.17880328948692,0.777228674568838,-0.777228674568838,0.985578266483545,-0.985578266483545,1.23546178035931,-1.23546178035931,1.59623767518508,-1.59623767518508,1.36298055612494,-1.36298055612494,0.3863503249956,-0.3863503249956,1.37696670393678,-1.37696670393678,0.731720505013399,-0.731720505013399,0.00998223246361393,-0.00998223246361393,-0.79907292070865,0.79907292070865,0.292525630502138,-0.292525630502138,-0.375911766531501,0.375911766531501,0.6379839032021,-0.6379839032021,-0.943048295979403,0.943048295979403,-1.11008623079758,1.11008623079758,0.811657074833207,-0.811657074833207,-0.397512261164777,0.397512261164777,0.727944424492458,-0.727944424492458,0.603628295598244,-0.603628295598244,0.609090167201896,-0.609090167201896,0.585112008475019,-0.585112008475019,1.88583398269995,-1.88583398269995,-1.27940360069448,1.27940360069448,-0.61063437907948,0.61063437907948,-1.24405585273537,1.24405585273537,0.645179775389191,-0.645179775389191,-0.00444691020153508,0.00444691020153508,0.595627758650697,-0.595627758650697,-0.664253653461785,0.664253653461785,-2.14845936954027,2.14845936954027,-0.905764020211894,0.905764020211894,-0.153829176229509,0.153829176229509,0.416177602003683,-0.416177602003683,-0.611608455754595,0.611608455754595,-1.27420732262353,1.27420732262353,0.256191525777808,-0.256191525777808,0.177491793252503,-0.177491793252503,0.738740862951663,-0.738740862951663,1.83534529015081,-1.83534529015081,2.15381096255989,-2.15381096255989,1.01140951158072,-1.01140951158072,-0.422688661789571,0.422688661789571,0.291052411649929,-0.291052411649929,-1.2369588840459,1.2369588840459,-0.842636185857307,0.842636185857307,1.1255763811262,-1.1255763811262,1.03055587812971,-1.03055587812971,-1.02028120131307,1.02028120131307,0.177602914761521,-0.177602914761521,-1.61345086736423,1.61345086736423,-0.0988233161588026,0.0988233161588026,0.741142247259388,-0.741142247259388,2.04775713626662,-2.04775713626662,0.332379980734522,-0.332379980734522,-0.618800423247945,0.618800423247945,0.0825374557199326,-0.0825374557199326,-0.396547324285049,0.396547324285049,-0.535005652749235,0.535005652749235,1.13198632059888,-1.13198632059888,-0.625353947740294,0.625353947740294,0.0927476995892727,-0.0927476995892727,0.290634208264325,-0.290634208264325,0.488817447171327,-0.488817447171327,-0.608219187624628,0.608219187624628,0.403323529910413,-0.403323529910413,-1.3242238589649,1.3242238589649,-0.265042577774139,0.265042577774139,-0.131534492841819,0.131534492841819,0.491520634589363,-0.491520634589363,0.146614088629475,-0.146614088629475,1.08096738393768,-1.08096738393768,-0.442105765900462,0.442105765900462,0.320469394374732,-0.320469394374732,0.426769753154625,-0.426769753154625,-1.51932236729076,1.51932236729076,0.826020303897146,-0.826020303897146,-0.363423494680942,0.363423494680942,0.588048618938552,-0.588048618938552,2.63236791868459,-2.63236791868459,0.702505216461341,-0.702505216461341,1.95757886605454,-1.95757886605454,0.576101249379825,-0.576101249379825,1.1963142889215,-1.1963142889215,-1.11296586132725,1.11296586132725,0.285647664694177,-0.285647664694177,-0.297300729928378,0.297300729928378,1.11492324011138,-1.11492324011138,0.30153733996606,-0.30153733996606,0.100031229295133,-0.100031229295133,0.979903453746971,-0.979903453746971,-0.219127219238605,0.219127219238605,0.352556171436434,-0.352556171436434,-0.223236330657085,0.223236330657085,-0.183938339555036,0.183938339555036,0.866645742716196,-0.866645742716196,-0.277328750408457,0.277328750408457,1.316680934089,-1.316680934089,0.544782804448906,-0.544782804448906,-0.428305140666052,0.428305140666052,0.23445675046445,-0.23445675046445,-0.55011735799576,0.55011735799576,-0.32154694104697,0.32154694104697,-0.155331755377462,0.155331755377462,0.414453652191693,-0.414453652191693,0.00556165186939726,-0.00556165186939726,0.156774080563678,-0.156774080563678,2.96828776463359,-2.96828776463359,-1.73806403080455,1.73806403080455,-0.133396499871924,0.133396499871924,-0.0650199994947696,0.0650199994947696,1.28219536525218,-1.28219536525218,-0.889156147968609,0.889156147968609,0.898639474945164,-0.898639474945164,0.733673166714636,-0.733673166714636,-1.19240472221416,1.19240472221416,-1.62985866275566,1.62985866275566,-0.145355110598749,0.145355110598749,0.00158277774754771,-0.00158277774754771,-1.18080859666406,1.18080859666406,-0.30563728949515,0.30563728949515,-0.266115203193129,0.266115203193129,0.927728087747298,-0.927728087747298,0.664639093946876,-0.664639093946876,2.01787766876739,-2.01787766876739,0.0399835850668551,-0.0399835850668551,0.103879833946987,-0.103879833946987,-0.971584245444291,0.971584245444291,-0.927129000794544,0.927129000794544,-0.293219913433019,0.293219913433019,-1.64086285858481,1.64086285858481,0.847948692811202,-0.847948692811202,1.41713615762603,-1.41713615762603,1.42462576097978,-1.42462576097978,0.602617672071441,-0.602617672071441,-3.10939496334225,3.10939496334225,-0.505024898764531,0.505024898764531,1.24399595407928,-1.24399595407928,0.700345632241082,-0.700345632241082,-0.0733016993056228,0.0733016993056228,0.679488341092635,-0.679488341092635,1.60096780487506,-1.60096780487506,-0.143483191071898,0.143483191071898,0.57911376570893,-0.57911376570893,0.10471440323376,-0.10471440323376,0.106327310108729,-0.106327310108729,-0.632161570502636,0.632161570502636,0.427586551584114,-0.427586551584114,2.78281798543313,-2.78281798543313,-0.189658630697523,0.189658630697523,0.080739069837671,-0.080739069837671,-0.0475419151372314,0.0475419151372314,0.0869520668145535,-0.0869520668145535,-1.67611732166307,1.67611732166307,-1.54844517823767,1.54844517823767,-1.03445687289847,1.03445687289847,-0.395862250458974,0.395862250458974,-1.01786653485062,1.01786653485062,0.225664446851936,-0.225664446851936,0.035208567267507,-0.035208567267507,-0.351767907355345,0.351767907355345,-0.495316887867669,0.495316887867669,3.31387338044419,-3.31387338044419,0.710759520854689,-0.710759520854689,0.0942657205213175,-0.0942657205213175,0.000883726133214347,-0.000883726133214347,-0.862015368746067,0.862015368746067,1.2448680345726,-1.2448680345726,0.0826804761623526,-0.0826804761623526,-0.906481359878104,0.906481359878104,-0.307993693509622,0.307993693509622,0.311183064456972,-0.311183064456972,-0.463788570630937,0.463788570630937,1.49424337452631,-1.49424337452631,-1.39599403229176,1.39599403229176,0.143706932568885,-0.143706932568885,-0.275124601097683,0.275124601097683,-0.335177152742037,0.335177152742037,-1.05588542264806,1.05588542264806,-0.371120680851697,0.371120680851697,0.169327093257078,-0.169327093257078,0.330582725919311,-0.330582725919311,0.956079134425199,-0.956079134425199,-0.816631077486299,0.816631077486299,1.3956291152585,-1.3956291152585,1.55475792086088,-1.55475792086088,1.59591060395699,-1.59591060395699,-1.35918194166132,1.35918194166132,1.14944623897957,-1.14944623897957,1.75134250790006,-1.75134250790006,2.35002641432513,-2.35002641432513,-0.0391364883821916,0.0391364883821916,0.134408395439746,-0.134408395439746,0.543553558602334,-0.543553558602334,-0.760862342128082,0.760862342128082,-0.746918664815615,0.746918664815615,-0.973617060503188,0.973617060503188,0.0400548500649927,-0.0400548500649927,-0.577739357022888,0.577739357022888,0.00227324987817651,-0.00227324987817651,0.706111256091252,-0.706111256091252,0.217964516290494,-0.217964516290494,-1.22026317602352,1.22026317602352,-1.50745118576903,1.50745118576903,-1.80840426782539,1.80840426782539,-0.645518334779466,0.645518334779466,-0.0458841335209688,0.0458841335209688,0.947602316262862,-0.947602316262862,-0.375617587886089,0.375617587886089,0.440460163410599,-0.440460163410599,0.423158159495413,-0.423158159495413,1.03040215834345,-1.03040215834345,0.809018368882026,-0.809018368882026,-0.663821370395809,0.663821370395809,0.957749856714846,-0.957749856714846,0.845298675485069,-0.845298675485069,-0.0747615116764273,0.0747615116764273,-0.974736390560116,0.974736390560116,1.18317775260256,-1.18317775260256,0.423715316746426,-0.423715316746426,2.04757728587154,-2.04757728587154,0.990810535301262,-0.990810535301262,-1.03014607282052,1.03014607282052,-0.0493624879494288,0.0493624879494288,-0.606207839273071,0.606207839273071,2.01683277073599,-2.01683277073599,0.495655852893809,-0.495655852893809,-0.392977258077612,0.392977258077612,-0.958485746347805,0.958485746347805,-0.790622271699453,0.790622271699453,0.344509855049493,-0.344509855049493,0.444508737546303,-0.444508737546303,0.250095326890713,-0.250095326890713,-0.527878309594222,0.527878309594222,0.734621772954191,-0.734621772954191,-0.0594066409182115,0.0594066409182115,-1.04291812767129,1.04291812767129,0.704609243314587,-0.704609243314587,-0.906180921333573,0.906180921333573,0.474520113931763,-0.474520113931763,-0.394046319886757,0.394046319886757,1.44137319983058,-1.44137319983058,-1.31052241655051,1.31052241655051,0.0669313142137757,-0.0669313142137757,-0.936989292013426,0.936989292013426,-0.342218039460268,0.342218039460268,-0.529003176177853,0.529003176177853,-0.0742223729958796,0.0742223729958796,0.259912035757633,-0.259912035757633,0.788438201852872,-0.788438201852872,-0.268583953729047,0.268583953729047,0.386552681513444,-0.386552681513444,-0.569301241209534,0.569301241209534,-0.5758896036833,0.5758896036833,0.825634367131102,-0.825634367131102,1.82329509869527,-1.82329509869527,-1.48449662707091,1.48449662707091,2.16228455611815,-2.16228455611815,1.05019341404539,-1.05019341404539,0.453189791992692,-0.453189791992692,-0.784053405316792,0.784053405316792,-0.705812431568726,0.705812431568726,0.978365348200963,-0.978365348200963,0.763389543193744,-0.763389543193744,0.651193314241411,-0.651193314241411,-0.687186318511296,0.687186318511296,0.124629360083803,-0.124629360083803,0.566585830380115,-0.566585830380115,0.68544394006072,-0.68544394006072,0.71197492663001,-0.71197492663001,0.0403183697152906,-0.0403183697152906,-0.264335075310145,0.264335075310145,0.188796803663834,-0.188796803663834,-0.0587141482515402,0.0587141482515402,1.10745304391557,-1.10745304391557,-1.87745014061874,1.87745014061874,1.02459521765795,-1.02459521765795,1.09371575879648,-1.09371575879648,-1.1151472773465,1.1151472773465,-2.22940817397091,2.22940817397091,-1.13889717850648,1.13889717850648,-0.427258244155327,0.427258244155327,1.65268617912657,-1.65268617912657,-0.756617693338334,0.756617693338334,-0.233653214156568,0.233653214156568,-1.6316509340976,1.6316509340976,-0.860969683996926,0.860969683996926,0.406668099182871,-0.406668099182871,0.858722417080598,-0.858722417080598,0.739431648940414,-0.739431648940414,-0.515933743276092,0.515933743276092,0.214427922687624,-0.214427922687624,-1.18485608610418,1.18485608610418,-0.780284727540516,0.780284727540516,-0.964308848021563,0.964308848021563,0.618650862913693,-0.618650862913693,-2.13147632935241,2.13147632935241,0.7737657483055,-0.7737657483055,1.38787155625494,-1.38787155625494,0.951621784991524,-0.951621784991524,0.42576249707095,-0.42576249707095,-0.782845322311264,0.782845322311264,0.595991361895171,-0.595991361895171,0.42051076070904,-0.42051076070904,-1.20547572465385,1.20547572465385,0.388347732384265,-0.388347732384265,0.213108680001601,-0.213108680001601,1.31914942552875,-1.31914942552875,-0.165317358156314,0.165317358156314,0.478502114726684,-0.478502114726684,0.720899802445721,-0.720899802445721,-0.0358833440572137,0.0358833440572137,-0.962273950520112,0.962273950520112,-0.175523510698252,0.175523510698252,-0.127232056751674,0.127232056751674,0.525646697173719,-0.525646697173719,-0.319624102318661,0.319624102318661,0.319620019866506,-0.319620019866506,-0.198776606070599,0.198776606070599,0.166683837681604,-0.166683837681604,0.815294168689105,-0.815294168689105,0.275454584767323,-0.275454584767323,-1.52551127067114,1.52551127067114,0.448085207169512,-0.448085207169512,-0.122071241905441,0.122071241905441,1.23190803318339,-1.23190803318339,0.529487842301774,-0.529487842301774,0.615523436314828,-0.615523436314828,-0.249981987687249,0.249981987687249,0.0156835385731275,-0.0156835385731275,-0.737263169315661,0.737263169315661,0.721483867823513,-0.721483867823513,-0.0736537559126169,0.0736537559126169,0.530001460209071,-0.530001460209071,0.234912272256646,-0.234912272256646,0.500557081874494,-0.500557081874494,0.100580118450101,-0.100580118450101,0.888451163829202,-0.888451163829202,1.34576141377679,-1.34576141377679,0.0573096764837406,-0.0573096764837406,0.0578187579492086,-0.0578187579492086,1.39414997633132,-1.39414997633132,-0.691184459317708,0.691184459317708,-0.0927081710927078,0.0927081710927078,0.363373845386366,-0.363373845386366,0.196871291564099,-0.196871291564099,0.395281336054395,-0.395281336054395,-0.136307586245643,0.136307586245643,0.813398128981896,-0.813398128981896,-0.00291335751572156,0.00291335751572156,-0.735605395000368,0.735605395000368,-0.42621908589912,0.42621908589912,-0.230673150993576,0.230673150993576,-0.487888154137041,0.487888154137041,-0.700852604283972,0.700852604283972,-1.30366886013583,1.30366886013583,-0.329827352069232,0.329827352069232,0.0517202584652415,-0.0517202584652415,1.14533461551376,-1.14533461551376,-0.142907688627345,0.142907688627345,-0.364122971984053,0.364122971984053,1.10194272262215,-1.10194272262215,-1.88783269558383,1.88783269558383,0.267500263167701,-0.267500263167701,0.138579247261624,-0.138579247261624,-0.877720036315781,0.877720036315781,-0.477837784640437,0.477837784640437,-1.30101050148661,1.30101050148661,-0.193947892844805,0.193947892844805,-0.0584915520354337,0.0584915520354337,-0.975952448409637,0.975952448409637,1.01538728044571,-1.01538728044571,-0.339721122758897,0.339721122758897,-0.349114865447604,0.349114865447604,1.19769206417677,-1.19769206417677,-1.00343107902418,1.00343107902418,0.0928433807641282,-0.0928433807641282,-0.105898740194642,0.105898740194642,-0.0210379564319182,0.0210379564319182,0.292046911096053,-0.292046911096053,1.30129297757622,-1.30129297757622,-0.692650850681666,0.692650850681666,-0.843020709141278,0.843020709141278,-0.800543645723726,0.800543645723726,-0.544509193114813,0.544509193114813,-0.431447045709958,0.431447045709958,0.551506564938831,-0.551506564938831,-0.0415137590941991,0.0415137590941991,0.77267702855526,-0.77267702855526,0.580455222709672,-0.580455222709672,0.270962881032001,-0.270962881032001,0.0572994573851481,-0.0572994573851481,0.432535517224608,-0.432535517224608,-0.273369957995756,0.273369957995756,0.905186165201807,-0.905186165201807,0.583680404270566,-0.583680404270566,-0.449293331073117,0.449293331073117,-0.530420817089777,0.530420817089777,-0.420144591936625,0.420144591936625,-1.69366835716035,1.69366835716035,0.768190892826975,-0.768190892826975,0.982220451725265,-0.982220451725265,0.998022236449325,-0.998022236449325,0.683597458555457,-0.683597458555457,0.998944031098336,-0.998944031098336,1.50495578752286,-1.50495578752286,1.5319644371298,-1.5319644371298,0.654411593770849,-0.654411593770849,-2.06426736854035,2.06426736854035,-0.237544277707173,0.237544277707173,-1.90165202531405,1.90165202531405,1.50188253681895,-1.50188253681895,-1.42879867218155,1.42879867218155,-2.22774191775219,2.22774191775219,0.493756235880356,-0.493756235880356,-0.422475276420999,0.422475276420999,0.256583778458294,-0.256583778458294,1.08950100526259,-1.08950100526259,1.64608847146389,-1.64608847146389,0.420816676721295,-0.420816676721295,0.16914749711372,-0.16914749711372,-0.337874777803722,0.337874777803722,0.315732600187797,-0.315732600187797,1.03777871451496,-1.03777871451496,0.748943654315323,-0.748943654315323,1.20086669907074,-1.20086669907074,-0.882979378384149,0.882979378384149,1.76677198783232,-1.76677198783232,0.77012907809925,-0.77012907809925,-1.97087114032056,1.97087114032056,-2.14324631185798,2.14324631185798,-1.73993332377565,1.73993332377565,0.736859453546632,-0.736859453546632,-0.249729925707301,0.249729925707301,-0.592815674449239,0.592815674449239,-0.371382636347605,0.371382636347605,0.0939912176750163,-0.0939912176750163,-0.704397839839331,0.704397839839331,-2.04003979319394,2.04003979319394,-1.10269868580099,1.10269868580099,-1.09696256987833,1.09696256987833,1.11989199370888,-1.11989199370888,1.08581543321594,-1.08581543321594,-0.498660418020107,0.498660418020107,-0.638722858510556,0.638722858510556,1.13191163801617,-1.13191163801617,1.01267338682995,-1.01267338682995,1.12109231526732,-1.12109231526732,-0.241932232720655,0.241932232720655,-1.08056757745577,1.08056757745577,-0.381283578941143,0.381283578941143,-0.713970924373935,0.713970924373935,-0.665146482012042,0.665146482012042,0.155537799781007,-0.155537799781007,0.905526020794045,-0.905526020794045,-0.561530960344493,0.561530960344493,0.194990173434146,-0.194990173434146,-0.552591543106205,0.552591543106205,0.175642337329788,-0.175642337329788,-1.12752024027024,1.12752024027024,-1.65943182332449,1.65943182332449,0.885397676685073,-0.885397676685073,0.724459820767362,-0.724459820767362,0.917234816919089,-0.917234816919089,0.381354730278908,-0.381354730278908,-0.242976570120175,0.242976570120175,0.790177032802353,-0.790177032802353,-1.08429401475469,1.08429401475469,-0.538431750867153,0.538431750867153,-0.13096088095604,0.13096088095604,0.515173572750058,-0.515173572750058,1.50513646564217,-1.50513646564217,1.2509982279438,-1.2509982279438,-0.435090344510282,0.435090344510282,-0.185674680597155,0.185674680597155,-0.108250685629497,0.108250685629497,1.51260836696278,-1.51260836696278,-0.243409799619446,0.243409799619446,-0.868444704273452,0.868444704273452,-0.161276747130832,0.161276747130832,-1.19401755090677,1.19401755090677,0.798214742886783,-0.798214742886783,-1.67293442503062,1.67293442503062,-1.28310048614605,1.28310048614605,-1.5330558830673,1.5330558830673,-0.237664156150981,0.237664156150981,0.103563753274159,-0.103563753274159,1.384805615263,-1.384805615263,-0.739913396038429,0.739913396038429,0.179196141833094,-0.179196141833094,1.06626502004248,-1.06626502004248,-0.030961168959856,0.030961168959856,-0.462762720238696,0.462762720238696,1.11389684627628,-1.11389684627628,-0.739348468845589,0.739348468845589,0.956302155864222,-0.956302155864222,-2.06615799511301,2.06615799511301,0.0641134450290277,-0.0641134450290277,-1.5466467394938,1.5466467394938,-1.00266464160839,1.00266464160839,-1.26178678091959,1.26178678091959,1.81489418930049,-1.81489418930049,-0.945301157350127,0.945301157350127,-0.544893344152892,0.544893344152892,-1.72831464068852,1.72831464068852,0.872690819207089,-0.872690819207089,-0.772803826654192,0.772803826654192,0.449589044199808,-0.449589044199808,0.057430677918578,-0.057430677918578,-0.632159661325622,0.632159661325622,0.769085238229648,-0.769085238229648,-0.357530416487437,0.357530416487437,0.653042027318444,-0.653042027318444,0.170373546060289,-0.170373546060289,0.580147586643054,-0.580147586643054,1.93055727273785,-1.93055727273785,-0.46274399826233,0.46274399826233,-0.772848671106019,0.772848671106019,-1.42924828007869,1.42924828007869,-3.3879985626555,3.3879985626555,0.165108294646774,-0.165108294646774,-2.22847337898023,2.22847337898023,-0.362493828954294,0.362493828954294,0.380391529267712,-0.380391529267712,-0.2475715241396,0.2475715241396,-0.436934900702314,0.436934900702314,1.78779986330459,-1.78779986330459,-1.26096796575018,1.26096796575018,0.28206832675834,-0.28206832675834,-0.0648677253854242,0.0648677253854242,-0.594499185783293,0.594499185783293,-0.613488319856521,0.613488319856521,-1.83568706432096,1.83568706432096,1.49829874256122,-1.49829874256122,0.51493673970166,-0.51493673970166,-1.6303245520563,1.6303245520563,0.51900840653624,-0.51900840653624,1.24744556491583,-1.24744556491583,0.0164445918319777,-0.0164445918319777,1.39638108598955,-1.39638108598955,0.0820432894906197,-0.0820432894906197,0.35001641011242,-0.35001641011242,0.915499146855611,-0.915499146855611,0.92407842855716,-0.92407842855716,1.50347375780204,-1.50347375780204,0.933348038794403,-0.933348038794403,0.324832959700669,-0.324832959700669,1.05156467565189,-1.05156467565189,1.06467878446102,-1.06467878446102,-0.533796014719464,0.533796014719464,0.309562756462415,-0.309562756462415,0.963969419913563,-0.963969419913563,0.705723365447768,-0.705723365447768,0.815368452235243,-0.815368452235243,-0.0549496820169174,0.0549496820169174,0.321926576728329,-0.321926576728329,-1.63842492369211,1.63842492369211,0.904533138280454,-0.904533138280454,-0.437676681764187,0.437676681764187,1.12343247285925,-1.12343247285925,-2.14495658240523,2.14495658240523,1.00138589217309,-1.00138589217309,-1.96294690743039,1.96294690743039,0.0417162802559833,-0.0417162802559833,-0.0494202616721179,0.0494202616721179,-1.57758079816123,1.57758079816123,-0.109368302309159,0.109368302309159,-0.107662825008275,0.107662825008275,0.790141799899955,-0.790141799899955,-0.349446280762387,0.349446280762387,0.131191785325195,-0.131191785325195,-0.741742793465386,0.741742793465386,2.37831250430746,-2.37831250430746,1.38116930684418,-1.38116930684418,0.755373954056083,-0.755373954056083,0.591729365789618,-0.591729365789618,-0.221062696325477,0.221062696325477,0.261822338236958,-0.261822338236958,-0.38367668084836,0.38367668084836,-0.663677333525725,0.663677333525725,1.11351634672169,-1.11351634672169,-0.993779039187727,0.993779039187727,0.329051080422438,-0.329051080422438,0.692109456136657,-0.692109456136657,-1.79560318017048,1.79560318017048,-0.79291853990057,0.79291853990057,1.89172555149586,-1.89172555149586,0.534526509667897,-0.534526509667897,0.85503959289645,-0.85503959289645,-0.419305029276141,0.419305029276141,0.421193064238598,-0.421193064238598,-0.439897986783175,0.439897986783175,-0.856390681959898,0.856390681959898,-1.54704723120772,1.54704723120772,0.101874771184121,-0.101874771184121,0.722143654857326,-0.722143654857326,-0.763108765418984,0.763108765418984,1.69251851176223,-1.69251851176223,-1.2152739694731,1.2152739694731,-1.66582623138194,1.66582623138194,0.663410212672012,-0.663410212672012,-0.0345560107614188,0.0345560107614188,0.209872896857532,-0.209872896857532,-0.114631013254307,0.114631013254307,-1.11385237045615,1.11385237045615,0.09155440095688,-0.09155440095688,-0.553034157705017,0.553034157705017,-0.523240811396317,0.523240811396317,-1.34113691744078,1.34113691744078,2.13615279898051,-2.13615279898051,0.652365751089022,-0.652365751089022,-0.850306369866712,0.850306369866712,1.0599434314911,-1.0599434314911,-0.511747522215794,0.511747522215794,0.849955363634212,-0.849955363634212,0.771466665271901,-0.771466665271901,1.10999170330563,-1.10999170330563,-0.0232682151506427,0.0232682151506427,-1.81071916515985,1.81071916515985,0.599883631548215,-0.599883631548215,0.226377382384211,-0.226377382384211,-0.258559187103815,0.258559187103815,-0.35826050734009,0.35826050734009,0.222180027901919,-0.222180027901919,1.02570738450711,-1.02570738450711,-1.95841441587124,1.95841441587124,0.224965434314317,-0.224965434314317,-0.801834121436975,0.801834121436975,-0.150768004027703,0.150768004027703,-0.248423532073458,0.248423532073458,-0.722770362006909,0.722770362006909,1.84928445914212,-1.84928445914212,0.249331048173919,-0.249331048173919,0.214988026000347,-0.214988026000347,0.123907341414316,-0.123907341414316,0.87810582805242,-0.87810582805242,-1.85740928367313,1.85740928367313,-0.107484757237614,0.107484757237614,-1.07868712058371,1.07868712058371,-0.640499691519559,0.640499691519559,-1.27004461289673,1.27004461289673,0.0173273321853601,-0.0173273321853601,0.114717861745983,-0.114717861745983,-0.0507934607355336,0.0507934607355336,-0.656150177508895,0.656150177508895,-0.703132113986025,0.703132113986025,-0.0422994022220403,0.0422994022220403,-1.27405798049597,1.27405798049597,-0.12091945770992,0.12091945770992,0.250216023853637,-0.250216023853637,-0.0273767869137943,0.0273767869137943,-0.146711387001772,0.146711387001772,1.89445795749214,-1.89445795749214,0.182976052479211,-0.182976052479211,-0.946231104006583,0.946231104006583,0.759771418053993,-0.759771418053993,-1.31614005533229,1.31614005533229,0.277695648129225,-0.277695648129225,2.56690362954368,-2.56690362954368,1.40594559053851,-1.40594559053851,0.483464881607158,-0.483464881607158,1.61573893851819,-1.61573893851819,-0.703326343992996,0.703326343992996,-1.14619814372237,1.14619814372237,-0.262672752373208,0.262672752373208,-2.3652131736102,2.3652131736102,-0.785319314854547,0.785319314854547,1.95915603351436,-1.95915603351436,0.409856518555606,-0.409856518555606,0.839599239854645,-0.839599239854645,-0.480075178722185,0.480075178722185,1.94972336519742,-1.94972336519742,1.61193365397062,-1.61193365397062,-0.791174155928769,0.791174155928769,-0.738920669129459,0.738920669129459,1.08134244048834,-1.08134244048834,0.541759310013012,-0.541759310013012,0.734239797671307,-0.734239797671307,-0.752015127086524,0.752015127086524,1.88568495106794,-1.88568495106794,1.1282624604135,-1.1282624604135,-0.478459894877398,0.478459894877398,0.998682905454198,-0.998682905454198,-0.579090140896429,0.579090140896429,1.7998661761444,-1.7998661761444,0.800303731167021,-0.800303731167021,0.458196224843034,-0.458196224843034,0.315055341806842,-0.315055341806842,-0.871027136388397,0.871027136388397,-0.217374337336409,0.217374337336409,-1.77934445655529,1.77934445655529,0.199938833267662,-0.199938833267662,-0.390274007207358,0.390274007207358,-1.2221042066631,1.2221042066631,-1.53292638683668,1.53292638683668,-1.20714002692239,1.20714002692239,-0.391574807029487,0.391574807029487,-0.266969728051499,0.266969728051499,-0.52018283596415,0.52018283596415,1.04895000716281,-1.04895000716281,0.10323412321421,-0.10323412321421,0.174777873969309,-0.174777873969309,-0.699295514392439,0.699295514392439,0.620731895009131,-0.620731895009131,1.54195354553675,-1.54195354553675,1.35560211903017,-1.35560211903017,-0.920338673621557,0.920338673621557,1.47118171072947,-1.47118171072947,-1.70218925096603,1.70218925096603,-1.0377850667261,1.0377850667261,0.302712417060744,-0.302712417060744,-0.902224386516924,0.902224386516924,-0.77398017815935,0.77398017815935,-1.00389416396267,1.00389416396267,-1.43606203657053,1.43606203657053,0.457539870867949,-0.457539870867949,0.28499706631762,-0.28499706631762,-0.842631466818709,0.842631466818709,1.64129900339391,-1.64129900339391,1.06479747517885,-1.06479747517885,-0.516776190629429,0.516776190629429,0.650233737394936,-0.650233737394936,1.47170261946434,-1.47170261946434,1.01368803788854,-1.01368803788854,1.31114452227725,-1.31114452227725,-0.951504293558179,0.951504293558179,0.348056591435119,-0.348056591435119,0.0751238368454012,-0.0751238368454012,0.239421863716602,-0.239421863716602,-0.455307294753112,0.455307294753112,-0.152293647317397,0.152293647317397,-0.171424981377881,0.171424981377881,1.14879937765026,-1.14879937765026,-0.195762168689172,0.195762168689172,1.26852516693574,-1.26852516693574,0.112700555186921,-0.112700555186921,-0.847809673340613,0.847809673340613,-1.33236181720267,1.33236181720267,-0.466751291430596,0.466751291430596,0.633364919136976,-0.633364919136976,-0.546215871256926,0.546215871256926,-1.08974355959821,1.08974355959821,0.665844241067442,-0.665844241067442,1.67988841216228,-1.67988841216228,-1.30196208478726,1.30196208478726,0.679563989432082,-0.679563989432082,0.414044813171146,-0.414044813171146,-0.3870573391037,0.3870573391037,-0.32746603171606,0.32746603171606,1.32409049480414,-1.32409049480414,-0.110967212702748,0.110967212702748,0.794529221459057,-0.794529221459057,0.889575406304104,-0.889575406304104,-0.316483121297367,0.316483121297367,1.71125765643588,-1.71125765643588,1.19034578427798,-1.19034578427798,-1.59244496369137,1.59244496369137,0.996519763273039,-0.996519763273039,-0.307886706971131,0.307886706971131,-1.60838095186721,1.60838095186721,-1.11247589762128,1.11247589762128,-0.791297295867962,0.791297295867962,1.0259154364163,-1.0259154364163,-0.278950699925346,0.278950699925346,-1.15592892811646,1.15592892811646,1.69175723595661,-1.69175723595661,0.756589610399371,-0.756589610399371,-0.581015907166513,0.581015907166513,0.461117175627296,-0.461117175627296,-1.86974159210847,1.86974159210847,1.20811369818945,-1.20811369818945,0.59700014792556,-0.59700014792556,0.949912109606602,-0.949912109606602,1.45168825926573,-1.45168825926573,-0.822867124110422,0.822867124110422,-2.31787110606337,2.31787110606337,1.89431314204311,-1.89431314204311,-0.0481911191780462,0.0481911191780462,-0.667286218889486,0.667286218889486,0.287636285807979,-0.287636285807979,0.439892172375953,-0.439892172375953,0.712412374516433,-0.712412374516433,-1.32157824336784,1.32157824336784,-1.5513102855335,1.5513102855335,0.866508145803308,-0.866508145803308,-1.16363373474775,1.16363373474775,-0.860549011804491,0.860549011804491,-0.643213031603151,0.643213031603151,0.515924190465471,-0.515924190465471,-0.462482222732956,0.462482222732956,0.0232037993148818,-0.0232037993148818,0.267661003672542,-0.267661003672542,0.67794922854495,-0.67794922854495,0.480857941671081,-0.480857941671081,-0.753490212634404,0.753490212634404,1.0263923788412,-1.0263923788412,1.5921582478062,-1.5921582478062,-0.86259088414935,0.86259088414935,-0.986007247539363,0.986007247539363,1.53109701902052,-1.53109701902052,1.02262980005524,-1.02262980005524,0.55655180271914,-0.55655180271914,0.118433624195737,-0.118433624195737,0.928741754514901,-0.928741754514901,0.375690067990138,-0.375690067990138,-1.20716708676584,1.20716708676584,0.755342755787071,-0.755342755787071,1.90648740300962,-1.90648740300962,-1.20632405482258,1.20632405482258,0.117325046330957,-0.117325046330957,0.155487440400332,-0.155487440400332,0.481937934233573,-0.481937934233573,1.59732682306946,-1.59732682306946,0.94931974163892,-0.94931974163892,0.00282771251585805,-0.00282771251585805,-0.126302522018077,0.126302522018077,-1.08427231212062,1.08427231212062,0.843299230484306,-0.843299230484306,1.60755157975334,-1.60755157975334,-1.0618418823787,1.0618418823787,0.945418238947008,-0.945418238947008,-0.244293802259884,0.244293802259884,-2.00411574293335,2.00411574293335,-1.42116244322748,1.42116244322748,1.63640604281764,-1.63640604281764,0.608087827443758,-0.608087827443758,-2.60886099542891,2.60886099542891,-0.893698283299571,0.893698283299571,-0.775162758681646,0.775162758681646,0.440611499029364,-0.440611499029364,0.117150146269509,-0.117150146269509,0.483207437294781,-0.483207437294781,-0.944306758718473,0.944306758718473,0.317945041868771,-0.317945041868771,0.418289988405364,-0.418289988405364,0.855216467122808,-0.855216467122808,0.797060485431011,-0.797060485431011,-0.220823936890674,0.220823936890674,-0.140657874859205,0.140657874859205,3.57790343298381,-3.57790343298381,-0.98939101896631,0.98939101896631,1.3608101842645,-1.3608101842645,-0.195344641480838,0.195344641480838,0.521659400577955,-0.521659400577955,0.920205803318014,-0.920205803318014,0.0265928051261997,-0.0265928051261997,-1.75800650807613,1.75800650807613,0.257953228371222,-0.257953228371222,-0.575179714361346,0.575179714361346,0.00821485387621714,-0.00821485387621714,2.302205224476,-2.302205224476,-0.056494050026433,0.056494050026433,1.07866466675426,-1.07866466675426,0.973558865630368,-0.973558865630368,0.2924288393659,-0.2924288393659,1.00791807602934,-1.00791807602934,0.0514596744684114,-0.0514596744684114,0.444802796983596,-0.444802796983596,-0.188379820332552,0.188379820332552,-0.68178337540013,0.68178337540013,-0.916577536909849,0.916577536909849,-0.331110934351616,0.331110934351616,-0.988401140646796,0.988401140646796,-0.0721264702013896,0.0721264702013896,-1.63791570166531,1.63791570166531,-0.0260378622512239,0.0260378622512239,0.0683755182625273,-0.0683755182625273,-1.16503380025852,1.16503380025852,-1.76920463890781,1.76920463890781,0.29298114082198,-0.29298114082198,-0.276505668640286,0.276505668640286,0.0192929148804056,-0.0192929148804056,0.0608418613402297,-0.0608418613402297,1.62072085100808,-1.62072085100808,1.24846294585497,-1.24846294585497,-0.743175909017353,0.743175909017353,0.618940815015143,-0.618940815015143,-0.730626391155901,0.730626391155901,-0.703829311161235,0.703829311161235,-1.27727287968935,1.27727287968935,-0.809023165089008,0.809023165089008,-1.32957575836496,1.32957575836496,0.251287725264661,-0.251287725264661,1.59457894732988,-1.59457894732988,-1.42322201178603,1.42322201178603,0.540323434538816,-0.540323434538816,0.296221629261011,-0.296221629261011,0.723317889736548,-0.723317889736548,-0.865208596479662,0.865208596479662,-0.0361529144332378,0.0361529144332378,0.434863598001774,-0.434863598001774,0.520188099435953,-0.520188099435953,-0.100898577028752,0.100898577028752,1.21901043546345,-1.21901043546345,-0.605190210298132,0.605190210298132,-1.09501324824939,1.09501324824939,0.275547890572011,-0.275547890572011,-0.735354542873169,0.735354542873169,-1.60920735379742,1.60920735379742,-0.82103309930347,0.82103309930347,-0.466811641187513,0.466811641187513,0.767911922869486,-0.767911922869486,-0.570381529098156,0.570381529098156,-0.364876912901108,0.364876912901108,-0.859442783336635,0.859442783336635,-0.169944162919986,0.169944162919986,-1.20131109931368,1.20131109931368,-1.94432638756275,1.94432638756275,0.494616291875248,-0.494616291875248,3.03312278695203,-3.03312278695203,1.00719632613051,-1.00719632613051,0.704177173514512,-0.704177173514512,0.789376116169976,-0.789376116169976,-0.459131589269359,0.459131589269359,1.04225014210548,-1.04225014210548,0.113256121943647,-0.113256121943647,0.416576368820113,-0.416576368820113,-0.0408261044016101,0.0408261044016101,0.255344567984155,-0.255344567984155,0.600558829734518,-0.600558829734518,0.477058925245547,-0.477058925245547,-1.17045047312451,1.17045047312451,-0.108099381530528,0.108099381530528,-0.574360344216856,0.574360344216856,-1.38265224701155,1.38265224701155,1.44654364244965,-1.44654364244965,0.263454586749889,-0.263454586749889,0.26237520608321,-0.26237520608321,0.0327559446160443,-0.0327559446160443,0.562050539290602,-0.562050539290602,0.872375992953757,-0.872375992953757,1.0142510906647,-1.0142510906647,0.622258057630322,-0.622258057630322,1.68606806713937,-1.68606806713937,-1.02584759048637,1.02584759048637,0.749063751616652,-0.749063751616652,0.889286303140442,-0.889286303140442,0.853759764299332,-0.853759764299332,-0.0696111127857648,0.0696111127857648,-0.143199843377187,0.143199843377187,-1.32851103980779,1.32851103980779,-0.910527709867041,0.910527709867041,2.22048843638396,-2.22048843638396,-0.0071833318561136,0.0071833318561136,-0.6451994599427,0.6451994599427,1.15555721096358,-1.15555721096358,0.378213962744941,-0.378213962744941,0.732621792924965,-0.732621792924965,1.27682630784621,-1.27682630784621,0.995079481928011,-0.995079481928011,1.33271055884269,-1.33271055884269,-0.186118805344789,0.186118805344789,0.274003147924683,-0.274003147924683,-0.0504362099351626,0.0504362099351626,-0.551575188486688,0.551575188486688,0.458597828107885,-0.458597828107885,-2.13306586593909,2.13306586593909,-1.0406237825045,1.0406237825045,-0.148323051862422,0.148323051862422,-0.149747634928381,0.149747634928381,1.40029054338051,-1.40029054338051,1.42453172324114,-1.42453172324114,-0.407384799625376,0.407384799625376,1.88799317895534,-1.88799317895534,-0.578485498695478,0.578485498695478,0.891394351746385,-0.891394351746385,0.52893141817744,-0.52893141817744,0.933765017141991,-0.933765017141991,0.741671382434036,-0.741671382434036,-1.05234234504954,1.05234234504954,1.75032662891971,-1.75032662891971,0.516553722702992,-0.516553722702992,-0.931847617111131,0.931847617111131,-0.503902556625714,0.503902556625714,0.495490484516852,-0.495490484516852,0.0124270051854206,-0.0124270051854206,1.38923938740035,-1.38923938740035,-0.826866727019523,0.826866727019523,1.66319138012245,-1.66319138012245,0.414207978932178,-0.414207978932178,1.63843094116432,-1.63843094116432,0.919285375847238,-0.919285375847238,-1.70674114489061,1.70674114489061,0.376140697115777,-0.376140697115777,-0.14272798370024,0.14272798370024,0.0451912034364038,-0.0451912034364038,-0.446769976591234,0.446769976591234,-1.06275976087383,1.06275976087383,0.951074667047143,-0.951074667047143,-0.161523499463404,0.161523499463404,-0.38396423100465,0.38396423100465,-3.05993051551705,3.05993051551705,0.753935055577481,-0.753935055577481,-0.237252935240015,0.237252935240015,-0.94756222536037,0.94756222536037,0.460836985314706,-0.460836985314706,1.5440709593081,-1.5440709593081,-0.215794944869158,0.215794944869158,-0.88495837489853,0.88495837489853,-0.458973948638141,0.458973948638141,-1.48499415244771,1.48499415244771,-0.486470653755564,0.486470653755564,0.00264463147535759,-0.00264463147535759,-0.757571446576159,0.757571446576159,1.10854213157662,-1.10854213157662,-1.14161292153177,1.14161292153177,-0.187202742481015,0.187202742481015,-0.351793154199779,0.351793154199779,-0.507593702273089,0.507593702273089,-0.44286830820104,0.44286830820104,1.24044690364315,-1.24044690364315,-0.148209045010043,0.148209045010043,-0.180413840396031,0.180413840396031,-1.32292368756553,1.32292368756553,1.00861998212931,-1.00861998212931,1.36266122475351,-1.36266122475351,-1.66444239069473,1.66444239069473,-0.367684744272908,0.367684744272908,0.637947842201963,-0.637947842201963,1.13442024149833,-1.13442024149833,-0.533678748472546,0.533678748472546,-1.54949164538591,1.54949164538591,1.58790296235474,-1.58790296235474,1.38931176233923,-1.38931176233923,0.412408367229819,-0.412408367229819,1.37278676745543,-1.37278676745543,0.894677175006034,-0.894677175006034,0.131800384230209,-0.131800384230209,-0.392545825435471,0.392545825435471,-0.228997696124279,0.228997696124279,1.42903555184954,-1.42903555184954,-0.868970652595835,0.868970652595835,-1.30248622396539,1.30248622396539,0.592967749503956,-0.592967749503956,-0.860645759324482,0.860645759324482,2.09277358388579,-2.09277358388579,1.71887392187936,-1.71887392187936,0.672558681460019,-0.672558681460019,0.984952473851867,-0.984952473851867,0.333715922759498,-0.333715922759498,-0.182780678483007,0.182780678483007,0.48230164201738,-0.48230164201738,1.25481619816552,-1.25481619816552,0.284613461697646,-0.284613461697646,-0.494639325011146,0.494639325011146,-2.11134334793162,2.11134334793162,-0.711287964311484,0.711287964311484,0.185904953155529,-0.185904953155529,0.230708200405311,-0.230708200405311,1.44472237750471,-1.44472237750471,0.0899143613324545,-0.0899143613324545,-0.590868020930228,0.590868020930228,-0.824927832362993,0.824927832362993,1.06699401094864,-1.06699401094864,0.819271711447463,-0.819271711447463,0.588705571682323,-0.588705571682323,-1.03174085692811,1.03174085692811,0.600833291895338,-0.600833291895338,-0.737986178596947,0.737986178596947,-1.0576818489208,1.0576818489208,-1.60527004886638,1.60527004886638,-1.15518884367601,1.15518884367601,-1.0620388969389,1.0620388969389,0.524102849723174,-0.524102849723174,0.176960186745874,-0.176960186745874,-0.572749062396479,0.572749062396479,1.26207525121308,-1.26207525121308,0.61181362764178,-0.61181362764178,0.0548741684994345,-0.0548741684994345,-1.40239379956922,1.40239379956922,-0.250125397710781,0.250125397710781,-1.08148026187247,1.08148026187247,1.26791000999273,-1.26791000999273,0.1052573867136,-0.1052573867136,0.973428282497415,-0.973428282497415,-1.10377923924415,1.10377923924415,-1.25725662148796,1.25725662148796,-0.636205394384065,0.636205394384065,0.198761625289496,-0.198761625289496,0.312376026475744,-0.312376026475744,-0.205102992950687,0.205102992950687,-0.232688790229965,0.232688790229965,0.912701929561867,-0.912701929561867,1.677787359812,-1.677787359812,0.150757120872238,-0.150757120872238,0.866636700591108,-0.866636700591108,0.11441042316658,-0.11441042316658,-0.733087096880626,0.733087096880626,-0.930900348406146,0.930900348406146,0.878375521533121,-0.878375521533121,-0.738594666031544,0.738594666031544,-0.622219170423543,0.622219170423543,2.77944501736221,-2.77944501736221,0.661527036639321,-0.661527036639321,-0.741156654865478,0.741156654865478,1.42073710641771,-1.42073710641771,-1.37755411360128,1.37755411360128,-2.0324895040296,2.0324895040296,-0.0501436833575998,0.0501436833575998,0.219047848091547,-0.219047848091547,-0.552485258730444,0.552485258730444,-0.134676205878574,0.134676205878574,0.535309307258198,-0.535309307258198,-2.28670038188275,2.28670038188275,1.01102987780283,-1.01102987780283,-1.90203338777719,1.90203338777719,1.73174334881505,-1.73174334881505,-1.34751164121755,1.34751164121755,0.44738593628535,-0.44738593628535,1.24615234200776,-1.24615234200776,0.473669831280522,-0.473669831280522,0.0571917954962273,-0.0571917954962273,-1.70462863099552,1.70462863099552,-0.0210312959342366,0.0210312959342366,-0.957421712663622,0.957421712663622,1.39958235460576,-1.39958235460576,0.74240522001472,-0.74240522001472,1.44058858745796,-1.44058858745796,-1.79695428710545,1.79695428710545,0.20932773959881,-0.20932773959881,0.386782113730695,-0.386782113730695,0.634859991461033,-0.634859991461033,1.12637589278921,-1.12637589278921,0.480771740222836,-0.480771740222836,2.80926207418923,-2.80926207418923,0.0275890907335127,-0.0275890907335127,0.126420945160231,-0.126420945160231,0.294372429447853,-0.294372429447853,2.36091735092819,-2.36091735092819,-0.983993192365111,0.983993192365111,-1.02498683926761,1.02498683926761,0.755502734226624,-0.755502734226624,0.787199037149334,-0.787199037149334,0.647674100511098,-0.647674100511098,0.370897377014451,-0.370897377014451,-0.787355151060354,0.787355151060354,-0.74843620071794,0.74843620071794,-0.610334041386517,0.610334041386517,0.110397119235012,-0.110397119235012,-0.611232256173226,0.611232256173226,0.124046383143374,-0.124046383143374,1.47008064981417,-1.47008064981417,-0.557251374823421,0.557251374823421,0.26213265160592,-0.26213265160592,-0.143184054373535,0.143184054373535,-0.886637465934304,0.886637465934304,1.53635504672363,-1.53635504672363,-0.507387530084953,0.507387530084953,0.647101055382738,-0.647101055382738,1.56311483263169,-1.56311483263169,-0.567146279661592,0.567146279661592,-0.29161014363792,0.29161014363792,-1.62733858393793,1.62733858393793,-0.252141693903152,0.252141693903152,0.0724860892045429,-0.0724860892045429,1.5137343435476,-1.5137343435476,-0.516968475698297,0.516968475698297,0.0439902344323444,-0.0439902344323444,1.4009151227106,-1.4009151227106,-0.464357234482924,0.464357234482924,0.354608304516624,-0.354608304516624,0.938743206192498,-0.938743206192498,1.73432223015702,-1.73432223015702,-2.35027822832009,2.35027822832009,1.00268993694424,-1.00268993694424,0.0482185245854837,-0.0482185245854837,-0.483434686257234,0.483434686257234,-0.29036796027185,0.29036796027185,1.04586441909898,-1.04586441909898,-0.0267125739822465,0.0267125739822465,-0.19808747584446,0.19808747584446,0.48759891671215,-0.48759891671215,0.39219437126729,-0.39219437126729,0.440848982186907,-0.440848982186907,0.636545104195759,-0.636545104195759,-0.0729162912336865,0.0729162912336865,0.110764257891155,-0.110764257891155,-0.783425917874147,0.783425917874147,-1.72204306732752,1.72204306732752,-0.544366434209874,0.544366434209874,-0.328832508149917,0.328832508149917,0.567854521389319,-0.567854521389319,-0.522836175740684,0.522836175740684,2.04210055799884,-2.04210055799884,-0.268432813362678,0.268432813362678,0.660261571774933,-0.660261571774933,-1.09169214367633,1.09169214367633,-0.372771951692514,0.372771951692514,1.50745015092156,-1.50745015092156,1.55069202939463,-1.55069202939463,-0.693208422244649,0.693208422244649,1.38158549752433,-1.38158549752433,0.57440831750033,-0.57440831750033,-1.31963208907385,1.31963208907385,0.252170498698214,-0.252170498698214,1.92314805118647,-1.92314805118647,-0.0895533459650532,0.0895533459650532,1.15455709041051,-1.15455709041051,0.924812582014209,-0.924812582014209,1.17532750454642,-1.17532750454642,-1.1073661207897,1.1073661207897,0.143708285961775,-0.143708285961775,-0.225746224428445,0.225746224428445,0.738221627859723,-0.738221627859723,0.152761310449134,-0.152761310449134,-1.83478544792542,1.83478544792542,-0.951886612674356,0.951886612674356,2.66561281488185,-2.66561281488185,0.578651364594323,-0.578651364594323,-0.5449644961324,0.5449644961324,0.62911048720689,-0.62911048720689,-0.143644284233817,0.143644284233817,0.0599622449103311,-0.0599622449103311,0.743008945700173,-0.743008945700173,-0.0566344113952338,0.0566344113952338,0.99838223988119,-0.99838223988119,-0.37481353122915,0.37481353122915,2.47665522474053,-2.47665522474053,0.84751448566099,-0.84751448566099,-0.727294738990321,0.727294738990321,-1.00518600267165,1.00518600267165,0.704100556681708,-0.704100556681708,-0.441901178594995,0.441901178594995,-0.0256183475021203,0.0256183475021203,0.00407169366261299,-0.00407169366261299,-0.976458618321772,0.976458618321772,-1.57760385772918,1.57760385772918,-0.184209215076518,0.184209215076518,0.134557064792054,-0.134557064792054,-0.398601330387713,0.398601330387713,-1.54772480401405,1.54772480401405,-2.53996794795563,2.53996794795563,0.580167949697435,-0.580167949697435,0.936526609875299,-0.936526609875299,1.06862966891255,-1.06862966891255,-2.28114281837453,2.28114281837453,-0.607155184862802,0.607155184862802,0.358870676718768,-0.358870676718768,-0.559455440854602,0.559455440854602,-0.202423710049358,0.202423710049358,-1.14131934478545,1.14131934478545,1.15368683201216,-1.15368683201216,1.81322971165365,-1.81322971165365,-0.289675891147586,0.289675891147586,0.0154283744447193,-0.0154283744447193,-0.147900910363868,0.147900910363868,0.190164341482373,-0.190164341482373,0.81897480452056,-0.81897480452056,0.707323770375547,-0.707323770375547,-1.36654121107662,1.36654121107662,1.39469505249021,-1.39469505249021,2.35185199516623,-2.35185199516623,0.174327637058456,-0.174327637058456,0.980982250968845,-0.980982250968845,0.83483514242984,-0.83483514242984,0.249884091441416,-0.249884091441416,1.22190330254084,-1.22190330254084,-0.812853239485886,0.812853239485886,0.694355586759602,-0.694355586759602,-0.137599798438548,0.137599798438548,-0.00810892528557204,0.00810892528557204,0.806028081689723,-0.806028081689723,-1.17211956018858,1.17211956018858,0.60264908993947,-0.60264908993947,-0.347953545048531,0.347953545048531,0.594660894752683,-0.594660894752683,0.433980050044286,-0.433980050044286,-0.301597262977224,0.301597262977224,0.388202727345463,-0.388202727345463,-0.964205721828604,0.964205721828604,-0.09787957376171,0.09787957376171,0.306845384589402,-0.306845384589402,0.418282453903844,-0.418282453903844,1.13438511786938,-1.13438511786938,0.30124875309597,-0.30124875309597,-1.1426595435412,1.1426595435412,-0.193466033320765,0.193466033320765,0.208652038929677,-0.208652038929677,0.375940094794946,-0.375940094794946,-0.511769906258302,0.511769906258302,0.893636094835532,-0.893636094835532,0.625382070343656,-0.625382070343656,-0.458926802468365,0.458926802468365,0.632947918678377,-0.632947918678377,-0.684712446909989,0.684712446909989,0.438501802291001,-0.438501802291001,-0.339634149344075,0.339634149344075,0.184844878333534,-0.184844878333534,1.21723694141419,-1.21723694141419,-0.0539099971498652,0.0539099971498652,0.276930948059946,-0.276930948059946,-0.97887241064177,0.97887241064177,1.80123878845141,-1.80123878845141,-0.832893034161095,0.832893034161095,-0.260803775549768,0.260803775549768,0.100836440294255,-0.100836440294255,-0.350088813766259,0.350088813766259,-0.950499627614708,0.950499627614708,1.01535598559007,-1.01535598559007,0.303461186190707,-0.303461186190707,-0.872332205004581,0.872332205004581,0.767204886545371,-0.767204886545371,-0.214795135471453,0.214795135471453,-1.47903354723833,1.47903354723833,-1.65242984235254,1.65242984235254,-0.0324738449707115,0.0324738449707115,-0.95946781002224,0.95946781002224,-0.168656298540224,0.168656298540224,-2.18300655444032,2.18300655444032,-0.406329364717676,0.406329364717676,1.50807859114442,-1.50807859114442,1.27874676943331,-1.27874676943331,-0.955831607659496,0.955831607659496,0.477451467755324,-0.477451467755324,-1.82370585826343,1.82370585826343,-0.0711970654581886,0.0711970654581886,-0.338237593469292,0.338237593469292,1.10932612987752,-1.10932612987752,-0.237520702272768,0.237520702272768,-0.526909558598916,0.526909558598916,-0.00785333560849182,0.00785333560849182,-1.84390427820139,1.84390427820139,-0.663155819191986,0.663155819191986,-0.395996016640101,0.395996016640101,1.25801703743581,-1.25801703743581,-0.498229347155319,0.498229347155319,0.324579187874973,-0.324579187874973,1.37628922982784,-1.37628922982784,1.20421183360446,-1.20421183360446,0.944306814749585,-0.944306814749585,1.76511900243634,-1.76511900243634,-0.437658049103429,0.437658049103429,0.184563276299084,-0.184563276299084,-0.566378342899825,0.566378342899825,-0.499034888907728,0.499034888907728,-0.617684347431795,0.617684347431795,0.694086409605853,-0.694086409605853,-2.69823541693558,2.69823541693558,0.909200623431466,-0.909200623431466,-0.944709745446058,0.944709745446058,2.17387209645546,-2.17387209645546,1.22888429914355,-1.22888429914355,0.345960281859364,-0.345960281859364,0.335123962975361,-0.335123962975361,0.617334336715143,-0.617334336715143,-0.741315536778083,0.741315536778083,-1.7952729273783,1.7952729273783,-0.600830127442115,0.600830127442115,0.718676716158625,-0.718676716158625,-0.220795490300555,0.220795490300555,0.574142447022178,-0.574142447022178,-2.17449850883491,2.17449850883491,-0.787158122253607,0.787158122253607,-0.879460060728962,0.879460060728962,1.46657150340945,-1.46657150340945,0.556969907607042,-0.556969907607042,-0.978571020765426,0.978571020765426,-0.860205807083846,0.860205807083846,-0.416463963807462,0.416463963807462,-0.981913541538402,0.981913541538402,-1.18558670509735,1.18558670509735,-1.2107599248332,1.2107599248332,-0.452890244107784,0.452890244107784,-0.552149755986782,0.552149755986782,1.00933353818579,-1.00933353818579,0.00912989054878773,-0.00912989054878773,-1.44555205295399,1.44555205295399,-0.0999069436260945,0.0999069436260945,1.28062363987165,-1.28062363987165,-0.510330895935952,0.510330895935952,-0.506133094170095,0.506133094170095,0.30207590296409,-0.30207590296409,-0.643739186168168,0.643739186168168,-0.475362204693878,0.475362204693878,-0.388171768432589,0.388171768432589,-2.20938565489281,2.20938565489281,0.312311455332882,-0.312311455332882,-0.554121777956013,0.554121777956013,0.972435026622462,-0.972435026622462,-0.387075524435525,0.387075524435525,0.867114052643117,-0.867114052643117,-1.03048219533328,1.03048219533328,-0.471280417032175,0.471280417032175,-1.5456672949735,1.5456672949735,-0.0948459413249709,0.0948459413249709,0.404114525811894,-0.404114525811894,-0.115160204821905,0.115160204821905,0.606856993284556,-0.606856993284556,0.303599749272553,-0.303599749272553,0.476313970039344,-0.476313970039344,0.566740119029289,-0.566740119029289,1.30106673516553,-1.30106673516553,0.371997574377285,-0.371997574377285,-2.4660350237426,2.4660350237426,0.448138173594093,-0.448138173594093,-1.23984563480612,1.23984563480612,-0.522575574766027,0.522575574766027,0.499226866157997,-0.499226866157997,-0.569368398728784,0.569368398728784,-0.274030530878496,0.274030530878496,-1.26782773007258,1.26782773007258,2.29182623453477,-2.29182623453477,-0.721101524030863,0.721101524030863,-0.916232916448329,0.916232916448329,-1.3218495420427,1.3218495420427,-1.04682257518816,1.04682257518816,-0.0839123525924672,0.0839123525924672,1.0639896203159,-1.0639896203159,-0.701319215238645,0.701319215238645,-0.591780298198582,0.591780298198582,-1.23530112521125,1.23530112521125,-1.81883475375173,1.81883475375173,1.26911109237474,-1.26911109237474,-2.05381426377809,2.05381426377809,-1.66819094206131,1.66819094206131,0.533594326928373,-0.533594326928373,0.812973107610394,-0.812973107610394,0.437159288109419,-0.437159288109419,-1.31756461595647,1.31756461595647,0.302208737310736,-0.302208737310736,0.565590110001131,-0.565590110001131,-0.525953532945263,0.525953532945263,0.514029833577317,-0.514029833577317,-0.624452629159189,0.624452629159189,-0.24001865976411,0.24001865976411,1.22555202444929,-1.22555202444929,0.643700740034257,-0.643700740034257,0.364268667292937,-0.364268667292937,-0.348632418948759,0.348632418948759,-0.320560446935286,0.320560446935286,-0.399764795670058,0.399764795670058,0.557888499992132,-0.557888499992132,-0.327249523229536,0.327249523229536,-1.68509684876811,1.68509684876811,-0.23933077384202,0.23933077384202,-0.377149127318633,0.377149127318633,0.79739705910141,-0.79739705910141,-1.09129302887465,1.09129302887465,1.12140530804869,-1.12140530804869,-0.670832596459659,0.670832596459659,-0.712005170987986,0.712005170987986,0.647271098737826,-0.647271098737826,-0.420616750236084,0.420616750236084,-0.791772461447211,0.791772461447211,-0.182664998016717,0.182664998016717,-1.1705585120833,1.1705585120833,2.13190147701897,-2.13190147701897,-0.15034377453546,0.15034377453546,1.06930791362355,-1.06930791362355,1.67103011610598,-1.67103011610598,0.922317982470332,-0.922317982470332,0.457255081364654,-0.457255081364654,-0.168488355686246,0.168488355686246,0.324303915884325,-0.324303915884325,0.280521379810342,-0.280521379810342,0.41281169836388,-0.41281169836388,1.11035927248249,-1.11035927248249,-0.140332856837827,0.140332856837827,1.85968378612899,-1.85968378612899,-0.423941819342803,0.423941819342803,0.335464971434941,-0.335464971434941,-1.13234975153348,1.13234975153348,0.275093254282037,-0.275093254282037,0.211339519198631,-0.211339519198631,-0.477865019338946,0.477865019338946,-0.278200328899479,0.278200328899479,-1.4173531287901,1.4173531287901,-1.32306451158792,1.32306451158792,0.253005868048625,-0.253005868048625,0.33334612574333,-0.33334612574333,-0.632482802799762,0.632482802799762,1.01488141375714,-1.01488141375714,-0.618946870334589,0.618946870334589,-1.5655190150172,1.5655190150172,-1.15450542139155,1.15450542139155,0.576790270841585,-0.576790270841585,-2.03891430954506,2.03891430954506,1.54210291042971,-1.54210291042971,1.3875862672411,-1.3875862672411,-0.347396486361462,0.347396486361462,-0.00909558141651696,0.00909558141651696,-1.75496190069215,1.75496190069215,0.667385036347662,-0.667385036347662,-1.14980437388638,1.14980437388638,1.41841474411521,-1.41841474411521,0.9934698482394,-0.9934698482394,-1.3349020964106,1.3349020964106,0.492886185751343,-0.492886185751343,1.14043444438224,-1.14043444438224,-0.163499369052335,0.163499369052335,1.29327998259,-1.29327998259,-0.0294621445197175,0.0294621445197175,0.0892943072977537,-0.0892943072977537,-0.318140794136258,0.318140794136258,-0.602509930057833,0.602509930057833,-0.0966228865555963,0.0966228865555963,-0.283394442595931,0.283394442595931,-2.04274588010894,2.04274588010894,-0.0650664651553719,0.0650664651553719,-0.725395023134031,0.725395023134031,-0.909892670720031,0.909892670720031,0.164633750353798,-0.164633750353798,0.757003638227864,-0.757003638227864,1.47807657421992,-1.47807657421992,0.473150788784618,-0.473150788784618,-0.72893417263288,0.72893417263288,-0.36275240715518,0.36275240715518,1.16733333041529,-1.16733333041529,-0.190046599822398,0.190046599822398,0.437862031972675,-0.437862031972675,-0.350902744713498,0.350902744713498,0.937335443440987,-0.937335443440987,0.559109945164993,-0.559109945164993,-0.657779720612127,0.657779720612127,0.752872746869442,-0.752872746869442,0.230696501271956,-0.230696501271956,-1.07727257396704,1.07727257396704,0.366701410688342,-0.366701410688342,-0.0877292338035243,0.0877292338035243,0.0461298029733007,-0.0461298029733007,-1.56650558630376,1.56650558630376,-0.554307467442189,0.554307467442189,0.775769562967117,-0.775769562967117,-0.0614073792289565,0.0614073792289565,-0.493736195992494,0.493736195992494,-0.285014013105509,0.285014013105509,0.647469513213666,-0.647469513213666,-1.42446362225217,1.42446362225217,-1.94023421128775,1.94023421128775,0.735351660798007,-0.735351660798007,-0.232970995375961,0.232970995375961,1.3381877980269,-1.3381877980269,-0.338101048574897,0.338101048574897,2.00257143493208,-2.00257143493208,-1.44637764084986,1.44637764084986,0.168984042262,-0.168984042262,-0.376779230619972,0.376779230619972,-0.941191421730649,0.941191421730649,-0.0416947568318102,0.0416947568318102,-0.690443526963975,0.690443526963975,1.11892986730029,-1.11892986730029,-0.651499055592731,0.651499055592731,2.1073608416701,-2.1073608416701,-0.568451079922656,0.568451079922656,0.823949262139617,-0.823949262139617,1.3327069318709,-1.3327069318709,0.452944081801199,-0.452944081801199,-0.381978119580575,0.381978119580575,0.547177131443747,-0.547177131443747,0.137325518304682,-0.137325518304682,1.36840837786684,-1.36840837786684,-1.59001693190018,1.59001693190018,0.432500619800619,-0.432500619800619,0.0328282956337685,-0.0328282956337685,-0.624842206289157,0.624842206289157,-0.0450360459747341,0.0450360459747341,0.223752953944917,-0.223752953944917,-0.633355706078973,0.633355706078973,0.278590770168097,-0.278590770168097,1.43479620046005,-1.43479620046005,0.365458826180607,-0.365458826180607,-0.0560228537421517,0.0560228537421517,-1.06180588728324,1.06180588728324,-0.0562616062732474,0.0562616062732474,1.89188634045259,-1.89188634045259,0.789120466111481,-0.789120466111481,0.0177268902475916,-0.0177268902475916,-0.957848594007356,0.957848594007356,0.701658788937856,-0.701658788937856,-0.230166195525046,0.230166195525046,-0.000801701941449444,0.000801701941449444,0.281039966960045,-0.281039966960045,-1.89944078259226,1.89944078259226,0.450263394676684,-0.450263394676684,0.539336083974392,-0.539336083974392,-1.02610657516416,1.02610657516416,0.480951362428671,-0.480951362428671,-0.719083665366238,0.719083665366238,0.209319669862991,-0.209319669862991,1.36552861206275,-1.36552861206275,0.846033382279967,-0.846033382279967,-0.232604776805571,0.232604776805571,0.170159992162816,-0.170159992162816,0.099232657952515,-0.099232657952515,0.13400885780693,-0.13400885780693,1.19495115779911,-1.19495115779911,2.31429673739811,-2.31429673739811,-1.12440614003359,1.12440614003359,-0.771512642554036,0.771512642554036,-0.793213340845641,0.793213340845641,-0.0871539489205605,0.0871539489205605,-0.86439001689212,0.86439001689212,-1.39348901155977,1.39348901155977,-0.88907352234963,0.88907352234963,-0.58506589827651,0.58506589827651,0.943611038081459,-0.943611038081459,-1.00940369335466,1.00940369335466,-1.39333735430775,1.39333735430775,0.692958179052075,-0.692958179052075,-0.20016550208019,0.20016550208019,-0.314526839182118,0.314526839182118,-0.625701469164189,0.625701469164189,-0.444275460293404,0.444275460293404,-1.04236870862199,1.04236870862199,0.317554384105819,-0.317554384105819,-0.467191842515508,0.467191842515508,1.51341004358883,-1.51341004358883,-0.127366026928331,0.127366026928331,-0.0427499987330319,0.0427499987330319,-0.804687819588748,0.804687819588748,1.60130148570582,-1.60130148570582,-0.857133452093038,0.857133452093038,0.207488758975386,-0.207488758975386,-0.922246234035032,0.922246234035032,0.305754534379434,-0.305754534379434,-1.29797855818876,1.29797855818876,1.77231246155144,-1.77231246155144,0.340950878948581,-0.340950878948581,-1.60792058336534,1.60792058336534,-0.31182424524868,0.31182424524868,-1.98190347481765,1.98190347481765,-0.625138352098247,0.625138352098247,0.531784097611844,-0.531784097611844,-0.169197672334143,0.169197672334143,-0.792764643534291,0.792764643534291,0.00512817292800008,-0.00512817292800008,-0.448257263011251,0.448257263011251,1.63339418649324,-1.63339418649324,-0.340850913319861,0.340850913319861,0.61611830420497,-0.61611830420497,0.149562969630556,-0.149562969630556,-0.896033470820442,0.896033470820442,-1.11265845132881,1.11265845132881,-1.14741635728694,1.14741635728694,-0.444250440578684,0.444250440578684,0.00842817773231772,-0.00842817773231772,-0.411299357299442,0.411299357299442,0.30310162164121,-0.30310162164121,0.631213952434698,-0.631213952434698,1.36675524370513,-1.36675524370513,-0.607269845033048,0.607269845033048,-1.26529919003908,1.26529919003908,-0.0699800902263278,0.0699800902263278,0.464886292512095,-0.464886292512095,1.46353792561284,-1.46353792561284,1.226331054937,-1.226331054937,1.49018679722011,-1.49018679722011,-0.831052655439461,0.831052655439461,1.16808101853998,-1.16808101853998,-0.19293873756301,0.19293873756301,1.79419488130544,-1.79419488130544,-1.57051406688973,1.57051406688973,0.87809238749917,-0.87809238749917,0.0792318189623367,-0.0792318189623367,-1.01386967404026,1.01386967404026,2.5562782939754,-2.5562782939754,-1.16393579466532,1.16393579466532,0.431385170427905,-0.431385170427905,-0.517930645179087,0.517930645179087,0.199094012195186,-0.199094012195186,-0.920777837215245,0.920777837215245,-0.441258890894331,0.441258890894331,-0.733015860936915,0.733015860936915,2.08495719952231,-2.08495719952231,0.792343640585429,-0.792343640585429,1.58512784869396,-1.58512784869396,0.355203725221679,-0.355203725221679,0.63386190335283,-0.63386190335283,-0.633518205763769,0.633518205763769,0.796287865278723,-0.796287865278723,1.13642405887319,-1.13642405887319,-1.23082979476733,1.23082979476733,0.955157389686214,-0.955157389686214,-0.511231187924991,0.511231187924991,0.906965007541999,-0.906965007541999,1.91378720905535,-1.91378720905535,0.23520441316874,-0.23520441316874,-0.215163470968819,0.215163470968819,1.01886872930208,-1.01886872930208,0.585749403719828,-0.585749403719828,-0.595122827278166,0.595122827278166,0.820936903549842,-0.820936903549842,-1.10280019871612,1.10280019871612,0.831833555479431,-0.831833555479431,0.128503318925858,-0.128503318925858,0.157778785708052,-0.157778785708052,1.43326687679702,-1.43326687679702,0.0203083844737314,-0.0203083844737314,-0.787978052380497,0.787978052380497,-0.479377960612678,0.479377960612678,-1.11583813796502,1.11583813796502,0.411691899042449,-0.411691899042449,0.148214608148038,-0.148214608148038,-0.96323331155451,0.96323331155451,-0.5875387821178,0.5875387821178,0.890625922748058,-0.890625922748058,-0.590316034633469,0.590316034633469,0.352068983642794,-0.352068983642794,-0.752528531848787,0.752528531848787,2.59057436549897,-2.59057436549897,0.309851697258864,-0.309851697258864,-1.18560108654184,1.18560108654184,-0.342191373397601,0.342191373397601,2.10672581229046,-2.10672581229046,-0.133662172640447,0.133662172640447,1.07398935276162,-1.07398935276162,-0.886206683561191,0.886206683561191,1.79401233625372,-1.79401233625372,0.224052406145751,-0.224052406145751,-1.33702721231055,1.33702721231055,-0.480505343654754,0.480505343654754,-1.48300448880716,1.48300448880716,-1.68509591395814,1.68509591395814,-0.382744462428726,0.382744462428726,0.0870462152143558,-0.0870462152143558,0.208841058041851,-0.208841058041851,0.426099882918875,-0.426099882918875,-0.922115824804154,0.922115824804154,0.351423074642434,-0.351423074642434,0.375343964935152,-0.375343964935152,-0.223810700406523,0.223810700406523,0.117976605888088,-0.117976605888088,0.186661225267534,-0.186661225267534,1.63910206796552,-1.63910206796552,-1.0997837801094,1.0997837801094,-0.699261354195151,0.699261354195151,-0.631999979322406,0.631999979322406,1.0911614026258,-1.0911614026258,0.605844454095114,-0.605844454095114,-0.101602440547937,0.101602440547937,-1.08506023411305,1.08506023411305,0.399856788361179,-0.399856788361179,0.0622088439501286,-0.0622088439501286,0.765141930317824,-0.765141930317824,-1.40154278646833,1.40154278646833,1.55389862740029,-1.55389862740029,0.684162528420228,-0.684162528420228,-0.199719438839699,0.199719438839699,0.233876846070786,-0.233876846070786,-0.298285553412295,0.298285553412295,-0.404427055079896,0.404427055079896,-0.592197014459293,0.592197014459293,1.91142612214798,-1.91142612214798,-1.79534309474364,1.79534309474364,-0.216459733723761,0.216459733723761,-0.183619927820443,0.183619927820443,-0.200828276037008,0.200828276037008,0.371996154178529,-0.371996154178529,-0.23794535122432,0.23794535122432,0.23764866803882,-0.23764866803882,1.24203077522838,-1.24203077522838,-2.02778609846249,2.02778609846249,1.31953298250007,-1.31953298250007,0.189787048229414,-0.189787048229414,-1.41643314120781,1.41643314120781,0.0574061459404881,-0.0574061459404881,0.981831726850722,-0.981831726850722,0.448308766507604,-0.448308766507604,-0.56734979899225,0.56734979899225,0.0121433816964795,-0.0121433816964795,0.427898431204852,-0.427898431204852,-0.845124638674527,0.845124638674527,3.19126298390106,-3.19126298390106,-0.934749404506879,0.934749404506879,-0.762862049811122,0.762862049811122,-1.30314574670324,1.30314574670324,0.68456552777762,-0.68456552777762,1.01815479069044,-1.01815479069044,0.936633978228751,-0.936633978228751,0.355331078608472,-0.355331078608472,-1.91437448766232,1.91437448766232,-1.81591279297441,1.81591279297441,2.22084036290111,-2.22084036290111,0.609178650261804,-0.609178650261804,-0.0957698890907258,0.0957698890907258,0.159593761000347,-0.159593761000347,1.26715041279521,-1.26715041279521,-0.221955759020514,0.221955759020514,-0.345724107919142,0.345724107919142,1.04054836324387,-1.04054836324387,-0.541086482819505,0.541086482819505,-0.372725273803999,0.372725273803999,1.2615398035518,-1.2615398035518,-1.44660757171995,1.44660757171995,2.36294514746074,-2.36294514746074,0.343992517694049,-0.343992517694049,2.04287469743868,-2.04287469743868,-0.769199435342925,0.769199435342925,-0.185183310264006,0.185183310264006,-0.717020076651824,0.717020076651824,-0.0032991340571502,0.0032991340571502,0.66184848010993,-0.66184848010993,-1.18817279875465,1.18817279875465,-0.569050383084898,0.569050383084898,-0.13214011358952,0.13214011358952,0.298691538892199,-0.298691538892199,0.0635670033035137,-0.0635670033035137,0.20794540088682,-0.20794540088682,-1.35412926346172,1.35412926346172,0.931271054276039,-0.931271054276039,-1.69676837027376,1.69676837027376,-0.2659121282947,0.2659121282947,-1.73744605136563,1.73744605136563,0.107951287502155,-0.107951287502155,1.59117102974004,-1.59117102974004,-0.284215940044117,0.284215940044117,1.27184001747409,-1.27184001747409,-1.10108603542754,1.10108603542754,-0.549634950936367,0.549634950936367,-0.214366141655245,0.214366141655245,-0.718455031299483,0.718455031299483,0.675773171278494,-0.675773171278494,-1.22169892753163,1.22169892753163,1.26454601436205,-1.26454601436205,0.445859628639983,-0.445859628639983,0.335677675867665,-0.335677675867665,0.550157736839059,-0.550157736839059,-1.14637078235307,1.14637078235307,-0.395476878873375,0.395476878873375,0.419816803569233,-0.419816803569233,0.0244184822870855,-0.0244184822870855,-2.93024293678709,2.93024293678709,-1.71888204008692,1.71888204008692,-3.34952986993609,3.34952986993609,-0.56125646878224,0.56125646878224,0.172927047279386,-0.172927047279386,0.478962752961573,-0.478962752961573,0.85854830684836,-0.85854830684836,-0.445280940584981,0.445280940584981,-0.462270977422897,0.462270977422897,0.823257128972688,-0.823257128972688,0.0299282842803261,-0.0299282842803261,0.856569222596803,-0.856569222596803,-1.12233507191274,1.12233507191274,2.01211943728935,-2.01211943728935,1.06940184277236,-1.06940184277236,1.34838279846287,-1.34838279846287,-0.849272387490802,0.849272387490802,-0.705831468149869,0.705831468149869,0.911664504568173,-0.911664504568173,1.00217221411222,-1.00217221411222,0.891686193319922,-0.891686193319922,0.522081558315967,-0.522081558315967,1.65009875037045,-1.65009875037045,1.52838225898969,-1.52838225898969,0.672163844905142,-0.672163844905142,-1.49319357836351,1.49319357836351,0.470280707537621,-0.470280707537621,1.30656282183461,-1.30656282183461,-0.58773079171623,0.58773079171623,-2.07596876970901,2.07596876970901,0.135062353659278,-0.135062353659278,0.002361486413924,-0.002361486413924,-0.164374094405056,0.164374094405056,-0.734263363267302,0.734263363267302,-1.09499512453944,1.09499512453944,-0.789671189362783,0.789671189362783,-0.683164971841175,0.683164971841175,0.453835254733371,-0.453835254733371,0.122636120568854,-0.122636120568854,-0.65777283394,0.65777283394,0.181158697607556,-0.181158697607556,0.786086332502326,-0.786086332502326,0.974649743959,-0.974649743959,0.459383808769424,-0.459383808769424,-0.134320713071641,0.134320713071641,-0.209770221365375,0.209770221365375,-0.227896129235964,0.227896129235964,0.00671861818606924,-0.00671861818606924,-0.895737724621216,0.895737724621216,-2.41991155904389,2.41991155904389,0.83841532872328,-0.83841532872328,-0.189843797001785,0.189843797001785,-1.02975065552076,1.02975065552076,-0.224411004441913,0.224411004441913,0.637355529981487,-0.637355529981487,0.860794412409647,-0.860794412409647,0.41294431769606,-0.41294431769606,-0.0352065956555373,0.0352065956555373,-0.977381207904382,0.977381207904382,0.393466495839939,-0.393466495839939,1.36255869016624,-1.36255869016624,1.64472895650401,-1.64472895650401,-0.080257888293999,0.080257888293999,0.318441116431049,-0.318441116431049,0.0856818271586159,-0.0856818271586159,-0.787438462551578,0.787438462551578,2.01560627517981,-2.01560627517981,1.29401678465865,-1.29401678465865,0.218369036652298,-0.218369036652298,1.15289496471777,-1.15289496471777,-0.741181451653543,0.741181451653543,0.277894765436849,-0.277894765436849,-0.314417419506237,0.314417419506237,-0.410107643093776,0.410107643093776,-0.95661795298261,0.95661795298261,-2.0497925568438,2.0497925568438,0.382009688841528,-0.382009688841528,1.34057850777394,-1.34057850777394,-0.060757990497646,0.060757990497646,-1.0563208598158,1.0563208598158,1.15187331383694,-1.15187331383694,-0.632296604836446,0.632296604836446,-1.25469413028428,1.25469413028428,-0.0780079075151596,0.0780079075151596,-0.830892773157685,0.830892773157685,-0.553796863054551,0.553796863054551,-1.2979274832987,1.2979274832987,0.240106592721959,-0.240106592721959,0.0509191872913421,-0.0509191872913421,0.0778475589498092,-0.0778475589498092,-0.48616140630474,0.48616140630474,0.375229041027662,-0.375229041027662,0.100626779774154,-0.100626779774154,-0.795069677611478,0.795069677611478,-0.219923043963317,0.219923043963317,1.13663977713181,-1.13663977713181,1.06637154859204,-1.06637154859204,0.979261152862436,-0.979261152862436,0.913713116710575,-0.913713116710575,0.57193594057527,-0.57193594057527,0.943847121940797,-0.943847121940797,-0.170525435737614,0.170525435737614,0.558720942782917,-0.558720942782917,0.0803512979830678,-0.0803512979830678,1.20601969189958,-1.20601969189958,-1.44813402996766,1.44813402996766,2.53180079643799,-2.53180079643799,-0.525498459914852,0.525498459914852,-0.380126724334631,0.380126724334631,0.126308637579015,-0.126308637579015,-1.29072174781217,1.29072174781217,0.674897675499074,-0.674897675499074,1.29858271640577,-1.29858271640577,-0.953286929374421,0.953286929374421,-0.649338664706038,0.649338664706038,-0.200405654413705,0.200405654413705,0.121639992726883,-0.121639992726883,-1.19424499954534,1.19424499954534,-0.224954927397113,0.224954927397113,1.3124388094897,-1.3124388094897,-0.510965483226216,0.510965483226216,1.71939213968487,-1.71939213968487,2.30380867034319,-2.30380867034319,1.52324840642277,-1.52324840642277,-0.996623842509824,0.996623842509824,1.16384155389301,-1.16384155389301,-1.09172968186853,1.09172968186853,1.51433699665069,-1.51433699665069,-0.960466367766831,0.960466367766831,-0.829001594099027,0.829001594099027,-0.444346808251979,0.444346808251979,1.05283504609339,-1.05283504609339,1.52532715567264,-1.52532715567264,0.506306233021153,-0.506306233021153,1.79816598270191,-1.79816598270191,0.306340460132956,-0.306340460132956,2.19031678836557,-2.19031678836557,1.14648433694166,-1.14648433694166,0.618456077464267,-0.618456077464267,-0.59683936421117,0.59683936421117,0.251543635414927,-0.251543635414927,-0.934142288012103,0.934142288012103,-0.382795821886257,0.382795821886257,-0.169388544023056,0.169388544023056,0.181638659424655,-0.181638659424655,0.702466042109324,-0.702466042109324,0.0194369880877117,-0.0194369880877117,-0.003854447029958,0.003854447029958,0.303646885249271,-0.303646885249271,-1.80011769931447,1.80011769931447,-0.236927818397093,0.236927818397093,0.727092808390562,-0.727092808390562,-1.16978857002375,1.16978857002375,0.135723356245131,-0.135723356245131,0.0755121269485309,-0.0755121269485309,1.46346983237866,-1.46346983237866,-0.131476848630731,0.131476848630731,-1.0672950000032,1.0672950000032,0.462403215023079,-0.462403215023079,-0.206596199324794,0.206596199324794,-0.870611896999747,0.870611896999747,-0.771639408772707,0.771639408772707,-1.46950932305381,1.46950932305381,1.49751621748327,-1.49751621748327,0.473913821653037,-0.473913821653037,0.0135131181346456,-0.0135131181346456,0.378023889207264,-0.378023889207264,0.20268620647703,-0.20268620647703,0.684270346996884,-0.684270346996884,0.00996267197470066,-0.00996267197470066,-0.0934665739706318,0.0934665739706318,-0.318229747854398,0.318229747854398,1.95554919571893,-1.95554919571893,-0.63331127113472,0.63331127113472,0.715046825007622,-0.715046825007622,0.835080827982117,-0.835080827982117,-1.54984062314972,1.54984062314972,0.181174820491945,-0.181174820491945,-1.23677425429868,1.23677425429868,-1.19669270046178,1.19669270046178,0.299661731481981,-0.299661731481981,0.268263560105412,-0.268263560105412,-2.29924997033659,2.29924997033659,0.681340997761371,-0.681340997761371,0.308631230413899,-0.308631230413899,0.286517146483281,-0.286517146483281,0.524324611418853,-0.524324611418853,0.840905516586594,-0.840905516586594,0.105732747203429,-0.105732747203429,1.05372718799379,-1.05372718799379,-1.29261820548114,1.29261820548114,-0.106289366431364,0.106289366431364,0.380063897848788,-0.380063897848788,-1.86956613842152,1.86956613842152,-0.395844352037825,0.395844352037825,-1.06748741819977,1.06748741819977,-1.26688271213331,1.26688271213331,-1.24914250159593,1.24914250159593,0.285137626892038,-0.285137626892038,-2.3572388636259,2.3572388636259,-1.41047454944264,1.41047454944264,0.0173783263879803,-0.0173783263879803,0.73307007989696,-0.73307007989696,0.832659729190662,-0.832659729190662,1.84269814714191,-1.84269814714191,-0.659405169161302,0.659405169161302,0.617238640732581,-0.617238640732581,1.71504436029657,-1.71504436029657,-1.66556081380629,1.66556081380629,-1.09496278424277,1.09496278424277,0.115718826506445,-0.115718826506445,0.358932925409168,-0.358932925409168,-0.382262523282831,0.382262523282831,-0.814675400411357,0.814675400411357,0.344030978685378,-0.344030978685378,-0.389780204728787,0.389780204728787,-1.16744123992904,1.16744123992904,-0.534450973893802,0.534450973893802,0.242752519599141,-0.242752519599141,-0.3288097228184,0.3288097228184,0.812645584726382,-0.812645584726382,-1.28143623366959,1.28143623366959,-0.834019180158668,0.834019180158668,0.329032025625834,-0.329032025625834,-0.247700270723097,0.247700270723097,0.503460465336426,-0.503460465336426,1.34866614717545,-1.34866614717545,0.590357903548308,-0.590357903548308,2.40670166310509,-2.40670166310509,1.16415718483248,-1.16415718483248,-0.556724921930681,0.556724921930681,-0.478849121594531,0.478849121594531,-0.311520840031921,0.311520840031921,-0.0368082040311018,0.0368082040311018,-0.106834157768047,0.106834157768047,-0.755470764150137,0.755470764150137,0.543436806812562,-0.543436806812562,-0.265615732461128,0.265615732461128,-1.52323840717142,1.52323840717142,-1.28458035894331,1.28458035894331,-0.968830727844939,0.968830727844939,0.200811894913938,-0.200811894913938,-0.204852005977302,0.204852005977302,-1.58212648701694,1.58212648701694,-0.571378661047131,0.571378661047131,0.648674126473015,-0.648674126473015,0.792588624756205,-0.792588624756205,1.60584536423557,-1.60584536423557,0.45245429594391,-0.45245429594391,-1.69196575303147,1.69196575303147,1.88355223843252,-1.88355223843252,0.612403209600825,-0.612403209600825,-0.319948350891236,0.319948350891236,0.931835194646235,-0.931835194646235,1.2149582875598,-1.2149582875598,-0.171182852315219,0.171182852315219,-0.391634790844245,0.391634790844245,-0.976782906023663,0.976782906023663,-0.217359704324177,0.217359704324177,0.69824569198275,-0.69824569198275,-2.44375568147562,2.44375568147562,-0.138044751836572,0.138044751836572,0.510915719704915,-0.510915719704915,0.338904722151407,-0.338904722151407,-1.3846936598828,1.3846936598828,3.35563843746922,-3.35563843746922,-2.5350885181197,2.5350885181197,0.709096587133448,-0.709096587133448,2.41284432783851,-2.41284432783851,-1.30159766547786,1.30159766547786,0.107695288220969,-0.107695288220969,1.37444837479665,-1.37444837479665,1.49494263249943,-1.49494263249943,0.356121741148451,-0.356121741148451,0.88711858122466,-0.88711858122466,-0.587409132180485,0.587409132180485,0.597833189963606,-0.597833189963606,-0.101746857552851,0.101746857552851,0.750004948031215,-0.750004948031215,-0.174016177311886,0.174016177311886,-1.02701938794964,1.02701938794964,0.345224823486361,-0.345224823486361,1.46853711572843,-1.46853711572843,-1.52134192960063,1.52134192960063,-0.320945370021244,0.320945370021244,0.286872316092517,-0.286872316092517,0.229111083491934,-0.229111083491934,0.0591426062252551,-0.0591426062252551,-2.13914410101403,2.13914410101403,0.167528286125955,-0.167528286125955,-0.594649626982196,0.594649626982196,-1.48790645226476,1.48790645226476,0.997994756863032,-0.997994756863032,1.25375897377009,-1.25375897377009,-0.375662465769558,0.375662465769558,-2.64899061229147,2.64899061229147,-0.84054912634229,0.84054912634229,-0.987959354226905,0.987959354226905,0.0905878584113747,-0.0905878584113747,0.759873994001435,-0.759873994001435,0.11341774969956,-0.11341774969956,-0.95955392760301,0.95955392760301,-0.730455779293522,0.730455779293522,-0.337594631854379,0.337594631854379,-0.28776235751384,0.28776235751384,0.567848139610612,-0.567848139610612,0.192502497589586,-0.192502497589586,-0.0162924646392341,0.0162924646392341,-0.331415198960147,0.331415198960147,0.965075736645208,-0.965075736645208,0.701918858018193,-0.701918858018193,1.22634321113175,-1.22634321113175,-0.136873069614625,0.136873069614625,0.195076397493856,-0.195076397493856,-1.21533457267871,1.21533457267871,-0.129203357385058,0.129203357385058,0.980690445065079,-0.980690445065079,1.98912752798173,-1.98912752798173,-1.35090153313487,1.35090153313487,-0.0275733693494017,0.0275733693494017,0.370335035005452,-0.370335035005452,1.10292125603851,-1.10292125603851,0.106523177417803,-0.106523177417803,-0.324109578241974,0.324109578241974,0.429502416485061,-0.429502416485061,1.0200437073873,-1.0200437073873,-2.11110449612064,2.11110449612064,-1.47549737334837,1.47549737334837,-0.915320762008341,0.915320762008341,-0.579397498516715,0.579397498516715,-1.74041319132878,1.74041319132878,-0.14497503115725,0.14497503115725,2.02454836753375,-2.02454836753375,-0.220619502857484,0.220619502857484,0.184034983021562,-0.184034983021562,-0.529320609808238,0.529320609808238,-0.83645674670764,0.83645674670764,0.668089236731231,-0.668089236731231,-0.738285158246336,0.738285158246336,-1.68952252306991,1.68952252306991,1.04165997041419,-1.04165997041419,-1.35415985365778,1.35415985365778,-0.403712238323559,0.403712238323559,1.34146793944542,-1.34146793944542,1.01337092954297,-1.01337092954297,-1.23666587724397,1.23666587724397,1.12232267353248,-1.12232267353248,0.156995118051007,-0.156995118051007,-1.21532459697459,1.21532459697459,0.687513248557209,-0.687513248557209,-0.952448456747686,0.952448456747686,0.496212607774834,-0.496212607774834,-0.570968663840942,0.570968663840942,1.33084186917365,-1.33084186917365,2.00028578836173,-2.00028578836173,-0.0595049562606028,0.0595049562606028,-1.45148089052212,1.45148089052212,0.97211354518999,-0.97211354518999,1.37959810509018,-1.37959810509018,-0.667312877250037,0.667312877250037,0.672008463892113,-0.672008463892113,-0.321522823204038,0.321522823204038,-1.18990274623858,1.18990274623858,-0.341332801800073,0.341332801800073,-0.925409914270049,0.925409914270049,0.238168514390335,-0.238168514390335,-0.626022070903374,0.626022070903374,-0.201166186568426,0.201166186568426,0.337443247525037,-0.337443247525037,-0.299898228259068,0.299898228259068,-0.910026335325006,0.910026335325006,1.46705860887143,-1.46705860887143,1.97897714947613,-1.97897714947613,-0.649093636346339,0.649093636346339,-1.05623117827342,1.05623117827342,-1.11333686230888,1.11333686230888,0.00447944031793509,-0.00447944031793509,-1.0635236012345,1.0635236012345,0.562110152243549,-0.562110152243549,-1.79329255843744,1.79329255843744,0.337002034676204,-0.337002034676204,0.750254337520599,-0.750254337520599,0.547796554865026,-0.547796554865026,0.800832991426583,-0.800832991426583,0.495745797836384,-0.495745797836384,0.479739320806718,-0.479739320806718,-0.118265321033935,0.118265321033935,0.00205363732983617,-0.00205363732983617,-0.985995941271072,0.985995941271072,-0.59084509413787,0.59084509413787,-0.781499048899004,0.781499048899004,1.33757190576587,-1.33757190576587,1.37712679612751,-1.37712679612751,1.09299479787508,-1.09299479787508,-0.00729905407524995,0.00729905407524995,2.20115904873607,-2.20115904873607,-0.292611952769037,0.292611952769037,0.294665974751613,-0.294665974751613,0.250710498272895,-0.250710498272895,-0.645544025718992,0.645544025718992,0.283502282776138,-0.283502282776138,0.823107311333265,-0.823107311333265,0.535209685554358,-0.535209685554358,0.481989273399153,-0.481989273399153,0.926870252358895,-0.926870252358895,-0.158810419792198,0.158810419792198,-0.791244661295165,0.791244661295165,-0.424503629415458,0.424503629415458,-0.473211730522701,0.473211730522701,-0.674855229641722,0.674855229641722,0.791253190413186,-0.791253190413186,-0.410825792862442,0.410825792862442,-0.266879168276926,0.266879168276926,0.48301840132814,-0.48301840132814,0.873775740004403,-0.873775740004403,-0.334337124991779,0.334337124991779,0.592320717546488,-0.592320717546488,-0.0692837235941554,0.0692837235941554,-0.950627110869457,0.950627110869457,-1.58180427231225,1.58180427231225,0.203511709005388,-0.203511709005388,1.17414416842262,-1.17414416842262,-1.59655211782845,1.59655211782845,-0.987881740000171,0.987881740000171,-0.264559729772924,0.264559729772924,0.268039091348712,-0.268039091348712,1.78409979905637,-1.78409979905637,-0.95067952663321,0.95067952663321,-0.273390263829406,0.273390263829406,-1.13159485411173,1.13159485411173,0.35954506713373,-0.35954506713373,0.207459579191861,-0.207459579191861,0.520062307040705,-0.520062307040705,1.43140755901443,-1.43140755901443,0.285787189937248,-0.285787189937248,-0.175833880088266,0.175833880088266,-0.546988388128622,0.546988388128622,0.168754102027554,-0.168754102027554,-1.02576597771649,1.02576597771649,-1.97842687759395,1.97842687759395,1.29758007951511,-1.29758007951511,-0.0452170368581465,0.0452170368581465,-1.28691682468699,1.28691682468699,0.799304686435314,-0.799304686435314,1.73947061593519,-1.73947061593519,0.779572395951501,-0.779572395951501,-0.78977872194965,0.78977872194965,-0.482695482044879,0.482695482044879,-0.607228971362015,0.607228971362015,1.07291573603236,-1.07291573603236,0.478812902164699,-0.478812902164699,-0.350187098463986,0.350187098463986,-0.348481736793209,0.348481736793209,0.857475301710388,-0.857475301710388,-0.503804762922326,0.503804762922326,-0.717877979573716,0.717877979573716,1.3188655915915,-1.3188655915915,-0.190082893567019,0.190082893567019,-1.11983267284591,1.11983267284591,0.690116993006987,-0.690116993006987,1.03946572467595,-1.03946572467595,-2.07044254698497,2.07044254698497,1.67709018169612,-1.67709018169612,-1.68487010222103,1.68487010222103,-1.45054755573905,1.45054755573905,-1.02597986890606,1.02597986890606,-1.82286406806129,1.82286406806129,-0.38960080468874,0.38960080468874,-2.9555128536211,2.9555128536211,1.27095795660045,-1.27095795660045,-0.694735659835294,0.694735659835294,-0.708068625407752,0.708068625407752,-0.165942548945589,0.165942548945589,2.02225869838222,-2.02225869838222,-0.527579698016699,0.527579698016699,0.231099735601496,-0.231099735601496,0.638779547435163,-0.638779547435163,0.150369858071336,-0.150369858071336,-0.185383982985323,0.185383982985323,1.04552201399152,-1.04552201399152,0.517554212937249,-0.517554212937249,-0.637241995777669,0.637241995777669,-0.456688168198537,0.456688168198537,0.807615914206962,-0.807615914206962,-2.02867645199572,2.02867645199572,-0.86334006298902,0.86334006298902,-1.28303256674553,1.28303256674553,-1.10503865523037,1.10503865523037,3.36864666351671,-3.36864666351671,1.41917166574344,-1.41917166574344,0.154168283234088,-0.154168283234088,-0.461221884130393,0.461221884130393,-0.743760304205559,0.743760304205559,0.573214409624676,-0.573214409624676,0.074690989420303,-0.074690989420303,0.09996465634711,-0.09996465634711,0.0764118822449891,-0.0764118822449891,-2.00353860427552,2.00353860427552,-0.463206614947708,0.463206614947708,-0.241308743177536,0.241308743177536,0.103818833855416,-0.103818833855416,-1.40061317332174,1.40061317332174,-0.304222939255131,0.304222939255131,1.29515813788614,-1.29515813788614,-0.151157363099482,0.151157363099482,1.0725293337177,-1.0725293337177,-1.06276986129877,1.06276986129877,-0.262887712363498,0.262887712363498,-0.382808675289699,0.382808675289699,-0.371803322087538,0.371803322087538,0.285857935504451,-0.285857935504451,-0.394491683418388,0.394491683418388,-0.904320441544051,0.904320441544051,0.389800226872629,-0.389800226872629,1.52532922124543,-1.52532922124543,-1.52282170050234,1.52282170050234,1.81533980895087,-1.81533980895087,0.889377675016508,-0.889377675016508,0.0325930829684722,-0.0325930829684722,-1.03739316768001,1.03739316768001,1.13566296846489,-1.13566296846489,-1.6244028983537,1.6244028983537,0.555115994254037,-0.555115994254037,0.845411827259358,-0.845411827259358,0.176047610955399,-0.176047610955399,2.70404568113607,-2.70404568113607,-0.0634041969203596,0.0634041969203596,0.103656170738196,-0.103656170738196,-1.56203630846996,1.56203630846996,0.822305969828375,-0.822305969828375,-1.41664346597659,1.41664346597659,-0.322384816580561,0.322384816580561,1.15449305968067,-1.15449305968067,-1.2341547834248,1.2341547834248,1.76334369893255,-1.76334369893255,-0.86478177370645,0.86478177370645,0.121896882922357,-0.121896882922357,-2.41264041849375,2.41264041849375,0.11507336933012,-0.11507336933012,1.77848115244374,-1.77848115244374,0.045003140514944,-0.045003140514944,-1.29639811756654,1.29639811756654,-0.71166500932242,0.71166500932242,0.823202969144478,-0.823202969144478,-1.38160648553413,1.38160648553413,0.320787542844564,-0.320787542844564,-0.468874763726083,0.468874763726083,2.38093660805842,-2.38093660805842,-0.710789285734071,0.710789285734071,0.170591713909994,-0.170591713909994,-0.764043354597635,0.764043354597635,-0.564669099808821,0.564669099808821,0.382434605662697,-0.382434605662697,-0.444367636965896,0.444367636965896,-0.0407027335669574,0.0407027335669574,1.43214712365228,-1.43214712365228,1.20613407403403,-1.20613407403403,0.25645213970392,-0.25645213970392,0.810209222187275,-0.810209222187275,-1.37217006653832,1.37217006653832,-0.69324481014057,0.69324481014057,-0.374498581874646,0.374498581874646,-0.653322861150752,0.653322861150752,-0.500723011191713,0.500723011191713,0.237765560151348,-0.237765560151348,-1.14300941110314,1.14300941110314,-0.304562347651954,0.304562347651954,1.31751791454175,-1.31751791454175,0.68091486725812,-0.68091486725812,-0.960784858697363,0.960784858697363,-0.0175727390084185,0.0175727390084185,-1.36044487284986,1.36044487284986,0.698440518195449,-0.698440518195449,-0.697573979968506,0.697573979968506,1.3124741557121,-1.3124741557121,0.420842500495998,-0.420842500495998,0.0626764169484259,-0.0626764169484259,2.09754104995579,-2.09754104995579,-0.716986603034923,0.716986603034923,-1.61211948825788,1.61211948825788,-0.142642117584908,0.142642117584908,1.77759767170405,-1.77759767170405,2.34718535571391,-2.34718535571391,-0.747564042004505,0.747564042004505,-0.532777552950967,0.532777552950967,-0.397275503184818,0.397275503184818,0.0499678817734597,-0.0499678817734597,-0.159617077200941,0.159617077200941,-0.172925810010486,0.172925810010486,0.176673893257215,-0.176673893257215,1.07992392461796,-1.07992392461796,-1.431946442151,1.431946442151,0.346666016635745,-0.346666016635745,1.69122528775583,-1.69122528775583,-1.17123297702492,1.17123297702492,-1.04028527378405,1.04028527378405,0.421607332624145,-0.421607332624145,0.586018410710469,-0.586018410710469,-1.07028810944607,1.07028810944607,-0.414414244226123,0.414414244226123,-0.0557634794690818,0.0557634794690818,-1.96912552903003,1.96912552903003,0.014057147370493,-0.014057147370493,-0.277553600080108,0.277553600080108,0.861083013499231,-0.861083013499231,0.314527417122845,-0.314527417122845,0.484888033068406,-0.484888033068406,0.51460050310967,-0.51460050310967,-0.77457537068676,0.77457537068676,-1.08567570077175,1.08567570077175,-0.256394381104017,0.256394381104017,0.678868332443743,-0.678868332443743,0.193968168754166,-0.193968168754166,0.0578122181486814,-0.0578122181486814,0.405225438505595,-0.405225438505595,1.03878739456392,-1.03878739456392,0.112497722810604,-0.112497722810604,1.70701420254327,-1.70701420254327,-0.773114650653305,0.773114650653305,0.588137489195505,-0.588137489195505,0.282919308616667,-0.282919308616667,-0.576103560190122,0.576103560190122,-0.444755287744832,0.444755287744832,1.26137726695443,-1.26137726695443,-0.724068639743241,0.724068639743241,0.554865906719322,-0.554865906719322,-0.704468744973556,0.704468744973556,-0.491084766203376,0.491084766203376,0.44264735968898,-0.44264735968898,-0.791774886742403,0.791774886742403,0.0958735689420943,-0.0958735689420943,1.00913347461058,-1.00913347461058,1.61917756684562,-1.61917756684562,-0.264504164699437,0.264504164699437,0.852398758910986,-0.852398758910986,0.409907123961412,-0.409907123961412,-0.299632669393181,0.299632669393181,0.879258309221309,-0.879258309221309,0.555965932037551,-0.555965932037551,0.133711805323326,-0.133711805323326,1.45871806399944,-1.45871806399944,-1.81172207078856,1.81172207078856,0.681475277662825,-0.681475277662825,1.16609844346516,-1.16609844346516,0.261265010953457,-0.261265010953457,0.407810019543088,-0.407810019543088,0.109487503804616,-0.109487503804616,0.590484846461167,-0.590484846461167,-1.16902074581253,1.16902074581253,-1.60423487040462,1.60423487040462,0.486158151187309,-0.486158151187309,-1.93730150698471,1.93730150698471,-0.862386831670812,0.862386831670812,-1.42944483272039,1.42944483272039,-0.509380007211617,0.509380007211617,-1.21214279058131,1.21214279058131,-1.28838447344978,1.28838447344978,-1.53242765665782,1.53242765665782,-0.347168313675947,0.347168313675947,-1.37749164269426,1.37749164269426,-0.51213270983646,0.51213270983646,0.425431091106861,-0.425431091106861,1.18256855613868,-1.18256855613868,1.32436314484888,-1.32436314484888,-0.318767818695937,0.318767818695937,1.89372617078867,-1.89372617078867,-0.126343912220466,0.126343912220466,-0.0738979578286063,0.0738979578286063,1.23787838438501,-1.23787838438501,0.532768551190264,-0.532768551190264,-0.376267935136781,0.376267935136781,1.6675005235281,-1.6675005235281,-0.454791215586464,0.454791215586464,0.248024412880374,-0.248024412880374,-0.114886122082707,0.114886122082707,0.455829714176578,-0.455829714176578,-1.488036242128,1.488036242128,0.556936799551751,-0.556936799551751,-1.50218883555163,1.50218883555163,-0.104726888418031,0.104726888418031,-0.543888827157168,0.543888827157168,-0.912418203263616,0.912418203263616,0.274126380801478,-0.274126380801478,0.0410505151251701,-0.0410505151251701,-1.24270803819891,1.24270803819891,0.420158734873618,-0.420158734873618,-0.0285995727775857,0.0285995727775857,-0.406273825793804,0.406273825793804,0.49250675319835,-0.49250675319835,-0.231335006896104,0.231335006896104,-0.859043702607779,0.859043702607779,0.358418639899572,-0.358418639899572,1.48594971139458,-1.48594971139458,0.491041690484146,-0.491041690484146,1.04529155277628,-1.04529155277628,1.74767848735367,-1.74767848735367,1.03875158419118,-1.03875158419118,1.01125417756041,-1.01125417756041,-0.0444717589551449,0.0444717589551449,1.15194952045112,-1.15194952045112,-0.882743515614078,0.882743515614078,-0.824252819198671,0.824252819198671,0.81762859808938,-0.81762859808938,-0.343624321526732,0.343624321526732,-0.945428959171013,0.945428959171013,-0.870201214891801,0.870201214891801,0.0853692732610669,-0.0853692732610669,-0.651657559263697,0.651657559263697,-1.22501917909429,1.22501917909429,0.0714542032706588,-0.0714542032706588,-0.936920640362385,0.936920640362385,1.8692184419943,-1.8692184419943,0.61162154627279,-0.61162154627279,0.322674275120489,-0.322674275120489,-1.33803939146251,1.33803939146251,0.767413759723286,-0.767413759723286,0.17269324910934,-0.17269324910934,-1.05750299078037,1.05750299078037,0.964024847291049,-0.964024847291049,-0.498650036444272,0.498650036444272,-0.482975450311609,0.482975450311609,1.25755203677806,-1.25755203677806,0.468223594495866,-0.468223594495866,1.21947262751139,-1.21947262751139,1.97900712799736,-1.97900712799736,-0.0304589139475644,0.0304589139475644,1.15558739465041,-1.15558739465041,-0.256862280302275,0.256862280302275,0.419825636039578,-0.419825636039578,0.506562445485985,-0.506562445485985,-1.58781921144187,1.58781921144187,0.309056428480541,-0.309056428480541,-0.816895190039487,0.816895190039487,0.0147105735720551,-0.0147105735720551,-1.51067902052696,1.51067902052696,-1.4660662670571,1.4660662670571,2.38065400871323,-2.38065400871323,0.679073823844837,-0.679073823844837,0.137225562837484,-0.137225562837484,0.836495692305334,-0.836495692305334,0.922497084209926,-0.922497084209926,-0.737049429245394,0.737049429245394,0.297461702189333,-0.297461702189333,0.692555883222184,-0.692555883222184,0.830892289178765,-0.830892289178765,-0.0418674878058853,0.0418674878058853,0.603264228106973,-0.603264228106973,0.699039529600311,-0.699039529600311,1.39650224064369,-1.39650224064369,1.28990469479987,-1.28990469479987,1.28431307002688,-1.28431307002688,-2.52933085251738,2.52933085251738,0.428784606051673,-0.428784606051673,-1.82239539308294,1.82239539308294,-0.963695414751606,0.963695414751606,0.687260301480515,-0.687260301480515,-1.25471512622197,1.25471512622197,-0.259778822612963,0.259778822612963,-0.00347847864006952,0.00347847864006952,-1.23359343037909,1.23359343037909,2.69209127505578,-2.69209127505578,-0.173495739302084,0.173495739302084,-1.08917323080771,1.08917323080771,0.706271754032884,-0.706271754032884,0.00826652794516451,-0.00826652794516451,-0.331733216109396,0.331733216109396,-0.746377027017456,0.746377027017456,-0.40628120742485,0.40628120742485,-0.134533595995979,0.134533595995979,-0.889805295136419,0.889805295136419,0.232217895973474,-0.232217895973474,-0.561736875783289,0.561736875783289,-0.687950565851292,0.687950565851292,0.66593430940555,-0.66593430940555,0.908629300919286,-0.908629300919286,-0.14747690404955,0.14747690404955,1.91951443266247,-1.91951443266247,1.46491628529524,-1.46491628529524,0.372198135773101,-0.372198135773101,0.56576821934187,-0.56576821934187,0.419618275767762,-0.419618275767762,-1.0403733637176,1.0403733637176,-1.35177228114771,1.35177228114771,0.201879783255646,-0.201879783255646,0.0317963985028884,-0.0317963985028884,-0.872876427318426,0.872876427318426,-1.2209361313174,1.2209361313174,-0.647464014920842,0.647464014920842,0.350568353736038,-0.350568353736038,-1.99042549079727,1.99042549079727,-1.16093168587969,1.16093168587969,1.0377515705106,-1.0377515705106,-0.681739363300656,0.681739363300656,-0.966921563019609,0.966921563019609,-0.50842128882056,0.50842128882056,0.298551499176194,-0.298551499176194,0.331014056322794,-0.331014056322794,-0.727641569399862,0.727641569399862,-0.248471643816311,0.248471643816311,0.502431222023481,-0.502431222023481,2.17753672191436,-2.17753672191436,-0.451342433392883,0.451342433392883,0.60709281625668,-0.60709281625668,0.187667890952024,-0.187667890952024,0.57192551895256,-0.57192551895256,0.514556190399162,-0.514556190399162,-2.28833684329346,2.28833684329346,-0.0707963108436392,0.0707963108436392,-1.18149281214971,1.18149281214971,0.190085579917169,-0.190085579917169,0.0679285311245822,-0.0679285311245822,0.423549698559948,-0.423549698559948,0.1612564547875,-0.1612564547875,0.502673542706549,-0.502673542706549,-0.0111496003466928,0.0111496003466928,0.342555795331651,-0.342555795331651,-1.24621969337567,1.24621969337567,0.76279113460889,-0.76279113460889,-0.573304221965507,0.573304221965507,-1.04484052086575,1.04484052086575,0.0359964929103233,-0.0359964929103233,-0.965111915941514,0.965111915941514,-0.795814836945291,0.795814836945291,1.19014084993634,-1.19014084993634,-1.31380581577752,1.31380581577752,1.07519341818687,-1.07519341818687,1.19241817650301,-1.19241817650301,-0.725078166125693,0.725078166125693,-0.123474679715924,0.123474679715924,0.159002699845374,-0.159002699845374,-2.22228525814172,2.22228525814172,-0.240204943113784,0.240204943113784,-0.574346255712377,0.574346255712377,1.3386206362642,-1.3386206362642,-1.44581982778891,1.44581982778891,0.896903577211424,-0.896903577211424,-0.208623188305349,0.208623188305349,0.354230519632348,-0.354230519632348,0.160015513091351,-0.160015513091351,0.779231860745398,-0.779231860745398,0.774249275785984,-0.774249275785984,-1.17375382165033,1.17375382165033,0.836477950859072,-0.836477950859072,1.25647365090988,-1.25647365090988,0.579391390321679,-0.579391390321679,0.42519417135355,-0.42519417135355,1.49329910222772,-1.49329910222772,2.1804022055742,-2.1804022055742,-1.66362755244904,1.66362755244904,1.44104927383657,-1.44104927383657,0.61808231622159,-0.61808231622159,0.507126130176693,-0.507126130176693,1.05771590931564,-1.05771590931564,-2.70792030249183,2.70792030249183,0.282501675273715,-0.282501675273715,-2.40089817527345,2.40089817527345,0.797399341039478,-0.797399341039478,-0.238736002867756,0.238736002867756,2.40176432849408,-2.40176432849408,0.665902092324879,-0.665902092324879,-0.0341104563371466,0.0341104563371466,-1.77215583902182,1.77215583902182,-1.17611354873137,1.17611354873137,-0.465592510459423,0.465592510459423,1.62717201402483,-1.62717201402483,0.123955823585926,-0.123955823585926,-0.152169693433219,0.152169693433219,0.197314829707344,-0.197314829707344,0.18762196655311,-0.18762196655311,-0.473605354337058,0.473605354337058,1.31903382243828,-1.31903382243828,-1.29606184581162,1.29606184581162,-0.779822121821743,0.779822121821743,-2.45092067072196,2.45092067072196,-0.539393404941147,0.539393404941147,-0.331497855431532,0.331497855431532,-0.556277580008202,0.556277580008202,-1.99991462601489,1.99991462601489,-1.46967530361563,1.46967530361563,0.038987411246176,-0.038987411246176,-0.289838129118497,0.289838129118497,-0.430888350879365,0.430888350879365,-2.314202841978,2.314202841978,-0.140100618569772,0.140100618569772,-0.868817701278903,0.868817701278903,1.42446940554351,-1.42446940554351,-0.660825755739509,0.660825755739509,0.0566780391289058,-0.0566780391289058,-0.838535627735046,0.838535627735046,-1.36801741999514,1.36801741999514,1.56651114649745,-1.56651114649745,-1.39816892401676,1.39816892401676,0.287340775169066,-0.287340775169066,0.853467897423051,-0.853467897423051,0.704378075462445,-0.704378075462445,0.605687973766351,-0.605687973766351,-0.243400505555301,0.243400505555301,-0.814109942620003,0.814109942620003,-0.547682009080634,0.547682009080634,-0.647511183324441,0.647511183324441,0.207617523319437,-0.207617523319437,-0.101277234221563,0.101277234221563,1.7066787522673,-1.7066787522673,0.186772087328781,-0.186772087328781,-0.218115464617116,0.218115464617116,0.606774447007539,-0.606774447007539,0.231610475841081,-0.231610475841081,0.877401029025711,-0.877401029025711,0.1981382552774,-0.1981382552774,-1.74929223689987,1.74929223689987,0.0917340819562762,-0.0917340819562762,0.183594892317808,-0.183594892317808,-1.3015500380833,1.3015500380833,0.64302853374483,-0.64302853374483,-0.110232756414865,0.110232756414865,1.69581135871981,-1.69581135871981,-0.609465503407401,0.609465503407401,-1.49901774369282,1.49901774369282,1.59222855373401,-1.59222855373401,0.938112335154879,-0.938112335154879,-0.170856478421529,0.170856478421529,-1.21783712848989,1.21783712848989,-0.377110646404161,0.377110646404161,-1.03028235387773,1.03028235387773,0.395243220034029,-0.395243220034029,0.445895371507637,-0.445895371507637,-0.863859352421414,0.863859352421414,0.955003349798542,-0.955003349798542,0.0948630600156373,-0.0948630600156373,0.0614852628024683,-0.0614852628024683,2.12210813361966,-2.12210813361966,-0.666223219936285,0.666223219936285,0.769086870405541,-0.769086870405541,0.433970872595519,-0.433970872595519,-0.143169912765912,0.143169912765912,0.474269643015381,-0.474269643015381,-0.814098955225346,0.814098955225346,-0.279673701903238,0.279673701903238,-0.484341195673106,0.484341195673106,-0.388503778475288,0.388503778475288,-1.00163856603334,1.00163856603334,-0.243109037038888,0.243109037038888,2.47136463991302,-2.47136463991302,-0.818013253894877,0.818013253894877,-0.581300020426383,0.581300020426383,0.521429272860565,-0.521429272860565,-0.50147737486725,0.50147737486725,0.111960481906256,-0.111960481906256,-0.366177379082692,0.366177379082692,0.48313854603726,-0.48313854603726,0.0416454574909375,-0.0416454574909375,-0.566817813247458,0.566817813247458,0.878890441496784,-0.878890441496784,0.710943081526404,-0.710943081526404,-0.302099600912286,0.302099600912286,0.104061727268393,-0.104061727268393,0.292417358515915,-0.292417358515915,-0.636183305160332,0.636183305160332,0.150326449552082,-0.150326449552082,2.00524294981101,-2.00524294981101,-0.27297265842238,0.27297265842238,0.16296252068061,-0.16296252068061,-0.213237366117832,0.213237366117832,1.25392284125633,-1.25392284125633,0.336040099375355,-0.336040099375355,-0.244929120153188,0.244929120153188,-1.8190754286732,1.8190754286732,0.778524507320242,-0.778524507320242,-1.5204085062148,1.5204085062148,0.538310574647583,-0.538310574647583,-0.602957951372066,0.602957951372066,-0.25160206690411,0.25160206690411,-0.535906653949203,0.535906653949203,-0.0299206441833145,0.0299206441833145,0.657456115846593,-0.657456115846593,0.159242737128931,-0.159242737128931,-0.742905537907466,0.742905537907466,1.26299622735384,-1.26299622735384,-0.906617968505738,0.906617968505738,-1.42784766782419,1.42784766782419,0.914910113803787,-0.914910113803787,0.0173151078785117,-0.0173151078785117,2.14311014105845,-2.14311014105845,-2.75219185198135,2.75219185198135,-0.0416938090129994,0.0416938090129994,1.04714031072068,-1.04714031072068,-0.839110709402695,0.839110709402695,1.83903426814626,-1.83903426814626,0.747036930896961,-0.747036930896961,0.797973506725395,-0.797973506725395,0.189780706496624,-0.189780706496624,-0.131737626777708,0.131737626777708,-0.349748465798659,0.349748465798659,0.839661294201998,-0.839661294201998,-0.971525625997535,0.971525625997535,1.465727305931,-1.465727305931,-1.96661058600808,1.96661058600808,-0.707894813747363,0.707894813747363,-0.669917990041282,0.669917990041282,-0.868766488869746,0.868766488869746,-0.497729988043525,0.497729988043525,1.06239971631785,-1.06239971631785,-2.83042924015541,2.83042924015541,-1.00954422955157,1.00954422955157,0.793322191362763,-0.793322191362763,-0.33417976285763,0.33417976285763,-0.523892365713459,0.523892365713459,0.0521601258553704,-0.0521601258553704,0.351397233745196,-0.351397233745196,-0.469668493167567,0.469668493167567,0.674041006386488,-0.674041006386488,-0.917772320562952,0.917772320562952,0.132860210287157,-0.132860210287157,0.852141979306538,-0.852141979306538,2.03787937849344,-2.03787937849344,-1.10754679783171,1.10754679783171,0.101479088903203,-0.101479088903203,1.54301605894455,-1.54301605894455,0.34795804446006,-0.34795804446006,-0.509543301774409,0.509543301774409,1.54642290770676,-1.54642290770676,0.625905653162144,-0.625905653162144,-0.0302697393203623,0.0302697393203623,-0.215689983185171,0.215689983185171,0.411601412372969,-0.411601412372969,-0.654329157792416,0.654329157792416,1.17077733248981,-1.17077733248981,-0.517365428638276,0.517365428638276,-0.849674808901631,0.849674808901631,-2.25294134714868,2.25294134714868,-1.17352224701523,1.17352224701523,-0.356288944278309,0.356288944278309,0.671718265909967,-0.671718265909967,0.940690875312747,-0.940690875312747,1.23705164242109,-1.23705164242109,-0.912155816167197,0.912155816167197,-0.898972800857812,0.898972800857812,2.68907707737632,-2.68907707737632,-0.474174922829394,0.474174922829394,-0.817805168106129,0.817805168106129,0.971102220838965,-0.971102220838965,-0.456096289238834,0.456096289238834,-1.44335391494469,1.44335391494469,0.768099670932298,-0.768099670932298,-0.915966377428094,0.915966377428094,0.059320314674881,-0.059320314674881,-0.40730033435901,0.40730033435901,0.431952632127599,-0.431952632127599,0.0679052791716639,-0.0679052791716639,0.696324057087839,-0.696324057087839,0.588748384700393,-0.588748384700393,0.165290519664743,-0.165290519664743,-0.046938562498802,0.046938562498802,1.46887120445616,-1.46887120445616,-0.379390037848167,0.379390037848167,-0.223227813231034,0.223227813231034,1.56136770163934,-1.56136770163934,1.62508670938287,-1.62508670938287,-1.29313567714821,1.29313567714821,0.104874263839035,-0.104874263839035,-2.23245213960367,2.23245213960367,-0.655344796601794,0.655344796601794,0.909987780417169,-0.909987780417169,-2.08116397908146,2.08116397908146,-0.107341609461275,0.107341609461275,-1.40363573813396,1.40363573813396,1.02556958835861,-1.02556958835861,1.82635381122183,-1.82635381122183,-1.04336902378884,1.04336902378884,-0.00779426396598968,0.00779426396598968,0.51183173298407,-0.51183173298407,0.598840407644856,-0.598840407644856,1.13260926396732,-1.13260926396732,0.749771903733124,-0.749771903733124,-0.682450047204017,0.682450047204017,-2.15494369790545,2.15494369790545,-0.0634261547085128,0.0634261547085128,-0.688711434953713,0.688711434953713,0.341806963768174,-0.341806963768174,-1.83050546368598,1.83050546368598,0.509693793632495,-0.509693793632495,-0.38961718238309,0.38961718238309,-1.6784616136259,1.6784616136259,-0.0700739144914757,0.0700739144914757,-1.15770458894311,1.15770458894311,0.572608030609148,-0.572608030609148,-0.81885821811204,0.81885821811204,0.243905532145017,-0.243905532145017,-0.87338500153186,0.87338500153186,0.0178010567547662,-0.0178010567547662,-0.326964465646036,0.326964465646036,0.103958524543921,-0.103958524543921,-0.867255710792775,0.867255710792775,0.719227984477749,-0.719227984477749,0.759717157745501,-0.759717157745501,-1.43855959321777,1.43855959321777,0.0961487443500755,-0.0961487443500755,1.08851043296149,-1.08851043296149,0.0799301091769365,-0.0799301091769365,0.546180158383532,-0.546180158383532,0.376048915487136,-0.376048915487136,-1.94846165950196,1.94846165950196,-0.559965385606389,0.559965385606389,-1.56509208428244,1.56509208428244,-0.254572934713072,0.254572934713072,-0.684308537740632,0.684308537740632,0.311441383492588,-0.311441383492588,-0.637856418769165,0.637856418769165,-1.61802372987511,1.61802372987511,0.381917952676112,-0.381917952676112,-0.494388001762701,0.494388001762701,-0.169136356902542,0.169136356902542,0.561030933720409,-0.561030933720409,1.06241458643937,-1.06241458643937,-0.524420559255398,0.524420559255398,0.571897408804123,-0.571897408804123,0.0912213272275416,-0.0912213272275416,-1.68038120055464,1.68038120055464,0.338215653277946,-0.338215653277946,0.0687333632694592,-0.0687333632694592,0.534765945879355,-0.534765945879355,1.83601069664778,-1.83601069664778,0.271051771687663,-0.271051771687663,1.00609041131508,-1.00609041131508,-0.0854000092972704,0.0854000092972704,-2.52835259356629,2.52835259356629,-0.258502677713476,0.258502677713476,0.247810315769948,-0.247810315769948,0.755376576424542,-0.755376576424542,-0.431888699704687,0.431888699704687,0.0796254606243599,-0.0796254606243599,-1.07562712146878,1.07562712146878,-0.18928719025891,0.18928719025891,0.0423015524831499,-0.0423015524831499,-0.634832605446395,0.634832605446395,0.478952148613445,-0.478952148613445,0.960181405482278,-0.960181405482278,-1.2091174784254,1.2091174784254,-1.0863345237178,1.0863345237178,1.15725723540079,-1.15725723540079,0.551795621234095,-0.551795621234095,0.492040719749495,-0.492040719749495,-1.66503992878574,1.66503992878574,0.257016875253731,-0.257016875253731,0.595601967113521,-0.595601967113521,-0.691671144996537,0.691671144996537,-0.810754473998498,0.810754473998498,0.880061673816972,-0.880061673816972,1.88528669693406,-1.88528669693406,0.129930027315441,-0.129930027315441,-0.187970340751157,0.187970340751157,0.812781890352834,-0.812781890352834,-1.17920493943734,1.17920493943734,0.786011454832792,-0.786011454832792,-0.659041843748422,0.659041843748422,-2.44550922799414,2.44550922799414,-2.48063324348419,2.48063324348419,1.08108620440537,-1.08108620440537,-0.776539945668459,0.776539945668459,2.29843796273407,-2.29843796273407,-0.45126882229886,0.45126882229886,1.58652119920857,-1.58652119920857,0.073800123464044,-0.073800123464044,-0.953575964711375,0.953575964711375,0.345185197920213,-0.345185197920213,1.0162411035992,-1.0162411035992,-0.240150756773513,0.240150756773513,0.395528429873055,-0.395528429873055,0.247309094529838,-0.247309094529838,0.27458652635986,-0.27458652635986,1.79201155068767,-1.79201155068767,1.41364903092374,-1.41364903092374,-0.183976805512819,0.183976805512819,0.742179550452422,-0.742179550452422,-1.54840999758351,1.54840999758351,-0.409329639476762,0.409329639476762,1.81251962049495,-1.81251962049495,0.147913143342002,-0.147913143342002,-2.13972294448365,2.13972294448365,-0.824195635381853,0.824195635381853,-1.59871144914794,1.59871144914794,0.672028256648515,-0.672028256648515,-0.613999162721046,0.613999162721046,0.357913945342491,-0.357913945342491,-0.290422547020435,0.290422547020435,0.199837395588022,-0.199837395588022,0.833510619928258,-0.833510619928258,0.396374138388828,-0.396374138388828,0.822297952204425,-0.822297952204425,0.0205001716918146,-0.0205001716918146,1.63589398880102,-1.63589398880102,0.15647742639208,-0.15647742639208,-0.347453996130603,0.347453996130603,0.24694902622853,-0.24694902622853,-0.213538597392292,0.213538597392292,0.221973698963408,-0.221973698963408,0.6825048460546,-0.6825048460546,-0.0412059965876763,0.0412059965876763,-1.0200541608064,1.0200541608064,0.157668206784534,-0.157668206784534,-0.766795943889561,0.766795943889561,0.887860657856896,-0.887860657856896,-0.968690106418506,0.968690106418506,-0.360564808035438,0.360564808035438,-0.917212316170268,0.917212316170268,-1.09428491925499,1.09428491925499,0.85583884988986,-0.85583884988986,-1.18554025399842,1.18554025399842,-0.286631258113254,0.286631258113254,1.53335752667057,-1.53335752667057,-0.277037108886193,0.277037108886193,2.43844250365226,-2.43844250365226,1.87644769355922,-1.87644769355922,-0.51014643203136,0.51014643203136
