0.229907985502028,-0.229907985502028,1.13596050436581,-1.13596050436581,0.400103195014454,-0.400103195014454,0.92571342822759,-0.92571342822759,-0.0461493292127454,0.0461493292127454,0.0359218114637226,-0.0359218114637226,-0.0212861823028701,0.0212861823028701,-0.532412874067649,0.532412874067649,1.20739860948506,-1.20739860948506,-0.633366577931376,0.633366577931376,-1.89171150456484,1.89171150456484,-0.852308670909306,0.852308670909306,0.179618408154507,-0.179618408154507,-2.2284772359405,2.2284772359405,-0.511739316951747,0.511739316951747,-1.33595128500164,1.33595128500164,-0.973109025414088,0.973109025414088,-0.359206011471885,0.359206011471885,-0.397014163822378,0.397014163822378,0.390655555660815,-0.390655555660815,-0.174278329017386,0.174278329017386,1.65189164314634,-1.65189164314634,-0.290295743097396,0.290295743097396,0.451411470119012,-0.451411470119012,-1.51806053909022,1.51806053909022,-0.912963104495975,0.912963104495975,-0.634645010336086,0.634645010336086,0.543496153091607,-0.543496153091607,0.677547388932545,-0.677547388932545,0.221409328317153,-0.221409328317153,0.649148302794739,-0.649148302794739,1.09015920016161,-1.09015920016161,-0.818549784269189,0.818549784269189,0.115523154280962,-0.115523154280962,-0.867290372318972,0.867290372318972,-0.221443381281447,0.221443381281447,0.44201891391036,-0.44201891391036,0.618658274524005,-0.618658274524005,1.7170379227548,-1.7170379227548,-0.644800412677043,0.644800412677043,-0.298716519564253,0.298716519564253,-0.0230167459942805,0.0230167459942805,2.00861959458371,-2.00861959458371,-1.02243156569535,1.02243156569535,-0.371024144513722,0.371024144513722,1.25909877862234,-1.25909877862234,0.363841895697787,-0.363841895697787,-0.800103790113563,0.800103790113563,0.969447894353681,-0.969447894353681,-0.545851631485857,0.545851631485857,-1.32564460772164,1.32564460772164,0.204690963341817,-0.204690963341817,-0.673865366404612,0.673865366404612,-0.341269532849441,0.341269532849441,-1.61972743591119,1.61972743591119,-0.858225871409106,0.858225871409106,1.76646928263334,-1.76646928263334,1.16116502259542,-1.16116502259542,-0.038115046987608,0.038115046987608,-1.1096758727368,1.1096758727368,-0.2619245785476,0.2619245785476,0.716921258546123,-0.716921258546123,-0.0835885814000008,0.0835885814000008,-0.674157860827447,0.674157860827447,-0.677810602591571,0.677810602591571,-1.01897400502822,1.01897400502822,1.05591799297601,-1.05591799297601,-1.4331867188168,1.4331867188168,1.41128208194119,-1.41128208194119,0.223946536652554,-0.223946536652554,-1.43136283863693,1.43136283863693,0.845393188391603,-0.845393188391603,-1.02064898137038,1.02064898137038,-0.510692640359489,0.510692640359489,-0.973987692742385,0.973987692742385,0.538816423881787,-0.538816423881787,-0.722084058266131,0.722084058266131,0.273117401712278,-0.273117401712278,-0.520914331094671,0.520914331094671,0.069864634219179,-0.069864634219179,0.976363656692608,-0.976363656692608,-0.145156759049574,0.145156759049574,1.59142606189629,-1.59142606189629,-0.139692046398682,0.139692046398682,-1.21577292981993,1.21577292981993,1.58667630656999,-1.58667630656999,0.444940680860899,-0.444940680860899,-1.67447583931737,1.67447583931737,0.723563334526922,-0.723563334526922,0.817440961231425,-0.817440961231425,0.185051671617783,-0.185051671617783,0.367744912734865,-0.367744912734865,-1.20751665492143,1.20751665492143,0.084201831519045,-0.084201831519045,-0.626849833814404,0.626849833814404,1.36994716143547,-1.36994716143547,-0.324840172929794,0.324840172929794,-0.91504483528306,0.91504483528306,0.708555064819014,-0.708555064819014,-0.759820435020851,0.759820435020851,0.973297320365696,-0.973297320365696,0.451346730390255,-0.451346730390255,1.16423314072842,-1.16423314072842,1.41761419749998,-1.41761419749998,1.05660529805331,-1.05660529805331,0.199201949188791,-0.199201949188791,1.3690848920992,-1.3690848920992,-0.212102169340782,0.212102169340782,-0.581533533034837,0.581533533034837,-1.70119691574339,1.70119691574339,0.876889066231102,-0.876889066231102,-0.217241673509851,0.217241673509851,-1.09390479284293,1.09390479284293,0.491237818473681,-0.491237818473681,0.11631100926862,-0.11631100926862,-1.46349745747211,1.46349745747211,-0.0104731568561856,0.0104731568561856,0.487475088659128,-0.487475088659128,1.02889285527595,-1.02889285527595,1.06783482987471,-1.06783482987471,1.04955697153155,-1.04955697153155,0.285790435757525,-0.285790435757525,-0.621690427014995,0.621690427014995,0.734155623228564,-0.734155623228564,0.581593358076367,-0.581593358076367,-1.24258238885367,1.24258238885367,1.06715884006183,-1.06715884006183,0.15126322255249,-0.15126322255249,-0.421964046017429,0.421964046017429,0.0979436405765109,-0.0979436405765109,-0.29370856467369,0.29370856467369,0.0354512094478086,-0.0354512094478086,1.30350269335324,-1.30350269335324,-0.725478295371428,0.725478295371428,1.79394430662882,-1.79394430662882,-1.34495021919747,1.34495021919747,-0.565078807733754,0.565078807733754,1.22944679114872,-1.22944679114872,0.00604983212817819,-0.00604983212817819,-0.178226384559879,0.178226384559879,-0.146004062062738,0.146004062062738,1.96867175268205,-1.96867175268205,-0.177633792866913,0.177633792866913,0.29958064274893,-0.29958064274893,-0.622921966526261,0.622921966526261,0.207318934266186,-0.207318934266186,0.288164477789266,-0.288164477789266,-0.0500066106002095,0.0500066106002095,-1.28156706164169,1.28156706164169,-0.668988375669796,0.668988375669796,0.390979690774992,-0.390979690774992,-1.21251699405611,1.21251699405611,0.738252929998672,-0.738252929998672,1.17221088086168,-1.17221088086168,0.694724997736928,-0.694724997736928,-0.979586995262859,0.979586995262859,-0.976564300227656,0.976564300227656,-0.661833553957121,0.661833553957121,1.57503495113336,-1.57503495113336,-0.350356000721436,0.350356000721436,-0.665041015279358,0.665041015279358,0.791138814074589,-0.791138814074589,0.837325764253958,-0.837325764253958,-1.98475546358802,1.98475546358802,0.89525105919444,-0.89525105919444,-1.43604718868589,1.43604718868589,-0.79973367990732,0.79973367990732,0.066129090902314,-0.066129090902314,0.0969642759825579,-0.0969642759825579,-1.50850241934766,1.50850241934766,-0.279257069171514,0.279257069171514,-0.497615031660586,0.497615031660586,-2.52778169733505,2.52778169733505,0.964719261152122,-0.964719261152122,1.45616015439299,-1.45616015439299,0.88250637349342,-0.88250637349342,0.398431357356322,-0.398431357356322,2.18673545160124,-2.18673545160124,-0.396157202151106,0.396157202151106,1.57187134895034,-1.57187134895034,1.26828338825379,-1.26828338825379,1.20432473225187,-1.20432473225187,0.254566282309491,-0.254566282309491,-0.122787107517069,0.122787107517069,-1.42807285431595,1.42807285431595,-0.696702438203984,0.696702438203984,0.45530890036701,-0.45530890036701,-0.480925228192311,0.480925228192311,-1.17299018555562,1.17299018555562,0.763899420138799,-0.763899420138799,-0.622891904166809,0.622891904166809,-1.92054618575411,1.92054618575411,0.407929948601224,-0.407929948601224,0.381228599142274,-0.381228599142274,0.200671529844945,-0.200671529844945,0.197160909048134,-0.197160909048134,1.91481609707158,-1.91481609707158,0.652875420644658,-0.652875420644658,0.139695124878587,-0.139695124878587,-0.698826825620337,0.698826825620337,-0.35523905957317,0.35523905957317,-0.95823083398181,0.95823083398181,-0.148475152516143,0.148475152516143,-0.0792270650834686,0.0792270650834686,0.335446820114188,-0.335446820114188,-0.474305723123422,0.474305723123422,-1.4091528731908,1.4091528731908,-2.84610589153167,2.84610589153167,0.92220987966055,-0.92220987966055,0.730018421285422,-0.730018421285422,0.0675336051198097,-0.0675336051198097,-0.720144055472412,0.720144055472412,-0.485995420774917,0.485995420774917,-1.58223805317868,1.58223805317868,-0.0844995377949566,0.0844995377949566,0.941294970693849,-0.941294970693849,-0.777044701491767,0.777044701491767,0.970060003871217,-0.970060003871217,-0.34327334056999,0.34327334056999,-0.0974772041948933,0.0974772041948933,0.291376885687436,-0.291376885687436,0.976400057600826,-0.976400057600826,-1.17505697804374,1.17505697804374,0.459988560630639,-0.459988560630639,1.70992682466963,-1.70992682466963,-0.243280857630798,0.243280857630798,0.0185292005650438,-0.0185292005650438,-0.516030933666976,0.516030933666976,0.314502986884951,-0.314502986884951,-1.73798074264103,1.73798074264103,-0.0230090536100931,0.0230090536100931,0.685956629272741,-0.685956629272741,0.489128051703152,-0.489128051703152,1.54571824375028,-1.54571824375028,0.901477329556629,-0.901477329556629,-0.900799277372074,0.900799277372074,-0.529929244945504,0.529929244945504,-0.827063496695768,0.827063496695768,0.0425511731256256,-0.0425511731256256,-0.603727152832536,0.603727152832536,-0.134364873008299,0.134364873008299,0.584123473043179,-0.584123473043179,-1.3385018830587,1.3385018830587,0.300154075637343,-0.300154075637343,0.789688461473795,-0.789688461473795,-0.73676587640574,0.73676587640574,-0.839984647811111,0.839984647811111,0.0673237821733434,-0.0673237821733434,-0.383541200348847,0.383541200348847,0.385690620151971,-0.385690620151971,-0.0727424590952528,0.0727424590952528,-0.550902596310035,0.550902596310035,-1.65236804284592,1.65236804284592,-1.02639654077996,1.02639654077996,0.187857820181762,-0.187857820181762,0.635291390291772,-0.635291390291772,-0.381935919775225,0.381935919775225,1.62808799077162,-1.62808799077162,-0.534455399727655,0.534455399727655,-0.0159620521766698,0.0159620521766698,-0.0476604313174353,0.0476604313174353,-0.318867319199592,0.318867319199592,-0.673628743005317,0.673628743005317,0.759265586303768,-0.759265586303768,0.31063019540891,-0.31063019540891,0.337317245709813,-0.337317245709813,-0.486031559330299,0.486031559330299,-1.19759332362096,1.19759332362096,-0.661037852658054,0.661037852658054,-0.898912734854554,0.898912734854554,0.141166038249125,-0.141166038249125,-0.292681403391957,0.292681403391957,-1.47127009359081,1.47127009359081,1.88788604564337,-1.88788604564337,-1.34549238180275,1.34549238180275,1.18998242712734,-1.18998242712734,-1.23634298030724,1.23634298030724,1.21708880250242,-1.21708880250242,-2.29839564218464,2.29839564218464,0.635015835993454,-0.635015835993454,-0.643764389692845,0.643764389692845,1.19546082354874,-1.19546082354874,-0.116187028404451,0.116187028404451,-0.565368426236737,0.565368426236737,0.435993896704278,-0.435993896704278,0.493838396412851,-0.493838396412851,0.888833098300624,-0.888833098300624,-1.09007265592486,1.09007265592486,-0.0913794211688457,0.0913794211688457,-0.983965884059639,0.983965884059639,-0.860126329047969,0.860126329047969,2.49828952824178,-2.49828952824178,0.529551393787135,-0.529551393787135,-0.455971177298516,0.455971177298516,-0.0364771706751474,0.0364771706751474,-0.542298103124679,0.542298103124679,-0.0838282828655304,0.0838282828655304,1.63421907576573,-1.63421907576573,-1.17569819332663,1.17569819332663,-1.13191475403736,1.13191475403736,-0.243523274200084,0.243523274200084,0.833667036042351,-0.833667036042351,0.6237366527974,-0.6237366527974,0.151968271939809,-0.151968271939809,-0.815311735011431,0.815311735011431,0.941027212111975,-0.941027212111975,-0.0562778626957541,0.0562778626957541,0.00350044431237107,-0.00350044431237107,-0.63783462541453,0.63783462541453,-1.05272943770657,1.05272943770657,-0.162478805408738,0.162478805408738,0.195744661639381,-0.195744661639381,-0.930063132083645,0.930063132083645,-1.09317344358298,1.09317344358298,-1.28015894440539,1.28015894440539,-0.985422554471194,0.985422554471194,-1.22388557251781,1.22388557251781,0.37023939937324,-0.37023939937324,-0.0191012353200644,0.0191012353200644,0.382062670236907,-0.382062670236907,-0.529842549304526,0.529842549304526,1.0377948320392,-1.0377948320392,1.18162032984932,-1.18162032984932,0.801198086525597,-0.801198086525597,-0.404002897684897,0.404002897684897,-0.299511962776215,0.299511962776215,-0.134651228548293,0.134651228548293,0.119989207549213,-0.119989207549213,-0.570292946270211,0.570292946270211,-0.297199474983856,0.297199474983856,0.644121684263456,-0.644121684263456,-0.961879930936629,0.961879930936629,-0.785210185102677,0.785210185102677,0.8539992699263,-0.8539992699263,0.589133008564007,-0.589133008564007,-0.0560786584179728,0.0560786584179728,-0.176747774866853,0.176747774866853,-2.03190795692964,2.03190795692964,-0.926480410967839,0.926480410967839,1.21117346613781,-1.21117346613781,1.32500372628216,-1.32500372628216,0.622506144377011,-0.622506144377011,0.150674331029802,-0.150674331029802,0.252488943381782,-0.252488943381782,2.06545820027865,-2.06545820027865,-0.136278971835552,0.136278971835552,0.42251535372514,-0.42251535372514,-0.0646454925902237,0.0646454925902237,1.1223043904563,-1.1223043904563,0.656188018429944,-0.656188018429944,0.235904433750545,-0.235904433750545,0.880079911319398,-0.880079911319398,0.0535437715987181,-0.0535437715987181,-2.62825241130416,2.62825241130416,0.653034379141486,-0.653034379141486,1.14883623625959,-1.14883623625959,-0.787809031875311,0.787809031875311,-2.01922802545451,2.01922802545451,0.311983167192633,-0.311983167192633,-1.47443305469481,1.47443305469481,1.68141471240834,-1.68141471240834,0.0319941372569574,-0.0319941372569574,1.57857247474308,-1.57857247474308,0.528092394189931,-0.528092394189931,-0.649634331048943,0.649634331048943,0.400221305472547,-0.400221305472547,0.862245335172437,-0.862245335172437,-0.459538053416994,0.459538053416994,-1.03003524753273,1.03003524753273,0.0520945447361961,-0.0520945447361961,-2.3072649807879,2.3072649807879,-3.5981631987253,3.5981631987253,1.26419818839458,-1.26419818839458,-1.17673726258402,1.17673726258402,-0.167359250665916,0.167359250665916,0.121952263837962,-0.121952263837962,-0.958147650159632,0.958147650159632,0.173728253972121,-0.173728253972121,1.88802190226659,-1.88802190226659,0.973388678401856,-0.973388678401856,-1.19444326370376,1.19444326370376,0.648668586617532,-0.648668586617532,1.19833333982257,-1.19833333982257,0.0754969335027669,-0.0754969335027669,-1.77440146819603,1.77440146819603,-1.793677925305,1.793677925305,-0.431839184582934,0.431839184582934,0.0983669243171151,-0.0983669243171151,-0.269485555329325,0.269485555329325,1.24265771391391,-1.24265771391391,1.01680169609291,-1.01680169609291,0.756135180569678,-0.756135180569678,2.34295551616362,-2.34295551616362,-1.11247658662554,1.11247658662554,-0.714831275327474,0.714831275327474,0.343212752607568,-0.343212752607568,-0.426026396118181,0.426026396118181,-0.297687754161568,0.297687754161568,0.903585735500521,-0.903585735500521,-0.728404464581369,0.728404464581369,-0.175100482507566,0.175100482507566,-1.45582288670354,1.45582288670354,-0.763347012034279,0.763347012034279,1.9629249186929,-1.9629249186929,0.76927272485845,-0.76927272485845,-0.106035438383348,0.106035438383348,-0.280304632277035,0.280304632277035,0.0637551595419284,-0.0637551595419284,0.720171691621987,-0.720171691621987,-1.25334478352684,1.25334478352684,-0.408456171711048,0.408456171711048,-0.355878452629397,0.355878452629397,0.889472222211196,-0.889472222211196,-0.709018719969708,0.709018719969708,1.23971375499789,-1.23971375499789,0.737355878814567,-0.737355878814567,-1.50135641505462,1.50135641505462,-0.0585625166970952,0.0585625166970952,-1.60553735724379,1.60553735724379,1.21169833851649,-1.21169833851649,1.99173866408258,-1.99173866408258,-1.94174735836759,1.94174735836759,0.685113453839566,-0.685113453839566,0.510697604543956,-0.510697604543956,0.338871182665063,-0.338871182665063,-1.53906119356589,1.53906119356589,-0.760664163305503,0.760664163305503,-0.667558229657595,0.667558229657595,-0.72257735416897,0.72257735416897,-0.478578244181695,0.478578244181695,1.11254654852707,-1.11254654852707,-0.123916946653119,0.123916946653119,-0.000948968607555199,0.000948968607555199,-1.00581299777576,1.00581299777576,0.0999937741834532,-0.0999937741834532,1.28310709303823,-1.28310709303823,1.13803064376778,-1.13803064376778,-1.45536686637039,1.45536686637039,0.773815913697824,-0.773815913697824,-0.141416073460894,0.141416073460894,1.30296066575733,-1.30296066575733,0.0792399651592111,-0.0792399651592111,-0.321795538672405,0.321795538672405,-0.156402032617231,0.156402032617231,-1.02353791411999,1.02353791411999,-0.317465065287063,0.317465065287063,1.00693776897418,-1.00693776897418,1.28023120460292,-1.28023120460292,1.0834522134002,-1.0834522134002,0.622483101019707,-0.622483101019707,-0.832391057128452,0.832391057128452,-0.979500237103672,0.979500237103672,0.569223842037656,-0.569223842037656,2.08476291014497,-2.08476291014497,0.267803633390294,-0.267803633390294,-1.70446067680275,1.70446067680275,-0.446325147238018,0.446325147238018,-0.985365226994508,0.985365226994508,1.1117087690096,-1.1117087690096,-0.292662966893619,0.292662966893619,0.867277245996445,-0.867277245996445,-0.490554027924037,0.490554027924037,1.12519292525713,-1.12519292525713,-1.83027298991834,1.83027298991834,2.66148977034353,-2.66148977034353,0.876428539001462,-0.876428539001462,-0.672987662798253,0.672987662798253,-0.126190916641484,0.126190916641484,-0.936076604938264,0.936076604938264,-0.731193482972938,0.731193482972938,-0.0189057769913502,0.0189057769913502,-0.131874627727231,0.131874627727231,2.07297160102583,-2.07297160102583,-1.51641371468966,1.51641371468966,0.837990522948477,-0.837990522948477,-0.386066874942926,0.386066874942926,0.0492677411923862,-0.0492677411923862,0.434989715385216,-0.434989715385216,-0.867394069263927,0.867394069263927,-0.561297629473625,0.561297629473625,1.20557801023742,-1.20557801023742,-0.169525967117332,0.169525967117332,-0.0648779247068101,0.0648779247068101,1.21215740129224,-1.21215740129224,0.543538301839142,-0.543538301839142,0.107050568538874,-0.107050568538874,0.500064390913985,-0.500064390913985,1.91099121586776,-1.91099121586776,-0.722334831482884,0.722334831482884,0.715155429508649,-0.715155429508649,1.7994939916936,-1.7994939916936,1.74521476115283,-1.74521476115283,0.00591691043429786,-0.00591691043429786,-0.483249325599671,0.483249325599671,-0.133197905577101,0.133197905577101,0.40040200773334,-0.40040200773334,3.20631637284257,-3.20631637284257,-1.90198582951449,1.90198582951449,1.33412421749271,-1.33412421749271,-0.723474583864798,0.723474583864798,-0.19268943883099,0.19268943883099,-1.508580719344,1.508580719344,-1.05610311908815,1.05610311908815,-0.391464658859267,0.391464658859267,0.778575852746053,-0.778575852746053,-0.232722275143337,0.232722275143337,0.185442601538467,-0.185442601538467,1.1471123765109,-1.1471123765109,0.997598728552749,-0.997598728552749,0.430099453392966,-0.430099453392966,-0.172673872056024,0.172673872056024,0.144010709729705,-0.144010709729705,0.414281826780686,-0.414281826780686,0.0644479376932723,-0.0644479376932723,0.154123575861914,-0.154123575861914,0.555859910776038,-0.555859910776038,-0.913676037679437,0.913676037679437,0.485713037909544,-0.485713037909544,-0.214668378431089,0.214668378431089,-1.34248732222129,1.34248732222129,0.0751483274862802,-0.0751483274862802,-0.211259125584963,0.211259125584963,1.97443609543762,-1.97443609543762,-1.34925167409489,1.34925167409489,-0.14095820524625,0.14095820524625,1.58217470692119,-1.58217470692119,-0.0814684401500893,0.0814684401500893,0.25901112221592,-0.25901112221592,0.669590620473798,-0.669590620473798,-2.28014061654397,2.28014061654397,2.09830998261185,-2.09830998261185,-2.42451453942851,2.42451453942851,-1.04047208513831,1.04047208513831,0.719447248862818,-0.719447248862818,1.30961201934634,-1.30961201934634,-0.531117413246946,0.531117413246946,0.267371797488005,-0.267371797488005,2.03297686953289,-2.03297686953289,-1.06860786383542,1.06860786383542,-0.606711403497598,0.606711403497598,-0.13766802879636,0.13766802879636,2.29351702337606,-2.29351702337606,0.338576854892299,-0.338576854892299,-0.343497201049632,0.343497201049632,-1.10462191026477,1.10462191026477,-0.0202004454464882,0.0202004454464882,0.942374922268425,-0.942374922268425,0.811652553043866,-0.811652553043866,-0.82748146476012,0.82748146476012,1.33138515955966,-1.33138515955966,0.480160189988202,-0.480160189988202,-0.498100281960884,0.498100281960884,0.619136805221664,-0.619136805221664,0.856970922038022,-0.856970922038022,-1.11761813991017,1.11761813991017,0.827220366138795,-0.827220366138795,0.679601510072188,-0.679601510072188,-0.037838407171606,0.037838407171606,0.101880042078043,-0.101880042078043,-1.16408083752289,1.16408083752289,1.32756350352354,-1.32756350352354,0.957778761252102,-0.957778761252102,1.46966799006944,-1.46966799006944,2.15585022311787,-2.15585022311787,0.286403481595046,-0.286403481595046,1.44494725120806,-1.44494725120806,0.505450699328149,-0.505450699328149,-0.745679561845786,0.745679561845786,0.823696389206127,-0.823696389206127,-0.776885956151067,0.776885956151067,-1.21117084005368,1.21117084005368,-0.933019383951157,0.933019383951157,0.772809288622099,-0.772809288622099,0.472677196505995,-0.472677196505995,-0.232465849640864,0.232465849640864,0.010410107513672,-0.010410107513672,1.39681593256189,-1.39681593256189,0.163810423238353,-0.163810423238353,1.07678103473184,-1.07678103473184,0.250487140052281,-0.250487140052281,0.472429424857209,-0.472429424857209,-0.839101797759166,0.839101797759166,-1.19083279970795,1.19083279970795,0.0580386607355138,-0.0580386607355138,-0.0923688738439868,0.0923688738439868,-1.79105011003872,1.79105011003872,1.32707807011833,-1.32707807011833,-0.565008928356187,0.565008928356187,-1.56840493047395,1.56840493047395,1.17491710427894,-1.17491710427894,0.684548227851564,-0.684548227851564,0.786135039508791,-0.786135039508791,-0.210566043424022,0.210566043424022,-2.02140652071596,2.02140652071596,-0.295977416274012,0.295977416274012,-2.48452821375442,2.48452821375442,-1.57365409575078,1.57365409575078,0.940304582700661,-0.940304582700661,1.65352033704981,-1.65352033704981,-0.41810768883466,0.41810768883466,0.0973767571837127,-0.0973767571837127,0.88160212932645,-0.88160212932645,1.56864545815343,-1.56864545815343,-0.349323551866678,0.349323551866678,1.31316856090112,-1.31316856090112,-1.79538469400585,1.79538469400585,-0.90028356618643,0.90028356618643,-0.89373547684794,0.89373547684794,-1.0190143679945,1.0190143679945,-0.251563902016226,0.251563902016226,1.0258466031151,-1.0258466031151,1.68661763141445,-1.68661763141445,-0.789664371062779,0.789664371062779,0.303555704038307,-0.303555704038307,-1.12503047778045,1.12503047778045,0.72926876235082,-0.72926876235082,1.0279906146557,-1.0279906146557,0.313682754330856,-0.313682754330856,-0.501610839155926,0.501610839155926,-1.10000147789096,1.10000147789096,2.88650055594438,-2.88650055594438,0.814851379821263,-0.814851379821263,-1.17156231509933,1.17156231509933,1.48058772711124,-1.48058772711124,-0.445326461789354,0.445326461789354,3.12713800468147,-3.12713800468147,-1.13740594177177,1.13740594177177,-0.997680148271986,0.997680148271986,0.602102178856793,-0.602102178856793,0.0298136986917743,-0.0298136986917743,-1.06859498128238,1.06859498128238,-0.202560833219503,0.202560833219503,1.43591484494356,-1.43591484494356,0.67021671784538,-0.67021671784538,-0.514103505924767,0.514103505924767,-0.360700406411699,0.360700406411699,1.59476037336529,-1.59476037336529,-0.578622245166357,0.578622245166357,0.942188140964406,-0.942188140964406,0.589604732841226,-0.589604732841226,1.30548033571694,-1.30548033571694,-0.500879315425593,0.500879315425593,0.265994004175718,-0.265994004175718,-0.391564101785433,0.391564101785433,-0.285030005179296,0.285030005179296,1.13934239403065,-1.13934239403065,1.07224396693922,-1.07224396693922,-0.842515770972072,0.842515770972072,1.7900297517338,-1.7900297517338,1.05639311383517,-1.05639311383517,-0.413336283108274,0.413336283108274,-2.02155213725472,2.02155213725472,-0.172651321520094,0.172651321520094,0.728554921148059,-0.728554921148059,-0.947705624134825,0.947705624134825,-0.246216719320321,0.246216719320321,-0.607564801473013,0.607564801473013,1.0427845467125,-1.0427845467125,-1.10756678613828,1.10756678613828,-0.451130723604024,0.451130723604024,-0.350420782299874,0.350420782299874,-1.57247165360234,1.57247165360234,0.496963846272926,-0.496963846272926,0.459681031085421,-0.459681031085421,-1.0999461197696,1.0999461197696,-1.11972937707351,1.11972937707351,1.055195123339,-1.055195123339,1.21397490553829,-1.21397490553829,-0.0195365873226918,0.0195365873226918,0.248181822187167,-0.248181822187167,0.0563712848093431,-0.0563712848093431,1.33757859241085,-1.33757859241085,-2.35905033625576,2.35905033625576,-0.150825131116428,0.150825131116428,0.125993374421798,-0.125993374421798,0.0572364856626824,-0.0572364856626824,0.568080755097706,-0.568080755097706,0.0660978101507869,-0.0660978101507869,0.848985949914885,-0.848985949914885,-0.866887084048705,0.866887084048705,-0.685970708840197,0.685970708840197,0.0726771615667842,-0.0726771615667842,0.613937127950711,-0.613937127950711,2.34205445166081,-2.34205445166081,0.65558902524764,-0.65558902524764,0.654662392645737,-0.654662392645737,-0.474353225990293,0.474353225990293,0.73791383132908,-0.73791383132908,-0.451161368985855,0.451161368985855,-2.07360257554465,2.07360257554465,-2.04098473445792,2.04098473445792,-0.679025177213994,0.679025177213994,-1.38714066434161,1.38714066434161,0.458702461879462,-0.458702461879462,-0.488012066667783,0.488012066667783,0.362579306583998,-0.362579306583998,-0.284739543301039,0.284739543301039,-0.166776678286194,0.166776678286194,0.406668004138349,-0.406668004138349,-0.823740650665178,0.823740650665178,0.194657412257123,-0.194657412257123,1.82855299959917,-1.82855299959917,0.603209181012861,-0.603209181012861,-0.354546136262372,0.354546136262372,2.11182352875529,-2.11182352875529,-1.18200192295584,1.18200192295584,1.54941783929858,-1.54941783929858,-0.0401068635681814,0.0401068635681814,-1.36479887535227,1.36479887535227,0.678629846862902,-0.678629846862902,-0.781381273809746,0.781381273809746,-0.0778479578776084,0.0778479578776084,-0.41086966929479,0.41086966929479,0.280430940791522,-0.280430940791522,-0.270338172936733,0.270338172936733,-0.868368313517397,0.868368313517397,-0.773723746601949,0.773723746601949,-0.227691107772556,0.227691107772556,-1.75173105818902,1.75173105818902,-0.605960843360266,0.605960843360266,0.486580536004945,-0.486580536004945,0.0490498469184052,-0.0490498469184052,1.58104966945182,-1.58104966945182,-1.56233283197086,1.56233283197086,1.6737080281408,-1.6737080281408,0.971276611183998,-0.971276611183998,1.55294862059876,-1.55294862059876,-1.69782857698747,1.69782857698747,-1.1682366625391,1.1682366625391,0.837858510156463,-0.837858510156463,1.24789764664449,-1.24789764664449,-0.13827002653909,0.13827002653909,0.318976952360485,-0.318976952360485,0.519004544080651,-0.519004544080651,-0.275336690741658,0.275336690741658,0.538633839537728,-0.538633839537728,0.312555656572734,-0.312555656572734,0.524036054836532,-0.524036054836532,-0.327574939004462,0.327574939004462,0.938388011235764,-0.938388011235764,0.112241800820537,-0.112241800820537,-0.0789746564636251,0.0789746564636251,-1.19790922602169,1.19790922602169,-0.986393714791898,0.986393714791898,-1.19043435466021,1.19043435466021,-0.461538836844888,0.461538836844888,0.299714565235815,-0.299714565235815,-0.771572606651913,0.771572606651913,0.777281296009295,-0.777281296009295,0.600188301805118,-0.600188301805118,-0.886725345580448,0.886725345580448,-1.35461202808102,1.35461202808102,0.0429725277707019,-0.0429725277707019,0.769422009158654,-0.769422009158654,2.0937312322096,-2.0937312322096,0.0503689325162923,-0.0503689325162923,0.144059386483773,-0.144059386483773,-0.851700708021664,0.851700708021664,-0.339399696934904,0.339399696934904,1.59899229805838,-1.59899229805838,-0.255756947861502,0.255756947861502,1.42887028641843,-1.42887028641843,-2.50233654636433,2.50233654636433,-0.641644279195214,0.641644279195214,-0.203367687518093,0.203367687518093,-0.367246514477215,0.367246514477215,2.16543952905749,-2.16543952905749,0.980826115693221,-0.980826115693221,1.40264693756352,-1.40264693756352,0.905947080292739,-0.905947080292739,2.95232243729987,-2.95232243729987,-1.48707325984464,1.48707325984464,0.327726608694994,-0.327726608694994,0.775505173885367,-0.775505173885367,0.0502421950231688,-0.0502421950231688,1.07912948765555,-1.07912948765555,-0.625244862508214,0.625244862508214,0.476373804642736,-0.476373804642736,1.6330075007783,-1.6330075007783,-1.68489429015856,1.68489429015856,0.270360962128668,-0.270360962128668,-0.553888615932605,0.553888615932605,-0.310027364069589,0.310027364069589,-0.0764621915004323,0.0764621915004323,-1.02266643202394,1.02266643202394,0.208002230796032,-0.208002230796032,0.423656678018319,-0.423656678018319,1.15114229048004,-1.15114229048004,0.0813173227911584,-0.0813173227911584,-0.33083031661224,0.33083031661224,1.00464633146367,-1.00464633146367,-0.0659048927397455,0.0659048927397455,0.333904539238473,-0.333904539238473,0.481094550335216,-0.481094550335216,-0.900948759908861,0.900948759908861,-0.903661363922351,0.903661363922351,0.224315067282484,-0.224315067282484,-0.502850948664216,0.502850948664216,-0.307328654539882,0.307328654539882,0.629923917574798,-0.629923917574798,0.829480010036431,-0.829480010036431,0.0746518032923154,-0.0746518032923154,-0.455609600665743,0.455609600665743,-1.79981517587648,1.79981517587648,2.88750311383098,-2.88750311383098,0.617214763044712,-0.617214763044712,-0.65961333364024,0.65961333364024,-0.0100522433231629,0.0100522433231629,0.577897058848803,-0.577897058848803,-0.986275425108264,0.986275425108264,0.460416288448006,-0.460416288448006,1.55695343152068,-1.55695343152068,0.591703127638447,-0.591703127638447,1.08432400281656,-1.08432400281656,0.0913692788492783,-0.0913692788492783,-0.246404644564903,0.246404644564903,0.571995583247633,-0.571995583247633,-0.126535995481297,0.126535995481297,-3.20682512964342,3.20682512964342,-0.240010417977744,0.240010417977744,1.54117988486213,-1.54117988486213,-1.05109303321481,1.05109303321481,-0.226078232223701,0.226078232223701,-1.90045251205569,1.90045251205569,0.798664268577125,-0.798664268577125,1.19699388536399,-1.19699388536399,0.547180648307805,-0.547180648307805,0.46280834477315,-0.46280834477315,-0.78275930061197,0.78275930061197,-0.31565117228931,0.31565117228931,-0.66553004353254,0.66553004353254,0.517756650560626,-0.517756650560626,0.479605242472965,-0.479605242472965,0.00222658501538206,-0.00222658501538206,-0.735360191391149,0.735360191391149,-1.44544605931495,1.44544605931495,-0.279913460008426,0.279913460008426,0.84525117826707,-0.84525117826707,-0.228152975847077,0.228152975847077,1.47631306836658,-1.47631306836658,0.342792330626128,-0.342792330626128,0.573689148206584,-0.573689148206584,-1.38408150750846,1.38408150750846,0.117328995984539,-0.117328995984539,-1.09871964644748,1.09871964644748,-1.4150052741364,1.4150052741364,-1.12922994872496,1.12922994872496,0.869548406339784,-0.869548406339784,0.255200186795061,-0.255200186795061,-2.00660703046007,2.00660703046007,2.30583746892493,-2.30583746892493,0.646874295465721,-0.646874295465721,0.0112242678206692,-0.0112242678206692,-0.326637225906228,0.326637225906228,-0.91548475895083,0.91548475895083,-1.9213445993009,1.9213445993009,0.217098964968468,-0.217098964968468,0.044731526944297,-0.044731526944297,0.240353041067037,-0.240353041067037,0.413778343753987,-0.413778343753987,0.795163793661647,-0.795163793661647,1.45408434026754,-1.45408434026754,0.06062886045726,-0.06062886045726,3.10360714070121,-3.10360714070121,0.588791543365281,-0.588791543365281,1.89661336869993,-1.89661336869993,1.27950077381247,-1.27950077381247,-2.749537176132,2.749537176132,-0.822269791595468,0.822269791595468,-0.981927871415761,0.981927871415761,-1.25024889775631,1.25024889775631,-1.96600909904926,1.96600909904926,0.307291176798992,-0.307291176798992,1.23025283125529,-1.23025283125529,-0.823644716951956,0.823644716951956,1.22514629684877,-1.22514629684877,0.094401237990571,-0.094401237990571,-0.340334054398669,0.340334054398669,0.390790139585788,-0.390790139585788,-0.308740919825512,0.308740919825512,-0.370020186849637,0.370020186849637,-1.24523513431236,1.24523513431236,-1.26843867775177,1.26843867775177,-0.821504346765825,0.821504346765825,-0.784966943391055,0.784966943391055,1.51068294007647,-1.51068294007647,0.445114924511898,-0.445114924511898,-0.715443710968361,0.715443710968361,-2.03929450841414,2.03929450841414,-0.114695140896741,0.114695140896741,-0.978085345329885,0.978085345329885,-0.770165326094275,0.770165326094275,-0.868442212405566,0.868442212405566,0.38449081786835,-0.38449081786835,1.85507867467942,-1.85507867467942,1.3132660210821,-1.3132660210821,-1.49003483399053,1.49003483399053,-0.729152884173705,0.729152884173705,0.623790318197062,-0.623790318197062,-0.85598668112238,0.85598668112238,0.622291286746303,-0.622291286746303,-0.492411799052032,0.492411799052032,-0.58378128968375,0.58378128968375,-0.561994781027229,0.561994781027229,-0.97890043009101,0.97890043009101,-2.56003629065039,2.56003629065039,0.153502707283918,-0.153502707283918,0.585774541442515,-0.585774541442515,0.218030443714934,-0.218030443714934,-1.61700554139233,1.61700554139233,0.236204296696441,-0.236204296696441,-0.766663917727822,0.766663917727822,-0.943043406093491,0.943043406093491,0.083042545153138,-0.083042545153138,0.401962020420681,-0.401962020420681,0.136454118583543,-0.136454118583543,0.299956097767397,-0.299956097767397,1.06107095661007,-1.06107095661007,-2.05302143294439,2.05302143294439,-0.927372525760707,0.927372525760707,0.783523024370973,-0.783523024370973,-0.62102427502835,0.62102427502835,1.48259572043314,-1.48259572043314,1.46460285009074,-1.46460285009074,-0.939795010795148,0.939795010795148,1.01854995381537,-1.01854995381537,-1.71310585069318,1.71310585069318,-0.560321397172643,0.560321397172643,-0.160004866082154,0.160004866082154,0.859663186626255,-0.859663186626255,-0.596287697346674,0.596287697346674,0.70224137405555,-0.70224137405555,-1.20565387091519,1.20565387091519,1.3222326755046,-1.3222326755046,-0.497684012615727,0.497684012615727,-0.602987342467405,0.602987342467405,-1.28000183003068,1.28000183003068,-0.379062253593486,0.379062253593486,-0.774133745170106,0.774133745170106,-1.34329158640331,1.34329158640331,-0.271982492344594,0.271982492344594,-0.298930078277713,0.298930078277713,1.23724758305003,-1.23724758305003,-0.162474209212254,0.162474209212254,1.97218946220845,-1.97218946220845,-0.488790799332834,0.488790799332834,1.90711329890098,-1.90711329890098,-0.751758415369965,0.751758415369965,2.05125391075542,-2.05125391075542,1.26584670003996,-1.26584670003996,0.348411867950238,-0.348411867950238,-0.979047978098042,0.979047978098042,0.369752059211927,-0.369752059211927,-0.128346664613119,0.128346664613119,0.173476394444238,-0.173476394444238,-0.706980734418631,0.706980734418631,0.717145254307817,-0.717145254307817,-0.444192012562277,0.444192012562277,-0.854835088591724,0.854835088591724,2.4046378748551,-2.4046378748551,-0.43823115618405,0.43823115618405,-0.560877660223033,0.560877660223033,-0.868464612591981,0.868464612591981,-0.33293846329727,0.33293846329727,0.435561319830181,-0.435561319830181,-0.074054346635726,0.074054346635726,-0.631940354725606,0.631940354725606,-1.98919931021896,1.98919931021896,-0.0344271825960038,0.0344271825960038,-1.08360278321719,1.08360278321719,1.36854928705677,-1.36854928705677,0.441239345557764,-0.441239345557764,0.787463523810188,-0.787463523810188,1.02919421957433,-1.02919421957433,0.613250256511852,-0.613250256511852,-1.35544496673548,1.35544496673548,0.420054163888966,-0.420054163888966,-0.167597961833372,0.167597961833372,-0.00660546986040438,0.00660546986040438,0.259204685338578,-0.259204685338578,0.784551533310915,-0.784551533310915,0.406419511882069,-0.406419511882069,-0.513098577024097,0.513098577024097,-1.00414734215824,1.00414734215824,-0.0890854883528671,0.0890854883528671,-1.62513052674349,1.62513052674349,-0.127748182386294,0.127748182386294,0.748402654094214,-0.748402654094214,1.54612824033762,-1.54612824033762,0.564431350518221,-0.564431350518221,1.68223317164293,-1.68223317164293,1.30046561203055,-1.30046561203055,0.47627052644724,-0.47627052644724,0.935339045303911,-0.935339045303911,0.912019084746753,-0.912019084746753,1.30629943152448,-1.30629943152448,-0.412142031768038,0.412142031768038,1.1812443903093,-1.1812443903093,-1.69395727603844,1.69395727603844,-0.327295676564522,0.327295676564522,-2.35429881576738,2.35429881576738,0.531460103866105,-0.531460103866105,0.895541246322543,-0.895541246322543,-0.0870931635549368,0.0870931635549368,0.102299652984955,-0.102299652984955,1.07335047764212,-1.07335047764212,-1.03165809099166,1.03165809099166,-0.654648256624183,0.654648256624183,-0.251361448809568,0.251361448809568,-0.655019878940469,0.655019878940469,2.15790697728312,-2.15790697728312,0.900446625638584,-0.900446625638584,0.996147552366223,-0.996147552366223,0.0697312972721906,-0.0697312972721906,-0.577251128239232,0.577251128239232,-1.52010694757073,1.52010694757073,0.920088488469599,-0.920088488469599,-1.18312669364391,1.18312669364391,1.02322208066046,-1.02322208066046,0.823207139191058,-0.823207139191058,0.618714425668833,-0.618714425668833,-0.00943197375786564,0.00943197375786564,-0.613956499634671,0.613956499634671,-0.0104293250946336,0.0104293250946336,1.65301600424999,-1.65301600424999,0.552752561867357,-0.552752561867357,0.989910563418276,-0.989910563418276,-1.22215032445762,1.22215032445762,-0.310105576664539,0.310105576664539,1.03158839242084,-1.03158839242084,-1.49657349785681,1.49657349785681,0.3976622951874,-0.3976622951874,0.874591300344937,-0.874591300344937,0.935074829652047,-0.935074829652047,-0.806676214139567,0.806676214139567,-0.376039748060781,0.376039748060781,-0.716899161278244,0.716899161278244,-1.45491548192625,1.45491548192625,0.228575662270598,-0.228575662270598,-0.168214938554135,0.168214938554135,-1.7288846095128,1.7288846095128,-0.368855904595101,0.368855904595101,2.11971657480143,-2.11971657480143,-0.990354079347921,0.990354079347921,0.790767304812983,-0.790767304812983,0.280193749868261,-0.280193749868261,-0.962663626767965,0.962663626767965,1.95744576916994,-1.95744576916994,0.065314074315937,-0.065314074315937,1.46582220785289,-1.46582220785289,0.832477466908112,-0.832477466908112,-0.160313133183295,0.160313133183295,0.379405147853313,-0.379405147853313,-0.477544593574849,0.477544593574849,0.00571580987678122,-0.00571580987678122,0.966196642357751,-0.966196642357751,1.88696673175112,-1.88696673175112,0.671808917756961,-0.671808917756961,0.630089599301841,-0.630089599301841,-0.57694325533462,0.57694325533462,-0.957465504337246,0.957465504337246,0.469774373506723,-0.469774373506723,0.193919435308075,-0.193919435308075,0.11891822956521,-0.11891822956521,-0.676916858934418,0.676916858934418,-0.0377984035951492,0.0377984035951492,-0.774879493845465,0.774879493845465,1.44247786264303,-1.44247786264303,-0.0899745709809711,0.0899745709809711,-1.36272814533318,1.36272814533318,-1.32675867740452,1.32675867740452,0.214512737171374,-0.214512737171374,-0.718023565129041,0.718023565129041,0.219349058298238,-0.219349058298238,0.840671456054101,-0.840671456054101,-1.14343855588931,1.14343855588931,-0.694543146069826,0.694543146069826,-0.889181248932392,0.889181248932392,-1.70656885476274,1.70656885476274,-0.00648063078621953,0.00648063078621953,-0.15672657837347,0.15672657837347,-0.85100047631746,0.85100047631746,1.18407380120174,-1.18407380120174,0.399745721033802,-0.399745721033802,-0.713718363886476,0.713718363886476,-1.8158041675147,1.8158041675147,-1.05291962308143,1.05291962308143,-0.0361784205006851,0.0361784205006851,-0.849260098492354,0.849260098492354,-1.05443788934089,1.05443788934089,1.07558365875451,-1.07558365875451,1.30057796384617,-1.30057796384617,0.969869847949157,-0.969869847949157,-1.26349930497221,1.26349930497221,1.55224445659703,-1.55224445659703,-0.801909196650231,0.801909196650231,0.405632337698528,-0.405632337698528,0.86776532441462,-0.86776532441462,-0.664809541857001,0.664809541857001,0.276124345936341,-0.276124345936341,-1.13967456552293,1.13967456552293,0.302365172172772,-0.302365172172772,0.685608493669113,-0.685608493669113,-0.92886710345584,0.92886710345584,-1.35838105780191,1.35838105780191,-0.88098417782307,0.88098417782307,1.75432946719873,-1.75432946719873,-0.552569369816946,0.552569369816946,0.368984008042321,-0.368984008042321,0.235565381079628,-0.235565381079628,0.178298043470889,-0.178298043470889,1.61870629218231,-1.61870629218231,0.441201164287044,-0.441201164287044,-1.83828196414947,1.83828196414947,-0.816431146369707,0.816431146369707,0.785463967790135,-0.785463967790135,2.07022968069264,-2.07022968069264,-1.1865552141559,1.1865552141559,0.742853877931768,-0.742853877931768,0.811889553815462,-0.811889553815462,0.0419397020280167,-0.0419397020280167,-0.804562154466635,0.804562154466635,1.04526656195153,-1.04526656195153,0.262559601108409,-0.262559601108409,-0.367574415473476,0.367574415473476,-0.198666582933556,0.198666582933556,-1.18741799925636,1.18741799925636,0.476300963163796,-0.476300963163796,1.16133107055915,-1.16133107055915,0.302148250102471,-0.302148250102471,0.958102882037365,-0.958102882037365,1.25879892730495,-1.25879892730495,-0.246705767709303,0.246705767709303,-0.513953797824669,0.513953797824669,0.718119366536749,-0.718119366536749,-0.0522050426725938,0.0522050426725938,-0.734368251127921,0.734368251127921,-0.126445912642086,0.126445912642086,0.418444048442051,-0.418444048442051,0.43627121975308,-0.43627121975308,-0.30731267152051,0.30731267152051,-0.201011954461021,0.201011954461021,1.102127526877,-1.102127526877,1.30084722811813,-1.30084722811813,-0.313200348118308,0.313200348118308,1.11502295561265,-1.11502295561265,1.52543818929222,-1.52543818929222,-0.437078004438423,0.437078004438423,0.332401399244818,-0.332401399244818,1.28486536119568,-1.28486536119568,0.545096266030795,-0.545096266030795,0.449177929130319,-0.449177929130319,1.12544023125251,-1.12544023125251,-0.722520237468402,0.722520237468402,-0.240012439999539,0.240012439999539,-0.315717485711487,0.315717485711487,-0.307112666680863,0.307112666680863,0.589236360313065,-0.589236360313065,1.29818250877252,-1.29818250877252,-0.577804617254403,0.577804617254403,-1.07692934215076,1.07692934215076,-0.27799384801277,0.27799384801277,1.71075211963557,-1.71075211963557,0.85323194182922,-0.85323194182922,-0.370843851753084,0.370843851753084,0.277629050968317,-0.277629050968317,0.0804872093571672,-0.0804872093571672,-0.0532456598354825,0.0532456598354825,-0.0225164287760887,0.0225164287760887,-1.59756613858521,1.59756613858521,1.41311791520982,-1.41311791520982,-0.920308570013145,0.920308570013145,-0.58045387720172,0.58045387720172,-0.951125590180035,0.951125590180035,1.42352201941763,-1.42352201941763,0.133446978839395,-0.133446978839395,-0.236787030509527,0.236787030509527,-1.02368773804742,1.02368773804742,0.298634264638147,-0.298634264638147,0.418177851370555,-0.418177851370555,-0.479914689546556,0.479914689546556,-0.262654044768997,0.262654044768997,-0.198535443803441,0.198535443803441,1.12871327882378,-1.12871327882378,1.13757934068207,-1.13757934068207,-1.76422137208849,1.76422137208849,-0.594619925209901,0.594619925209901,0.434964356492683,-0.434964356492683,0.371632346793061,-0.371632346793061,-0.843616564435631,0.843616564435631,-0.626783000108046,0.626783000108046,0.182359293154718,-0.182359293154718,-1.01191060078266,1.01191060078266,-0.909519717850979,0.909519717850979,0.00616784461374145,-0.00616784461374145,1.09127631936828,-1.09127631936828,-1.57557300128645,1.57557300128645,-0.737393781853677,0.737393781853677,1.19086227949617,-1.19086227949617,0.750748925137054,-0.750748925137054,-1.05693822816114,1.05693822816114,0.189412246789731,-0.189412246789731,-1.59019455072435,1.59019455072435,0.934047634394249,-0.934047634394249,0.564122785313149,-0.564122785313149,-0.233341834212437,0.233341834212437,1.78200766987426,-1.78200766987426,-0.0766860754487702,0.0766860754487702,0.217992085089624,-0.217992085089624,-0.2808470060967,0.2808470060967,-0.548680404661269,0.548680404661269,-0.397709635946367,0.397709635946367,1.42459160598277,-1.42459160598277,-1.74321292466187,1.74321292466187,-1.1934974285326,1.1934974285326,0.687410140335469,-0.687410140335469,-0.736775002554583,0.736775002554583,0.43916058868344,-0.43916058868344,0.564731649176485,-0.564731649176485,-1.16718019608313,1.16718019608313,-0.731814483010843,0.731814483010843,-1.72187518010332,1.72187518010332,0.564399703732169,-0.564399703732169,-0.870384787284838,0.870384787284838,0.0921004242571374,-0.0921004242571374,0.211155325956403,-0.211155325956403,-0.130238255597289,0.130238255597289,1.40928075049857,-1.40928075049857,-1.23120325692752,1.23120325692752,-1.96435292524993,1.96435292524993,-0.19962561995466,0.19962561995466,0.153106156023353,-0.153106156023353,-0.133685790304476,0.133685790304476,0.410403343037534,-0.410403343037534,0.406295597531259,-0.406295597531259,-0.699036149966965,0.699036149966965,0.455767759719673,-0.455767759719673,-1.34673131125981,1.34673131125981,-2.68054965865895,2.68054965865895,0.264905376411266,-0.264905376411266,-0.937630368413648,0.937630368413648,-2.2611681897214,2.2611681897214,1.36259214689803,-1.36259214689803,0.167638604255988,-0.167638604255988,-1.68560762864835,1.68560762864835,-0.553661162315633,0.553661162315633,0.831629213797662,-0.831629213797662,-0.322465525488668,0.322465525488668,-0.449951988290775,0.449951988290775,0.481349845949775,-0.481349845949775,1.01956943966176,-1.01956943966176,-0.201664198413062,0.201664198413062,-0.21550227042849,0.21550227042849,0.404027317587586,-0.404027317587586,-2.19134123340885,2.19134123340885,0.14580261272725,-0.14580261272725,0.0578777561897891,-0.0578777561897891,1.68644103955049,-1.68644103955049,-0.646017978580585,0.646017978580585,-0.14184399574431,0.14184399574431,0.56441116685499,-0.56441116685499,1.95773501249753,-1.95773501249753,0.37608328318716,-0.37608328318716,-2.09806003259338,2.09806003259338,-2.3895457910455,2.3895457910455,-0.713032709377267,0.713032709377267,0.911778436924256,-0.911778436924256,-1.4127346148627,1.4127346148627,-0.372165854889108,0.372165854889108,0.241168463221379,-0.241168463221379,0.420552769156344,-0.420552769156344,0.928376190933944,-0.928376190933944,1.23641983376553,-1.23641983376553,0.0959558304189529,-0.0959558304189529,1.58330950281856,-1.58330950281856,1.5529423293394,-1.5529423293394,-0.553975660853897,0.553975660853897,-0.704896066260749,0.704896066260749,-0.0583528092901961,0.0583528092901961,-0.54757598360422,0.54757598360422,1.26312978185,-1.26312978185,0.965711498885646,-0.965711498885646,0.573002086135039,-0.573002086135039,0.958644185820628,-0.958644185820628,1.15826651742755,-1.15826651742755,0.210687981786763,-0.210687981786763,-2.1164837736173,2.1164837736173,-1.08555914276577,1.08555914276577,-1.03004994188326,1.03004994188326,-0.185913424229309,0.185913424229309,-1.17895202765109,1.17895202765109,-0.597314447932996,0.597314447932996,0.875076950652397,-0.875076950652397,-2.00652208857968,2.00652208857968,0.388837574617328,-0.388837574617328,-0.195920896938325,0.195920896938325,-0.993462514289335,0.993462514289335,-1.53948111276335,1.53948111276335,3.39012128487593,-3.39012128487593,-1.66195351883092,1.66195351883092,-1.27984714988471,1.27984714988471,-2.49760346771555,2.49760346771555,0.149391725336916,-0.149391725336916,-0.876267782642125,0.876267782642125,0.234363693488882,-0.234363693488882,-0.555294352985838,0.555294352985838,0.596451360396258,-0.596451360396258,1.25673297425442,-1.25673297425442,-0.826345650639059,0.826345650639059,0.091229396466389,-0.091229396466389,0.227267820872096,-0.227267820872096,1.02867304697406,-1.02867304697406,-0.612584239598463,0.612584239598463,-1.16988743210842,1.16988743210842,-0.749773799138054,0.749773799138054,-0.309299168744938,0.309299168744938,-0.273994512868485,0.273994512868485,0.40670077797352,-0.40670077797352,-0.620603972816323,0.620603972816323,-0.655164016648128,0.655164016648128,0.845533975980733,-0.845533975980733,-1.74814765817374,1.74814765817374,-0.162437530811268,0.162437530811268,2.29655305239579,-2.29655305239579,-0.654175684392292,0.654175684392292,1.63765661879266,-1.63765661879266,1.18814080955323,-1.18814080955323,-0.563295052741096,0.563295052741096,0.477323521715933,-0.477323521715933,-0.645224558929023,0.645224558929023,0.416677107804846,-0.416677107804846,-1.21901738773608,1.21901738773608,-0.605242382939571,0.605242382939571,-0.0426370429218907,0.0426370429218907,-0.764017511400513,0.764017511400513,0.274123373822115,-0.274123373822115,-0.236243499288802,0.236243499288802,0.321843134774817,-0.321843134774817,0.844629224092128,-0.844629224092128,0.0947864546317991,-0.0947864546317991,0.533538562116605,-0.533538562116605,0.028879036232539,-0.028879036232539,0.491079352984004,-0.491079352984004,-1.004163402584,1.004163402584,0.219036922587391,-0.219036922587391,-1.59886121390157,1.59886121390157,1.24463301383701,-1.24463301383701,-1.06679985497773,1.06679985497773,-0.899624457338465,0.899624457338465,0.691169399104992,-0.691169399104992,-0.794211111249575,0.794211111249575,-1.11793126877413,1.11793126877413,-2.56492636253803,2.56492636253803,-2.17374162373146,2.17374162373146,-1.73928463717957,1.73928463717957,-2.0910461036978,2.0910461036978,-0.697225163966527,0.697225163966527,-0.92279164956352,0.92279164956352,0.427671588783684,-0.427671588783684,-1.51957619434643,1.51957619434643,0.425461635935756,-0.425461635935756,-0.175440500940723,0.175440500940723,0.475089767437576,-0.475089767437576,0.115024856090527,-0.115024856090527,-0.725562530655154,0.725562530655154,0.283833004555944,-0.283833004555944,-0.684129079571473,0.684129079571473,-0.0107176701433953,0.0107176701433953,-0.54267376072996,0.54267376072996,-0.30426780069549,0.30426780069549,0.332929914590069,-0.332929914590069,-0.668435407605472,0.668435407605472,0.154192808011956,-0.154192808011956,-0.672899023802562,0.672899023802562,-0.659389206006904,0.659389206006904,-0.624114247216898,0.624114247216898,1.84603464116258,-1.84603464116258,-1.94170849452045,1.94170849452045,-1.03048312794846,1.03048312794846,-0.60311712332691,0.60311712332691,-0.926411464247571,0.926411464247571,0.276434350507491,-0.276434350507491,0.0411197097537905,-0.0411197097537905,-0.685705295733974,0.685705295733974,0.041253954758187,-0.041253954758187,0.0959631273555464,-0.0959631273555464,1.05622735211516,-1.05622735211516,0.651120555235556,-0.651120555235556,0.646438700536563,-0.646438700536563,-0.126498531818786,0.126498531818786,-1.00214727956109,1.00214727956109,-0.180090603118283,0.180090603118283,-0.44806407691316,0.44806407691316,-0.589919028906706,0.589919028906706,-1.1608075340714,1.1608075340714,0.0962326948275992,-0.0962326948275992,0.558900160486879,-0.558900160486879,-0.29320623483834,0.29320623483834,-0.254675348530686,0.254675348530686,-0.472684573527884,0.472684573527884,1.70654664517532,-1.70654664517532,1.21084416288932,-1.21084416288932,0.297256212832736,-0.297256212832736,0.455072075868039,-0.455072075868039,-0.834050699958757,0.834050699958757,-0.141979813265483,0.141979813265483,-0.22857854695456,0.22857854695456,0.150864226199243,-0.150864226199243,-0.548635845937298,0.548635845937298,1.33189671143897,-1.33189671143897,1.3213650696377,-1.3213650696377,-0.793363752005878,0.793363752005878,-0.268248919695032,0.268248919695032,-0.369431222664374,0.369431222664374,0.174537149917451,-0.174537149917451,-0.594517109326813,0.594517109326813,0.0837911488369721,-0.0837911488369721,-1.27541176773911,1.27541176773911,1.16098360090666,-1.16098360090666,-0.274164622468215,0.274164622468215,1.74443104008449,-1.74443104008449,-0.646401100303287,0.646401100303287,-0.0971646433227894,0.0971646433227894,0.506213267500509,-0.506213267500509,-0.766756706193964,0.766756706193964,-0.35484203541504,0.35484203541504,-0.526077248530665,0.526077248530665,0.860894305735906,-0.860894305735906,0.278722439415916,-0.278722439415916,0.187409454644308,-0.187409454644308,0.264200907455298,-0.264200907455298,-0.0514551564081581,0.0514551564081581,0.182896019435355,-0.182896019435355,-1.03333778811131,1.03333778811131,-1.11770419828256,1.11770419828256,-0.689548873921028,0.689548873921028,1.57770503936347,-1.57770503936347,1.66577901681496,-1.66577901681496,-0.149943699754213,0.149943699754213,0.0289661052494813,-0.0289661052494813,0.379853475076961,-0.379853475076961,-1.09221938777721,1.09221938777721,1.39561985805591,-1.39561985805591,0.853656408269212,-0.853656408269212,-2.2061834903246,2.2061834903246,0.527028341626169,-0.527028341626169,-0.198198204726059,0.198198204726059,0.64833068777145,-0.64833068777145,2.27423378010943,-2.27423378010943,-1.28254862040021,1.28254862040021,-0.969137563397282,0.969137563397282,1.00402117007355,-1.00402117007355,-1.66414201967055,1.66414201967055,-1.04401248878795,1.04401248878795,1.98370922753763,-1.98370922753763,0.44478373741033,-0.44478373741033,-0.766525676827395,0.766525676827395,0.392296243045785,-0.392296243045785,0.268213253195236,-0.268213253195236,0.795734759502495,-0.795734759502495,-0.808778210898716,0.808778210898716,-0.0393361968880462,0.0393361968880462,0.268289183853964,-0.268289183853964,-0.321935540906122,0.321935540906122,-0.343727788484763,0.343727788484763,0.987143166741479,-0.987143166741479,-0.132080436750732,0.132080436750732,0.500457590015281,-0.500457590015281,0.0339128135062093,-0.0339128135062093,1.36866459369304,-1.36866459369304,1.26038444229263,-1.26038444229263,-1.11497889739004,1.11497889739004,0.769156089630879,-0.769156089630879,-0.504013277908766,0.504013277908766,0.449915656009765,-0.449915656009765,-0.753332194727846,0.753332194727846,-0.52211932779113,0.52211932779113,-0.990429321637856,0.990429321637856,-1.18351393587155,1.18351393587155,0.354313830779233,-0.354313830779233,1.45125392893704,-1.45125392893704,0.332144195177178,-0.332144195177178,-0.0511877399344154,0.0511877399344154,0.634553472622144,-0.634553472622144,-0.478361173119105,0.478361173119105,0.494581148247548,-0.494581148247548,-0.288572608174097,0.288572608174097,1.34272303761641,-1.34272303761641,-0.388363238990145,0.388363238990145,-1.16824099751058,1.16824099751058,-0.48211119791725,0.48211119791725,-1.93325697223024,1.93325697223024,1.40075707408026,-1.40075707408026,-0.983803758185517,0.983803758185517,-0.859894885976535,0.859894885976535,0.658315757764051,-0.658315757764051,1.16363520501542,-1.16363520501542,-0.169151093029679,0.169151093029679,-0.0654350197202052,0.0654350197202052,-0.362064139863133,0.362064139863133,0.63791137660517,-0.63791137660517,0.454850314640082,-0.454850314640082,0.252777808953957,-0.252777808953957,-0.476167860333791,0.476167860333791,0.0621276012353059,-0.0621276012353059,-0.604818894805612,0.604818894805612,0.479885212525539,-0.479885212525539,0.150689905511284,-0.150689905511284,0.626135611880673,-0.626135611880673,0.164787651989898,-0.164787651989898,1.63771573514853,-1.63771573514853,0.624185216691404,-0.624185216691404,1.0311422565213,-1.0311422565213,0.584750542313464,-0.584750542313464,-0.137553881358654,0.137553881358654,-0.551661823549545,0.551661823549545,-1.17329901285295,1.17329901285295,-0.0485539315020498,0.0485539315020498,1.46854596823343,-1.46854596823343,-0.304554890809045,0.304554890809045,1.74875767102766,-1.74875767102766,0.394052672474363,-0.394052672474363,-0.69035148363591,0.69035148363591,-1.37537122884255,1.37537122884255,0.131134099260771,-0.131134099260771,0.519903647458456,-0.519903647458456,0.741237198254149,-0.741237198254149,0.116669152992502,-0.116669152992502,0.932943385214652,-0.932943385214652,1.1130069237911,-1.1130069237911,-2.71762387417379,2.71762387417379,0.465547809953832,-0.465547809953832,-0.724898068526414,0.724898068526414,-0.502924818881648,0.502924818881648,0.61351033285002,-0.61351033285002,0.373526823871481,-0.373526823871481,0.706150792576501,-0.706150792576501,-0.69799339083491,0.69799339083491,-0.743029410826434,0.743029410826434,-0.302552123247487,0.302552123247487,-0.254113990358776,0.254113990358776,-0.801893657157151,0.801893657157151,1.48414159138967,-1.48414159138967,0.8973206748952,-0.8973206748952,-0.919650935707971,0.919650935707971,-0.064540107585187,0.064540107585187,-0.472955651196263,0.472955651196263,-1.84833364161957,1.84833364161957,0.88636319299597,-0.88636319299597,0.0192877198432822,-0.0192877198432822,0.0560593838117435,-0.0560593838117435,-0.662038399224568,0.662038399224568,-1.22749988199542,1.22749988199542,-0.410389137604986,0.410389137604986,-0.376265254117855,0.376265254117855,-1.08358892531898,1.08358892531898,-0.473002367725402,0.473002367725402,0.879056337384924,-0.879056337384924,0.876669691223044,-0.876669691223044,-0.91835487029194,0.91835487029194,2.14412089809592,-2.14412089809592,0.924675734864913,-0.924675734864913,-0.406992642691987,0.406992642691987,0.924691861237053,-0.924691861237053,2.59639276268577,-2.59639276268577,1.25931209398373,-1.25931209398373,0.0123305622453147,-0.0123305622453147,-0.811562272547944,0.811562272547944,-2.86924216048213,2.86924216048213,1.1779088987045,-1.1779088987045,0.995371303836114,-0.995371303836114,-0.515846566710255,0.515846566710255,1.8076918402374,-1.8076918402374,-1.62702710426126,1.62702710426126,-0.800345880884426,0.800345880884426,0.489966959255491,-0.489966959255491,0.799543415538604,-0.799543415538604,-1.24341718109268,1.24341718109268,-0.0169007099845184,0.0169007099845184,0.74174859468355,-0.74174859468355,0.206722774680573,-0.206722774680573,0.296870019901453,-0.296870019901453,-0.0888243899765356,0.0888243899765356,1.51064210008214,-1.51064210008214,-0.516753928205206,0.516753928205206,-1.90042700681219,1.90042700681219,-1.6187212298405,1.6187212298405,1.31825783969561,-1.31825783969561,-1.27528617265851,1.27528617265851,-1.92935976990628,1.92935976990628,1.7502923472404,-1.7502923472404,1.38800159340735,-1.38800159340735,-0.673289029427729,0.673289029427729,1.1369854431115,-1.1369854431115,-1.07552057994089,1.07552057994089,1.83258832532084,-1.83258832532084,0.180070994883184,-0.180070994883184,-0.634432543924309,0.634432543924309,-0.172900022921765,0.172900022921765,-2.57140891968622,2.57140891968622,-0.464564757325091,0.464564757325091,-0.704690069341003,0.704690069341003,-0.164171820231782,0.164171820231782,1.39980278954918,-1.39980278954918,0.984376681878064,-0.984376681878064,-0.18363554502952,0.18363554502952,-0.346843359204814,0.346843359204814,0.93558313820443,-0.93558313820443,-0.527716029436489,0.527716029436489,0.140311493190823,-0.140311493190823,0.798502789372623,-0.798502789372623,-0.494042099893292,0.494042099893292,2.05485611689013,-2.05485611689013,-0.43406267538441,0.43406267538441,0.391090348740235,-0.391090348740235,-0.830169411739443,0.830169411739443,1.96004714476807,-1.96004714476807,-0.15435950967763,0.15435950967763,-1.73932510364875,1.73932510364875,-0.396239202708259,0.396239202708259,0.673442062739456,-0.673442062739456,0.295841907189684,-0.295841907189684,0.866354003199903,-0.866354003199903,0.19095887423296,-0.19095887423296,0.364516051290078,-0.364516051290078,0.735893838307354,-0.735893838307354,-0.0274961354936132,0.0274961354936132,-1.28650281113526,1.28650281113526,-0.35086424031676,0.35086424031676,1.08199166111261,-1.08199166111261,0.445477351311518,-0.445477351311518,-0.0846761392593809,0.0846761392593809,-0.41453915883411,0.41453915883411,-1.28395311420266,1.28395311420266,-1.74668761135554,1.74668761135554,0.235787073971837,-0.235787073971837,1.01274426492044,-1.01274426492044,0.18505032234125,-0.18505032234125,-0.458024855700559,0.458024855700559,-0.234845002379498,0.234845002379498,0.157699424316785,-0.157699424316785,1.05486252709891,-1.05486252709891,0.00825814312232165,-0.00825814312232165,0.13674665498296,-0.13674665498296,-0.601922592003675,0.601922592003675,-0.719021088764035,0.719021088764035,-0.407487680483004,0.407487680483004,1.02381071227237,-1.02381071227237,1.0577292048821,-1.0577292048821,-1.18515627165624,1.18515627165624,-1.31313483720985,1.31313483720985,-0.971437741385461,0.971437741385461,1.17557361000414,-1.17557361000414,0.0799503315065784,-0.0799503315065784,0.574912465859018,-0.574912465859018,-0.212197764499364,0.212197764499364,-0.489345344743835,0.489345344743835,1.16832414917734,-1.16832414917734,0.657381866492914,-0.657381866492914,1.05166230677576,-1.05166230677576,-2.35987712751529,2.35987712751529,-0.0244488558086259,0.0244488558086259,0.638365105906682,-0.638365105906682,1.0923641644191,-1.0923641644191,2.24381917125467,-2.24381917125467,0.821683059578519,-0.821683059578519,1.95608537371352,-1.95608537371352,0.45210227429924,-0.45210227429924,1.29315038639747,-1.29315038639747,-0.772102220469577,0.772102220469577,0.786974485582786,-0.786974485582786,0.283877238528594,-0.283877238528594,-0.518922333379858,0.518922333379858,1.15110826783831,-1.15110826783831,0.510155603094078,-0.510155603094078,-0.744158286592546,0.744158286592546,1.63561711306694,-1.63561711306694,0.0836196920120529,-0.0836196920120529,1.18557142985388,-1.18557142985388,2.35138334246026,-2.35138334246026,-0.26746490880578,0.26746490880578,-1.69181485998102,1.69181485998102,0.240089863303858,-0.240089863303858,-0.0510183887846926,0.0510183887846926,0.948429455442719,-0.948429455442719,-0.263697688987431,0.263697688987431,-1.54286885910957,1.54286885910957,-1.67018525940804,1.67018525940804,0.277760024480784,-0.277760024480784,1.22862382247044,-1.22862382247044,0.81892123150272,-0.81892123150272,-1.40516990745596,1.40516990745596,-0.155524032699185,0.155524032699185,0.160637431083575,-0.160637431083575,0.239868470357104,-0.239868470357104,-0.501642657949438,0.501642657949438,-0.245487410043308,0.245487410043308,-0.72568077617551,0.72568077617551,0.107750381925851,-0.107750381925851,-0.735782284017473,0.735782284017473,-0.394073392043936,0.394073392043936,0.0533095241958079,-0.0533095241958079,0.528753585719475,-0.528753585719475,1.92257223718374,-1.92257223718374,0.107520340532288,-0.107520340532288,1.59372771282856,-1.59372771282856,1.7905971194432,-1.7905971194432,0.76664354217947,-0.76664354217947,-0.433750564256891,0.433750564256891,0.163276611904428,-0.163276611904428,-0.369604922825653,0.369604922825653,-0.504052402608491,0.504052402608491,-0.618542381484683,0.618542381484683,-1.5111378571658,1.5111378571658,1.10343212311755,-1.10343212311755,0.0724622460598666,-0.0724622460598666,-0.449945454945012,0.449945454945012,-0.192841306458054,0.192841306458054,-0.107494193642526,0.107494193642526,0.460472672085254,-0.460472672085254,-1.58914260022395,1.58914260022395,0.267497419601125,-0.267497419601125,1.23142761073116,-1.23142761073116,-1.61991220138705,1.61991220138705,1.85449979859553,-1.85449979859553,2.21663436288536,-2.21663436288536,0.690799978402601,-0.690799978402601,-0.106548035052082,0.106548035052082,1.50924796707131,-1.50924796707131,-1.86104165809503,1.86104165809503,-1.24779435990043,1.24779435990043,1.09996959273132,-1.09996959273132,-0.485508701139202,0.485508701139202,-0.172549166905826,0.172549166905826,0.227014536331281,-0.227014536331281,-0.597383933083837,0.597383933083837,2.71725686757816,-2.71725686757816,1.2081640067608,-1.2081640067608,0.901262699468667,-0.901262699468667,1.28813557252981,-1.28813557252981,0.794860295288016,-0.794860295288016,0.480155228679763,-0.480155228679763,-1.05182566361974,1.05182566361974,1.1159691758007,-1.1159691758007,-0.148730606554163,0.148730606554163,-0.105091648700912,0.105091648700912,0.718149028504591,-0.718149028504591,0.820117693048836,-0.820117693048836,0.827740929246071,-0.827740929246071,-0.754390887617165,0.754390887617165,-0.203587743253894,0.203587743253894,-1.1297439805485,1.1297439805485,-0.338817932526253,0.338817932526253,2.45335791510261,-2.45335791510261,-1.11227415318435,1.11227415318435,0.493278883335814,-0.493278883335814,0.904263653283134,-0.904263653283134,1.95252857181477,-1.95252857181477,1.7792182496767,-1.7792182496767,-1.97277125682978,1.97277125682978,-0.728016850024311,0.728016850024311,0.64738104221584,-0.64738104221584,-0.232155978217106,0.232155978217106,-0.0942522604554921,0.0942522604554921,1.12006113734615,-1.12006113734615,-0.344181879087377,0.344181879087377,0.734109492346324,-0.734109492346324,1.52535189154436,-1.52535189154436,0.357592131718577,-0.357592131718577,1.66382672948852,-1.66382672948852,-0.579327693644723,0.579327693644723,-1.84648810433034,1.84648810433034,-0.835908770970503,0.835908770970503,-1.03139368579345,1.03139368579345,-0.424611662187934,0.424611662187934,-0.0884550461295567,0.0884550461295567,-0.596264940919337,0.596264940919337,-1.88812042730033,1.88812042730033,-0.618310389336625,0.618310389336625,1.25598956175049,-1.25598956175049,-0.206250812140802,0.206250812140802,0.505523100144024,-0.505523100144024,0.321882054156376,-0.321882054156376,-0.942838060833837,0.942838060833837,0.74421262799771,-0.74421262799771,2.59181849136244,-2.59181849136244,1.51314033157655,-1.51314033157655,1.15505927300498,-1.15505927300498,1.70220622083366,-1.70220622083366,0.0205246931386442,-0.0205246931386442,-1.80131244186682,1.80131244186682,-0.403057364631401,0.403057364631401,1.02926796815888,-1.02926796815888,0.16512809417187,-0.16512809417187,-1.11816670700031,1.11816670700031,0.0739553068478758,-0.0739553068478758,2.24350574080753,-2.24350574080753,-0.605736593587383,0.605736593587383,0.23864527418647,-0.23864527418647,-1.00664667546992,1.00664667546992,-1.4402688134402,1.4402688134402,0.258061449138931,-0.258061449138931,1.46741229308584,-1.46741229308584,0.0433932888439575,-0.0433932888439575,-1.21278764847859,1.21278764847859,-1.03807004997686,1.03807004997686,1.9812378786123,-1.9812378786123,-0.148188506155103,0.148188506155103,0.477038765114439,-0.477038765114439,-0.0786798067618519,0.0786798067618519,-1.28611867368274,1.28611867368274,-0.0255799486453975,0.0255799486453975,-0.121608756007182,0.121608756007182,1.68530080420892,-1.68530080420892,1.4923105367062,-1.4923105367062,0.511656940445077,-0.511656940445077,-0.300335563817678,0.300335563817678,0.192583075084927,-0.192583075084927,-0.833281550483321,0.833281550483321,1.27449847481211,-1.27449847481211,-0.504512764424049,0.504512764424049,0.586961393995492,-0.586961393995492,0.70984314573415,-0.70984314573415,0.37279297430533,-0.37279297430533,2.59814357385595,-2.59814357385595,0.657015102807497,-0.657015102807497,0.864636149517495,-0.864636149517495,-0.112092375345211,0.112092375345211,-1.24330633407817,1.24330633407817,-0.283951177993443,0.283951177993443,-1.58494671971636,1.58494671971636,-0.624850585847812,0.624850585847812,0.301875349096119,-0.301875349096119,0.193070160515359,-0.193070160515359,0.377006353944772,-0.377006353944772,-0.919997243228273,0.919997243228273,-0.981966320570622,0.981966320570622,1.12125795515152,-1.12125795515152,1.47109474283869,-1.47109474283869,0.495859016912667,-0.495859016912667,-0.531462999745264,0.531462999745264,-0.643044189482412,0.643044189482412,0.329083967461137,-0.329083967461137,1.34831897236352,-1.34831897236352,-0.61637300975578,0.61637300975578,-2.11950347847289,2.11950347847289,0.199362970544958,-0.199362970544958,-0.264507355972052,0.264507355972052,-0.245764411630024,0.245764411630024,-1.20039857552843,1.20039857552843,0.38052581798489,-0.38052581798489,-0.290119800134124,0.290119800134124,-0.940584065158023,0.940584065158023,0.81603963872869,-0.81603963872869,-0.963588914231767,0.963588914231767,0.703761467478671,-0.703761467478671,0.574863525220851,-0.574863525220851,-0.367962057519679,0.367962057519679,-1.54308423156935,1.54308423156935,-0.388196572264018,0.388196572264018,-0.262781034810348,0.262781034810348,0.590473635139388,-0.590473635139388,-0.0990290613500511,0.0990290613500511,0.675816519215684,-0.675816519215684,1.36438520519757,-1.36438520519757,-0.0274745948333835,0.0274745948333835,1.14013567363033,-1.14013567363033,1.07577131124485,-1.07577131124485,-1.57357518067438,1.57357518067438,-1.42346648296139,1.42346648296139,-0.919070981637402,0.919070981637402,0.105450189453063,-0.105450189453063,0.18987813266287,-0.18987813266287,-2.11164600524867,2.11164600524867,0.41951215013027,-0.41951215013027,1.48494431887446,-1.48494431887446,-0.00148613910663665,0.00148613910663665,0.548982959876074,-0.548982959876074,-2.27787228748437,2.27787228748437,-0.125047792915263,0.125047792915263,0.534300943713681,-0.534300943713681,-2.82094851488927,2.82094851488927,1.70632049798497,-1.70632049798497,-1.32482611229871,1.32482611229871,1.20285250849573,-1.20285250849573,1.74498624647748,-1.74498624647748,1.49768910617048,-1.49768910617048,-0.894840045981336,0.894840045981336,-0.459654230719713,0.459654230719713,0.218578196590352,-0.218578196590352,-0.680413321597224,0.680413321597224,0.806080949641173,-0.806080949641173,-0.377574397348688,0.377574397348688,0.551654422073841,-0.551654422073841,1.04811313319384,-1.04811313319384,-1.77393409514216,1.77393409514216,0.936579925420993,-0.936579925420993,0.0952241590047846,-0.0952241590047846,1.35793863441774,-1.35793863441774,-0.0895532855549214,0.0895532855549214,-0.28410763426095,0.28410763426095,0.276080907156715,-0.276080907156715,-0.100374857277808,0.100374857277808,0.0922655814504018,-0.0922655814504018,1.0375534110996,-1.0375534110996,-0.212943795918135,0.212943795918135,0.310167615633879,-0.310167615633879,0.221944405062576,-0.221944405062576,-1.74648950990583,1.74648950990583,-0.205456377326959,0.205456377326959,1.76507236374769,-1.76507236374769,-0.52694167135889,0.52694167135889,0.556574921446471,-0.556574921446471,-1.60142660135449,1.60142660135449,0.200473121058001,-0.200473121058001,-1.07752985821605,1.07752985821605,-0.5808998221484,0.5808998221484,1.297299813414,-1.297299813414,-0.109210593742447,0.109210593742447,-0.148207335055426,0.148207335055426,-0.69061339001525,0.69061339001525,0.308921392785191,-0.308921392785191,-0.45873297112817,0.45873297112817,-0.511765777425338,0.511765777425338,0.508116570958924,-0.508116570958924,-0.985963258278374,0.985963258278374,-0.209373611842544,0.209373611842544,0.0425970869411108,-0.0425970869411108,-0.521460266037962,0.521460266037962,0.987063135788233,-0.987063135788233,1.48711637808172,-1.48711637808172,0.144558270048726,-0.144558270048726,1.00120842826592,-1.00120842826592,-0.0230871501693349,0.0230871501693349,1.18554470637421,-1.18554470637421,0.179325241970777,-0.179325241970777,-0.401407386850073,0.401407386850073,0.868167115973602,-0.868167115973602,-0.46122322778671,0.46122322778671,-0.231958469172081,0.231958469172081,0.718678488587903,-0.718678488587903,0.34228403436562,-0.34228403436562,-1.44335640341112,1.44335640341112,0.236237630056624,-0.236237630056624,-0.601783713668281,0.601783713668281,0.296185386529389,-0.296185386529389,-0.991148783091085,0.991148783091085,2.08855501725533,-2.08855501725533,0.596056448293421,-0.596056448293421,-0.908790775795274,0.908790775795274,-0.595384334646099,0.595384334646099,0.597551094766271,-0.597551094766271,2.19030834024495,-2.19030834024495,2.45815139758906,-2.45815139758906,-0.37923480972554,0.37923480972554,0.262554863012999,-0.262554863012999,0.825766138184497,-0.825766138184497,0.704380397209243,-0.704380397209243,-0.575531984035565,0.575531984035565,-0.351601988708144,0.351601988708144,0.0393794724639428,-0.0393794724639428,0.61969230496049,-0.61969230496049,-1.66224772425697,1.66224772425697,1.46643356292538,-1.46643356292538,-2.45729795853468,2.45729795853468,1.64485264348004,-1.64485264348004,0.364674601555301,-0.364674601555301,1.05263969349648,-1.05263969349648,-0.300602155739367,0.300602155739367,-0.527199933282217,0.527199933282217,-1.09872685536587,1.09872685536587,0.446285006835766,-0.446285006835766,-0.217854687671195,0.217854687671195,-0.488635018014156,0.488635018014156,1.44107265975683,-1.44107265975683,-0.698303898577683,0.698303898577683,0.587542982972876,-0.587542982972876,-0.54516980444978,0.54516980444978,-0.196534338013149,0.196534338013149,-1.01190700658405,1.01190700658405,2.09939089593758,-2.09939089593758,-0.784673210345694,0.784673210345694,-0.929491426839675,0.929491426839675,-0.0179465384315872,0.0179465384315872,-0.240288779572394,0.240288779572394,-0.043174542494021,0.043174542494021,0.410623777583402,-0.410623777583402,-1.91055789224218,1.91055789224218,1.15969598148197,-1.15969598148197,0.0853819513859339,-0.0853819513859339,0.293642517578049,-0.293642517578049,0.0575444586057256,-0.0575444586057256,0.31424770792259,-0.31424770792259,0.689564770089101,-0.689564770089101,-0.138063726747348,0.138063726747348,1.47414886911672,-1.47414886911672,0.382984085038918,-0.382984085038918,1.06202175527072,-1.06202175527072,-0.182200608448836,0.182200608448836,-1.71236737171262,1.71236737171262,-0.565890181684591,0.565890181684591,-0.990139518974155,0.990139518974155,-2.5178770710124,2.5178770710124,-0.0336030640704207,0.0336030640704207,0.0836425117151665,-0.0836425117151665,1.21783200599101,-1.21783200599101,2.01104191810144,-2.01104191810144,-0.130545092459004,0.130545092459004,0.590962130483115,-0.590962130483115,0.0805205099188329,-0.0805205099188329,-0.293094282132655,0.293094282132655,-0.26020679458042,0.26020679458042,0.160250981947332,-0.160250981947332,0.097574847077246,-0.097574847077246,-0.783992923403151,0.783992923403151,-0.460041026492516,0.460041026492516,0.0559272451881117,-0.0559272451881117,-0.556566531558642,0.556566531558642,0.439560326867583,-0.439560326867583,1.99998236333882,-1.99998236333882,0.735852678757874,-0.735852678757874,-1.77574967739216,1.77574967739216,-1.4020548847371,1.4020548847371,0.18623875376749,-0.18623875376749,2.37838181740627,-2.37838181740627,-0.528972776816307,0.528972776816307,0.502233872166216,-0.502233872166216,0.126993494905896,-0.126993494905896,-0.935443573682895,0.935443573682895,-1.32590094434125,1.32590094434125,-1.55376973831051,1.55376973831051,-0.96653462824073,0.96653462824073,1.19376091264564,-1.19376091264564,-0.846084543231796,0.846084543231796,0.945110130116928,-0.945110130116928,-0.628431540311284,0.628431540311284,-0.00204952320186171,0.00204952320186171,0.00705755390086197,-0.00705755390086197,0.333627251657011,-0.333627251657011,-1.91363847893577,1.91363847893577,1.57523876641617,-1.57523876641617,-0.991032088936048,0.991032088936048,-0.721312365585656,0.721312365585656,2.34126307799027,-2.34126307799027,-0.698566694277361,0.698566694277361,-1.33920052527914,1.33920052527914,0.984737187706828,-0.984737187706828,-3.15949907839636,3.15949907839636,-0.816897801598394,0.816897801598394,0.349677988307302,-0.349677988307302,0.581336624611417,-0.581336624611417,-1.11086827203771,1.11086827203771,1.46365722881864,-1.46365722881864,-0.763462930529386,0.763462930529386,-0.161342297646577,0.161342297646577,0.0955782114124899,-0.0955782114124899,-1.79662937725159,1.79662937725159,0.679360190303565,-0.679360190303565,0.462615549528784,-0.462615549528784,0.218045578187383,-0.218045578187383,-0.592440376103415,0.592440376103415,-0.534339184287607,0.534339184287607,-1.02752215712013,1.02752215712013,-1.42574967422903,1.42574967422903,-0.518199011630507,0.518199011630507,1.00468549709716,-1.00468549709716,0.531377314541841,-0.531377314541841,-1.63096343602677,1.63096343602677,0.975686189520777,-0.975686189520777,0.15607425934375,-0.15607425934375,-0.568086140028905,0.568086140028905,0.260852163778704,-0.260852163778704,0.779907837268574,-0.779907837268574,-0.162344611198344,0.162344611198344,-0.575051557250588,0.575051557250588,-0.00340196053843084,0.00340196053843084,-0.19310664560355,0.19310664560355,-1.49205535282643,1.49205535282643,-0.184762867428447,0.184762867428447,-0.682990370874982,0.682990370874982,-0.741038296673435,0.741038296673435,1.35007415602116,-1.35007415602116,-0.771826579309996,0.771826579309996,0.382906644946442,-0.382906644946442,1.10786941376211,-1.10786941376211,1.86768832715281,-1.86768832715281,0.602146061312346,-0.602146061312346,1.47487624300769,-1.47487624300769,-1.0170816060576,1.0170816060576,-0.179217234253092,0.179217234253092,0.703743169706852,-0.703743169706852,-0.527228156013034,0.527228156013034,-0.674341212758499,0.674341212758499,-0.738668829169311,0.738668829169311,0.416351808017477,-0.416351808017477,-0.166612135959577,0.166612135959577,-0.807519575862202,0.807519575862202,0.396162741591254,-0.396162741591254,-0.457004407664464,0.457004407664464,1.82359236102735,-1.82359236102735,1.01273681206967,-1.01273681206967,0.420470150501548,-0.420470150501548,1.17278288468328,-1.17278288468328,1.73186790532317,-1.73186790532317,-0.121041797497068,0.121041797497068,-0.58580314666075,0.58580314666075,-0.907561204601205,0.907561204601205,0.473883094163473,-0.473883094163473,-0.991081217853511,0.991081217853511,0.592440066238382,-0.592440066238382,0.506093527816396,-0.506093527816396,0.742134038782963,-0.742134038782963,-1.03196866393768,1.03196866393768,-0.556645213799144,0.556645213799144,0.00209140678664955,-0.00209140678664955,-0.21390253512251,0.21390253512251,0.549345103778624,-0.549345103778624,0.50445898237691,-0.50445898237691,-1.14592390615997,1.14592390615997,1.28093494436764,-1.28093494436764,0.549901424894122,-0.549901424894122,0.693618378014284,-0.693618378014284,-1.29952879860308,1.29952879860308,0.0194625812094338,-0.0194625812094338,0.00864082425912165,-0.00864082425912165,0.57911821003157,-0.57911821003157,1.73021242653512,-1.73021242653512,1.09428049763239,-1.09428049763239,-0.700024173191848,0.700024173191848,-0.23784244160329,0.23784244160329,-2.35460962570304,2.35460962570304,-1.20119004894879,1.20119004894879,-0.805876927491771,0.805876927491771,1.18939382489477,-1.18939382489477,-0.08358075327206,0.08358075327206,-0.83062229487898,0.83062229487898,-0.159421252871294,0.159421252871294,-0.662741236626088,0.662741236626088,-0.39908957568027,0.39908957568027,0.393472380812995,-0.393472380812995,-1.69104412687439,1.69104412687439,1.00565607026612,-1.00565607026612,-0.470126874754104,0.470126874754104,-1.07740449219661,1.07740449219661,0.714278973719915,-0.714278973719915,1.93081105546209,-1.93081105546209,1.18926534548852,-1.18926534548852,-0.190813013203678,0.190813013203678,-0.553240971167065,0.553240971167065,0.312361817288236,-0.312361817288236,0.914752949528097,-0.914752949528097,0.536834568419719,-0.536834568419719,-0.0713372976136264,0.0713372976136264,0.455151099978528,-0.455151099978528,0.17932246545202,-0.17932246545202,0.0473932622048399,-0.0473932622048399,0.0249875417334754,-0.0249875417334754,1.33138557871385,-1.33138557871385,1.45201750676837,-1.45201750676837,-0.950943634211381,0.950943634211381,1.26766887414211,-1.26766887414211,-1.4838367019449,1.4838367019449,1.79482653996886,-1.79482653996886,0.897299063007097,-0.897299063007097,1.63826269005144,-1.63826269005144,-0.650197271477066,0.650197271477066,-0.677348776952576,0.677348776952576,1.29431200925271,-1.29431200925271,-0.886214366143904,0.886214366143904,0.0664570373052085,-0.0664570373052085,-0.657854426158931,0.657854426158931,-1.10231616938768,1.10231616938768,-1.06318589225306,1.06318589225306,0.020238110941407,-0.020238110941407,1.1479799712383,-1.1479799712383,1.53098525341647,-1.53098525341647,-0.0718404194280569,0.0718404194280569,0.515520057714908,-0.515520057714908,0.337778190631282,-0.337778190631282,-0.410372012437839,0.410372012437839,0.184287613212637,-0.184287613212637,1.3453613029066,-1.3453613029066,1.34675501322824,-1.34675501322824,-2.23094155868346,2.23094155868346,0.467285783674033,-0.467285783674033,2.20567348258114,-2.20567348258114,0.829255702480414,-0.829255702480414,-2.03972700056371,2.03972700056371,-0.115996347984128,0.115996347984128,-0.6276813816072,0.6276813816072,-0.905845427772675,0.905845427772675,-0.433464192515994,0.433464192515994,-0.373167507945247,0.373167507945247,0.0124037219288648,-0.0124037219288648,-1.01224650014348,1.01224650014348,0.211251354514646,-0.211251354514646,0.214623850847755,-0.214623850847755,-0.311540282453897,0.311540282453897,-1.00195806035409,1.00195806035409,0.582307131963723,-0.582307131963723,-0.500841626336287,0.500841626336287,-1.08597688282519,1.08597688282519,0.977156966013209,-0.977156966013209,-0.127023476887979,0.127023476887979,0.325324213681614,-0.325324213681614,-0.656824004981425,0.656824004981425,-0.720372902002076,0.720372902002076,-0.00309776899575102,0.00309776899575102,-0.508484538113857,0.508484538113857,0.432966581990961,-0.432966581990961,0.550285554703042,-0.550285554703042,1.80859295013275,-1.80859295013275,1.02985399539221,-1.02985399539221,0.859067224401341,-0.859067224401341,-0.656333411842332,0.656333411842332,0.357363081073915,-0.357363081073915,0.510280697021803,-0.510280697021803,-0.520536148085775,0.520536148085775,1.23522957583945,-1.23522957583945,-0.196587490422572,0.196587490422572,0.636697481783532,-0.636697481783532,-0.160764747044105,0.160764747044105,-1.00360289127143,1.00360289127143,1.6717067206984,-1.6717067206984,-0.0799062885544941,0.0799062885544941,-0.365616892716498,0.365616892716498,-0.646210356475251,0.646210356475251,-0.139198769673957,0.139198769673957,0.568752022656468,-0.568752022656468,1.14574906291545,-1.14574906291545,2.37234400259666,-2.37234400259666,0.625098638084815,-0.625098638084815,-0.532028176306861,0.532028176306861,-0.201259828327627,0.201259828327627,-1.27231951199607,1.27231951199607,-0.384695851340219,0.384695851340219,-0.298353681682665,0.298353681682665,1.198724755455,-1.198724755455,-0.240488286092838,0.240488286092838,0.806980651092475,-0.806980651092475,0.493114360350817,-0.493114360350817,1.77701754858263,-1.77701754858263,0.618789346277211,-0.618789346277211,-0.47665323341621,0.47665323341621,-0.19742818035382,0.19742818035382,0.109398760690649,-0.109398760690649,1.89068188199775,-1.89068188199775,-0.298927604728376,0.298927604728376,1.08970593041436,-1.08970593041436,1.23355238247448,-1.23355238247448,-0.730759930207062,0.730759930207062,0.199899982855873,-0.199899982855873,0.44286220915515,-0.44286220915515,0.483985197607835,-0.483985197607835,0.0722751835531517,-0.0722751835531517,2.18942383080376,-2.18942383080376,0.753764400243354,-0.753764400243354,0.768029760222668,-0.768029760222668,0.124080975129716,-0.124080975129716,0.00582138703649771,-0.00582138703649771,-0.0454997037062469,0.0454997037062469,2.18248364247779,-2.18248364247779,0.293460297547185,-0.293460297547185,-2.00820147448933,2.00820147448933,0.835642037939758,-0.835642037939758,0.107307070783396,-0.107307070783396,0.586961810401079,-0.586961810401079,-0.644003186614801,0.644003186614801,-0.75586165761127,0.75586165761127,1.21574840482584,-1.21574840482584,0.359889973925012,-0.359889973925012,-0.854738844625249,0.854738844625249,-0.167108475190149,0.167108475190149,0.297393070265641,-0.297393070265641,-0.988977167280417,0.988977167280417,-0.898979256372672,0.898979256372672,-0.528953999326707,0.528953999326707,-0.109128621606999,0.109128621606999,0.0407712889053611,-0.0407712889053611,0.661216130946304,-0.661216130946304,-1.15665423059976,1.15665423059976,0.800422265472579,-0.800422265472579,0.420718099524721,-0.420718099524721,0.312952492052122,-0.312952492052122,-0.2882417908708,0.2882417908708,-0.31150170419823,0.31150170419823,0.655180434781137,-0.655180434781137,-0.948296837271909,0.948296837271909,-0.17754627516309,0.17754627516309,-0.79480374658938,0.79480374658938,-2.58086006402641,2.58086006402641,1.6608061128097,-1.6608061128097,1.84350790549619,-1.84350790549619,0.921613071510779,-0.921613071510779,0.799203584507717,-0.799203584507717,0.0914274326655249,-0.0914274326655249,-0.575011679634107,0.575011679634107,-1.83010938678425,1.83010938678425,0.0520589351473751,-0.0520589351473751,-0.796863961753386,0.796863961753386,-0.7695451461215,0.7695451461215,-0.260006301700699,0.260006301700699,0.981935087751485,-0.981935087751485,2.28235896591964,-2.28235896591964,0.407651647014768,-0.407651647014768,1.69811215317285,-1.69811215317285,-0.258848884365075,0.258848884365075,0.705631133308021,-0.705631133308021,-0.279192532178324,0.279192532178324,-0.656563167104972,0.656563167104972,0.0327590418347228,-0.0327590418347228,1.07167692618505,-1.07167692618505,1.40018777867926,-1.40018777867926,0.553938120558244,-0.553938120558244,1.10621084821938,-1.10621084821938,-0.184895196291199,0.184895196291199,-1.28489020892015,1.28489020892015,-1.63369904519823,1.63369904519823,0.192568762503152,-0.192568762503152,-0.6246814311471,0.6246814311471,0.213029663355745,-0.213029663355745,0.00415608026122322,-0.00415608026122322,-0.0753186921913859,0.0753186921913859,0.834215347005378,-0.834215347005378,1.43301051337404,-1.43301051337404,-0.151948995946831,0.151948995946831,-0.162681626603981,0.162681626603981,1.78846943964921,-1.78846943964921,-0.971113105578196,0.971113105578196,-2.65499585529998,2.65499585529998,1.33058210572334,-1.33058210572334,-0.410625506337372,0.410625506337372,-1.59065315731462,1.59065315731462,-1.15614599331056,1.15614599331056,0.615215927239491,-0.615215927239491,0.288148831508053,-0.288148831508053,-0.0282098989718541,0.0282098989718541,-1.0734119233829,1.0734119233829,0.32302452970131,-0.32302452970131,0.995583487451751,-0.995583487451751,0.515168539895776,-0.515168539895776,-0.0384214710782233,0.0384214710782233,1.35678258693305,-1.35678258693305,0.499390687074205,-0.499390687074205,-0.449915138328939,0.449915138328939,-0.0264520502871033,0.0264520502871033,-0.384484504528037,0.384484504528037,-0.732493888347551,0.732493888347551,-0.860784267502362,0.860784267502362,-0.0854788265698197,0.0854788265698197,-0.0267223721631016,0.0267223721631016,-1.45296491020317,1.45296491020317,-0.867355423103332,0.867355423103332,0.841079673304917,-0.841079673304917,-0.787162714089035,0.787162714089035,-0.464034883228219,0.464034883228219,2.14817433613749,-2.14817433613749,-0.24053942937672,0.24053942937672,-0.319003086031608,0.319003086031608,-0.304202061437264,0.304202061437264,-0.504528743931795,0.504528743931795,0.490824113163424,-0.490824113163424,0.38496488828589,-0.38496488828589,-1.03742821941466,1.03742821941466,0.148526744666404,-0.148526744666404,-0.0224926550582041,0.0224926550582041,0.576388326961809,-0.576388326961809,1.08319780535768,-1.08319780535768,-0.165953699914074,0.165953699914074,-0.371718870926236,0.371718870926236,-0.978837977605308,0.978837977605308,-2.16090513601793,2.16090513601793,-0.937205473112705,0.937205473112705,-0.118927473713746,0.118927473713746,0.939436037902815,-0.939436037902815,-0.869155621352771,0.869155621352771,0.590848421888385,-0.590848421888385,-0.808792759268596,0.808792759268596,0.57978163813597,-0.57978163813597,0.494586838008282,-0.494586838008282,-0.0349180221830817,0.0349180221830817,0.199951519989362,-0.199951519989362,0.589399679142348,-0.589399679142348,-0.337987841898879,0.337987841898879,0.303683569608688,-0.303683569608688,-0.331567471760313,0.331567471760313,0.000511668642620772,-0.000511668642620772,-0.217731181269,0.217731181269,-0.147702755333136,0.147702755333136,-0.679130212385492,0.679130212385492,0.0831931989310874,-0.0831931989310874,-0.205888960745697,0.205888960745697,0.709743371727078,-0.709743371727078,-0.236124409868272,0.236124409868272,1.14221733894584,-1.14221733894584,-1.04223736558658,1.04223736558658,-0.625226402634148,0.625226402634148,-0.923935026591101,0.923935026591101,0.425122136989911,-0.425122136989911,-0.0629418941499096,0.0629418941499096,1.26161690822253,-1.26161690822253,-0.666835087807728,0.666835087807728,-1.25944356302112,1.25944356302112,-0.742775235521716,0.742775235521716,0.315317495198353,-0.315317495198353,0.36908648150664,-0.36908648150664,-0.334462472456547,0.334462472456547,-0.0656198313014628,0.0656198313014628,0.19971156870748,-0.19971156870748,0.0949451104612098,-0.0949451104612098,0.163643668245594,-0.163643668245594,1.22664207454947,-1.22664207454947,0.169903423282922,-0.169903423282922,-0.135607442623605,0.135607442623605,-0.602093755854854,0.602093755854854,-0.810678232277112,0.810678232277112,1.34445511284523,-1.34445511284523,1.70890518280004,-1.70890518280004,-0.845563693697246,0.845563693697246,0.771062774272432,-0.771062774272432,-0.423312050290397,0.423312050290397,1.11920447014998,-1.11920447014998,0.0386962944114947,-0.0386962944114947,-1.15866513513715,1.15866513513715,-1.27036338235198,1.27036338235198,1.60041675707781,-1.60041675707781,0.763094221706786,-0.763094221706786,0.260143423790769,-0.260143423790769,0.458561062207464,-0.458561062207464,0.772502918132042,-0.772502918132042,-0.983904134361402,0.983904134361402,0.809947905264516,-0.809947905264516,-0.793994905433683,0.793994905433683,-0.664350021496259,0.664350021496259,0.469371297168884,-0.469371297168884,-0.692119381274515,0.692119381274515,-0.735159105127914,0.735159105127914,0.547629980701395,-0.547629980701395,-0.975682371600375,0.975682371600375,2.15772053398119,-2.15772053398119,-0.709955279708306,0.709955279708306,-1.06029854438312,1.06029854438312,-0.831802572028165,0.831802572028165,0.14226693988674,-0.14226693988674,2.11286267728515,-2.11286267728515,1.48318598292362,-1.48318598292362,-0.0520538337654458,0.0520538337654458,0.219456912338023,-0.219456912338023,-1.56011158460275,1.56011158460275,1.06271865390136,-1.06271865390136,0.259893531709047,-0.259893531709047,0.067880337772865,-0.067880337772865,-2.12703906899713,2.12703906899713,-0.731903707142707,0.731903707142707,-0.678781149669588,0.678781149669588,-1.15737086522891,1.15737086522891,1.60502059302545,-1.60502059302545,0.897839755848891,-0.897839755848891,-0.737380893788041,0.737380893788041,-0.855896461647387,0.855896461647387,-0.173483208432585,0.173483208432585,-0.239355044373099,0.239355044373099,0.259278821219287,-0.259278821219287,-0.865685605396372,0.865685605396372,0.319880548498858,-0.319880548498858,0.637402845919376,-0.637402845919376,1.29768191332407,-1.29768191332407,0.671558622182719,-0.671558622182719,-0.0185636177017355,0.0185636177017355,-0.114703053294455,0.114703053294455,1.20131678478145,-1.20131678478145,-0.62600701011,0.62600701011,-0.410416345787836,0.410416345787836,0.611561928174904,-0.611561928174904,-0.0506731317161936,0.0506731317161936,-0.196820952592468,0.196820952592468,-1.212316855654,1.212316855654,2.05006294330112,-2.05006294330112,-1.08241874778273,1.08241874778273,0.124304634525519,-0.124304634525519,0.0232503375857802,-0.0232503375857802,2.09309545504809,-2.09309545504809,0.186382265630381,-0.186382265630381,1.26126504853223,-1.26126504853223,-0.947573848631372,0.947573848631372,-1.25015765081942,1.25015765081942,1.80853804940039,-1.80853804940039,0.218726118297301,-0.218726118297301,-1.01086583880129,1.01086583880129,2.04068400226245,-2.04068400226245,-0.0700410905880785,0.0700410905880785,2.16947178966649,-2.16947178966649,0.507477880822083,-0.507477880822083,-0.726105386743372,0.726105386743372,-1.40221573420058,1.40221573420058,1.1464575894139,-1.1464575894139,0.249981579637154,-0.249981579637154,-2.75429895429009,2.75429895429009,-0.277193807891425,0.277193807891425,-0.585899003156156,0.585899003156156,-0.506735050764172,0.506735050764172,0.304990254397196,-0.304990254397196,-1.6164200160092,1.6164200160092,-0.383568737149219,0.383568737149219,-0.596078266513263,0.596078266513263,0.0343105570304224,-0.0343105570304224,-0.0302449412534052,0.0302449412534052,-1.1782961739358,1.1782961739358,-0.608979994014917,0.608979994014917,0.0257611704841076,-0.0257611704841076,0.949927099349013,-0.949927099349013,-0.267487788479818,0.267487788479818,0.433429661443878,-0.433429661443878,0.367109525246539,-0.367109525246539,-1.04352041704554,1.04352041704554,0.644274253908197,-0.644274253908197,0.416238230400762,-0.416238230400762,1.13258396992687,-1.13258396992687,-1.78747314838627,1.78747314838627,-1.71416695958695,1.71416695958695,1.55342186597068,-1.55342186597068,1.61276127227526,-1.61276127227526,-0.437600836125136,0.437600836125136,1.05222967822386,-1.05222967822386,-0.570217931485984,0.570217931485984,0.170028116730765,-0.170028116730765,0.231217395180873,-0.231217395180873,1.54004059137772,-1.54004059137772,-0.671183021728057,0.671183021728057,1.83998083437458,-1.83998083437458,0.396402998533005,-0.396402998533005,0.361818561575399,-0.361818561575399,1.1003605950498,-1.1003605950498,1.15989584796233,-1.15989584796233,-0.545797231049132,0.545797231049132,-0.423734176718294,0.423734176718294,-0.293048271226843,0.293048271226843,-0.223530552328985,0.223530552328985,0.875994982989858,-0.875994982989858,0.950488347212176,-0.950488347212176,-0.52736166844185,0.52736166844185,1.05597323376048,-1.05597323376048,-1.76857182762709,1.76857182762709,0.921798498121752,-0.921798498121752,-0.815132131143378,0.815132131143378,0.260162321847923,-0.260162321847923,0.226148048264045,-0.226148048264045,-0.663324065869381,0.663324065869381,0.598961993639524,-0.598961993639524,-1.22691618818368,1.22691618818368,0.391231582248444,-0.391231582248444,0.701378503570671,-0.701378503570671,1.28354601042686,-1.28354601042686,0.89412573402364,-0.89412573402364,-0.347361265086382,0.347361265086382,-1.73272758787819,1.73272758787819,0.350425507747839,-0.350425507747839,-1.08108499740168,1.08108499740168,-1.56903583660979,1.56903583660979,2.18014219389809,-2.18014219389809,0.716873407894613,-0.716873407894613,-0.380506926887294,0.380506926887294,-0.0563322280447616,0.0563322280447616,1.42924365050737,-1.42924365050737,-0.246220506188508,0.246220506188508,2.98779100767239,-2.98779100767239,-1.67736810299037,1.67736810299037,-0.0927635416772579,0.0927635416772579,-0.918323815211132,0.918323815211132,0.203373573326504,-0.203373573326504,1.06500034797716,-1.06500034797716,-0.773008879075215,0.773008879075215,0.0545409622986957,-0.0545409622986957,0.181693071176186,-0.181693071176186,-1.72266318647239,1.72266318647239,0.437575766628636,-0.437575766628636,-0.254584254101437,0.254584254101437,0.0780946696379855,-0.0780946696379855,1.11532880587139,-1.11532880587139,-1.02809785640545,1.02809785640545,-0.907207716063112,0.907207716063112,1.39826458946649,-1.39826458946649,-1.75177907050852,1.75177907050852,1.00949196637811,-1.00949196637811,1.74943076483969,-1.74943076483969,0.109519751529703,-0.109519751529703,-0.96728863102376,0.96728863102376,0.212499677080476,-0.212499677080476,0.155585835940164,-0.155585835940164,-0.524979282680721,0.524979282680721,1.13407118831267,-1.13407118831267,0.696600844557037,-0.696600844557037,-1.67290176802806,1.67290176802806,-0.964831431986156,0.964831431986156,0.141709876015669,-0.141709876015669,0.665713604219499,-0.665713604219499,-0.518687689359686,0.518687689359686,-0.584338172896185,0.584338172896185,-1.47682641728741,1.47682641728741,-0.616663597666397,0.616663597666397,1.88698864943901,-1.88698864943901,0.135077862549063,-0.135077862549063,-0.197863232293816,0.197863232293816,0.000425243462086978,-0.000425243462086978,-0.290420398869382,0.290420398869382,-1.68185709906699,1.68185709906699,0.284675946113153,-0.284675946113153,-1.51869532018691,1.51869532018691,-0.615126859608447,0.615126859608447,-0.303661639782951,0.303661639782951,-0.320175529175907,0.320175529175907,-0.610257651662756,0.610257651662756,1.0616587112027,-1.0616587112027,-0.427693715373234,0.427693715373234,1.1111499189142,-1.1111499189142,0.917878590092495,-0.917878590092495,2.04285408612565,-2.04285408612565,1.01931350709216,-1.01931350709216,0.234260889134222,-0.234260889134222,0.161367515243378,-0.161367515243378,-0.534076059976878,0.534076059976878,1.19181009611645,-1.19181009611645,0.985241820483093,-0.985241820483093,0.889917466324613,-0.889917466324613,1.39470297979264,-1.39470297979264,-0.161863294862097,0.161863294862097,-0.116999215313632,0.116999215313632,0.30111723142448,-0.30111723142448,1.40976262885972,-1.40976262885972,0.120258070877045,-0.120258070877045,0.245695867192797,-0.245695867192797,-0.667278548911806,0.667278548911806,-0.418719795029672,0.418719795029672,0.292783632164452,-0.292783632164452,0.933579861840944,-0.933579861840944,-0.107222213420327,0.107222213420327,1.46802120080153,-1.46802120080153,0.677002410892956,-0.677002410892956,-0.863490026992023,0.863490026992023,0.400433258053559,-0.400433258053559,-1.62256137977304,1.62256137977304,0.972408247353187,-0.972408247353187,-0.782420127264624,0.782420127264624,-2.21300724053934,2.21300724053934,0.440952620499075,-0.440952620499075,-0.3841989713166,0.3841989713166,1.3252577228349,-1.3252577228349,0.0950205138565793,-0.0950205138565793,-1.54817977638417,1.54817977638417,1.64914526259086,-1.64914526259086,1.94914769805711,-1.94914769805711,-0.655253186407197,0.655253186407197,0.308738781812152,-0.308738781812152,0.748041079053897,-0.748041079053897,0.139242656220753,-0.139242656220753,-1.55483282622085,1.55483282622085,0.193513468941149,-0.193513468941149,0.296916875864874,-0.296916875864874,0.10158257945873,-0.10158257945873,0.129314617750037,-0.129314617750037,-1.24130297890814,1.24130297890814,0.446200282111268,-0.446200282111268,0.231003750276363,-0.231003750276363,0.0715532186224941,-0.0715532186224941,-0.59405806458885,0.59405806458885,-0.0266108096625092,0.0266108096625092,2.00253344660959,-2.00253344660959,-0.649999753191845,0.649999753191845,1.23490291245865,-1.23490291245865,-0.452242376600831,0.452242376600831,-0.125268207816822,0.125268207816822,1.60727834368625,-1.60727834368625,-0.707172333193061,0.707172333193061,-0.548058368894922,0.548058368894922,-0.462384203097997,0.462384203097997,-0.40091444746529,0.40091444746529,-0.154702973961961,0.154702973961961,0.644151636287945,-0.644151636287945,-0.124070551567206,0.124070551567206,0.518337677377862,-0.518337677377862,1.9676832353193,-1.9676832353193,2.25028024916849,-2.25028024916849,2.40678461131073,-2.40678461131073,-0.694528522004761,0.694528522004761,-0.241842828956945,0.241842828956945,-0.541493295686333,0.541493295686333,0.146586723712552,-0.146586723712552,-1.40419913981909,1.40419913981909,-0.077561896989921,0.077561896989921,-0.08286591296968,0.08286591296968,0.804341318176503,-0.804341318176503,0.135202974286785,-0.135202974286785,-0.180460737686428,0.180460737686428,0.099018497584695,-0.099018497584695,1.28013390950712,-1.28013390950712,-0.123827772308887,0.123827772308887,-0.137955593524684,0.137955593524684,-1.16288738511112,1.16288738511112,1.36598949776722,-1.36598949776722,1.22143130091513,-1.22143130091513,-0.874202256078598,0.874202256078598,0.299134506604942,-0.299134506604942,1.28279693813145,-1.28279693813145,-0.187406870314119,0.187406870314119,0.13180570853559,-0.13180570853559,1.8485092977042,-1.8485092977042,-0.638190052000418,0.638190052000418,-0.10260155730546,0.10260155730546,0.00562340693043434,-0.00562340693043434,-0.954827647040884,0.954827647040884,1.82493955584535,-1.82493955584535,1.09674163675009,-1.09674163675009,0.880069145354667,-0.880069145354667,0.745111325873542,-0.745111325873542,1.73857149864912,-1.73857149864912,1.45601292489952,-1.45601292489952,0.0255668254042078,-0.0255668254042078,0.49590156121186,-0.49590156121186,0.341577051898936,-0.341577051898936,1.1886943121946,-1.1886943121946,-0.0820904588603511,0.0820904588603511,-1.21756592476443,1.21756592476443,1.0266690610734,-1.0266690610734,-1.05688089669368,1.05688089669368,-0.208978292531051,0.208978292531051,-0.437665474079041,0.437665474079041,-1.62706935441317,1.62706935441317,-0.311527792421773,0.311527792421773,2.97334809772328,-2.97334809772328,-1.21001443540915,1.21001443540915,0.183829307431356,-0.183829307431356,-0.658141821627454,0.658141821627454,0.34106812890747,-0.34106812890747,0.550238297030164,-0.550238297030164,-0.810495700479021,0.810495700479021,0.498318290825843,-0.498318290825843,-0.638780327135228,0.638780327135228,0.968444425885461,-0.968444425885461,-0.858869470324629,0.858869470324629,0.314293743755974,-0.314293743755974,-0.0854822217391213,0.0854822217391213,1.31411843376815,-1.31411843376815,-0.184667019783137,0.184667019783137,0.293726263432258,-0.293726263432258,1.16640666543922,-1.16640666543922,0.923925072961857,-0.923925072961857,0.149406709652828,-0.149406709652828,0.206005150766545,-0.206005150766545,-0.333692286234775,0.333692286234775,0.618701283497627,-0.618701283497627,-1.71639421680612,1.71639421680612,-0.824498235754688,0.824498235754688,-0.160711363981318,0.160711363981318,0.528745955376042,-0.528745955376042,-1.50992703281221,1.50992703281221,1.60002214866514,-1.60002214866514,-0.44981503338837,0.44981503338837,-1.70737655049672,1.70737655049672,-0.00660621857399071,0.00660621857399071,1.3997726589037,-1.3997726589037,0.252745331269618,-0.252745331269618,0.00833602918755863,-0.00833602918755863,-0.368045435647893,0.368045435647893,-0.542623584947622,0.542623584947622,-0.773443614967581,0.773443614967581,-0.469082138795829,0.469082138795829,1.58892292880707,-1.58892292880707,0.115978317884543,-0.115978317884543,0.637435600439321,-0.637435600439321,0.2990488240304,-0.2990488240304,-1.60143041756212,1.60143041756212,-1.2059619212285,1.2059619212285,0.248591663451555,-0.248591663451555,0.180175467261179,-0.180175467261179,-1.533563460344,1.533563460344,-2.1508914560973,2.1508914560973,1.38275220051466,-1.38275220051466,-0.436049936084713,0.436049936084713,0.61499990868568,-0.61499990868568,-1.87069476088546,1.87069476088546,-1.65194920368774,1.65194920368774,-0.0499041947909674,0.0499041947909674,-0.688002326723063,0.688002326723063,-1.450595484597,1.450595484597,-0.440072026020781,0.440072026020781,1.12824524653224,-1.12824524653224,-0.939486975073358,0.939486975073358,-0.760744421957679,0.760744421957679,1.50998712707113,-1.50998712707113,0.336827737485928,-0.336827737485928,-0.737553868100487,0.737553868100487,-0.952486501919803,0.952486501919803,-1.1791823438982,1.1791823438982,0.759513068612211,-0.759513068612211,1.33348529783796,-1.33348529783796,0.681591133886836,-0.681591133886836,-0.619427670771788,0.619427670771788,-0.6728577925094,0.6728577925094,0.382095921870531,-0.382095921870531,-0.874489791300826,0.874489791300826,-0.441011559873066,0.441011559873066,-1.30424259541748,1.30424259541748,0.512530126808193,-0.512530126808193,-0.412944182730224,0.412944182730224,0.216832715588309,-0.216832715588309,0.402529730054703,-0.402529730054703,-0.370129228176751,0.370129228176751,0.365946945308462,-0.365946945308462,-0.159075263295465,0.159075263295465,0.0893317470092668,-0.0893317470092668,-0.0727886630019473,0.0727886630019473,0.418030604470917,-0.418030604470917,0.326935411033879,-0.326935411033879,0.491138292446696,-0.491138292446696,0.497968809473497,-0.497968809473497,0.380735129843758,-0.380735129843758,2.32787865968862,-2.32787865968862,1.28066728525483,-1.28066728525483,0.0103957824088001,-0.0103957824088001,1.25391195061467,-1.25391195061467,0.477733720371555,-0.477733720371555,-1.62944229450285,1.62944229450285,1.51440920044669,-1.51440920044669,-1.17162812178988,1.17162812178988,0.81889584741618,-0.81889584741618,0.741343171172923,-0.741343171172923,-0.0193490428683123,0.0193490428683123,-0.457451331248843,0.457451331248843,0.190967828142248,-0.190967828142248,-0.163737318381087,0.163737318381087,-0.736347754678903,0.736347754678903,0.0685319270638865,-0.0685319270638865,0.681463293376867,-0.681463293376867,0.824216747384146,-0.824216747384146,-0.470211483692295,0.470211483692295,-0.919642962914448,0.919642962914448,0.755762614534127,-0.755762614534127,1.35154674328496,-1.35154674328496,0.657629987020412,-0.657629987020412,1.8985374778156,-1.8985374778156,0.978724466538964,-0.978724466538964,0.478769536173974,-0.478769536173974,-0.598000557055286,0.598000557055286,-0.607461563509297,0.607461563509297,0.521754050680144,-0.521754050680144,-1.04491392327146,1.04491392327146,-0.654970298782524,0.654970298782524,-0.72177362385217,0.72177362385217,0.00422809242344823,-0.00422809242344823,1.31084039922523,-1.31084039922523,-0.861923154778431,0.861923154778431,1.30219337948562,-1.30219337948562,1.57439288543902,-1.57439288543902,0.279068852269619,-0.279068852269619,-0.473103236031372,0.473103236031372,-0.591885278451165,0.591885278451165,-0.690305669530227,0.690305669530227,-1.90022458739714,1.90022458739714,-0.707974188046446,0.707974188046446,0.8697413253256,-0.8697413253256,-0.12628189941982,0.12628189941982,-0.548166590905602,0.548166590905602,0.168926126918669,-0.168926126918669,0.0315550190041414,-0.0315550190041414,0.409760450231378,-0.409760450231378,0.146806853162819,-0.146806853162819,1.32044202041172,-1.32044202041172,-0.583657356297529,0.583657356297529,1.04164626896377,-1.04164626896377,-0.764110509897743,0.764110509897743,-0.242976149356138,0.242976149356138,0.548043628148549,-0.548043628148549,0.183154676674118,-0.183154676674118,0.130587904287138,-0.130587904287138,0.904269862059088,-0.904269862059088,1.15523558426142,-1.15523558426142,1.68928861794656,-1.68928861794656,-0.108350614258367,0.108350614258367,-0.437138520762567,0.437138520762567,1.23673080471277,-1.23673080471277,-0.227263695823598,0.227263695823598,0.888355607256903,-0.888355607256903,-0.656324995211074,0.656324995211074,0.0364162832659405,-0.0364162832659405,-0.32973257850265,0.32973257850265,-0.0638828561349807,0.0638828561349807,1.33777670902249,-1.33777670902249,0.157743413886159,-0.157743413886159,0.274128038257406,-0.274128038257406,1.098154344641,-1.098154344641,2.05534939774498,-2.05534939774498,0.997848078035723,-0.997848078035723,-0.52270460182795,0.52270460182795,1.37592414043774,-1.37592414043774,-1.26666045612712,1.26666045612712,-0.0299462470579598,0.0299462470579598,-0.0613903410298693,0.0613903410298693,-0.739990621210122,0.739990621210122,-1.68740428040177,1.68740428040177,-1.41315938404423,1.41315938404423,0.119180713406658,-0.119180713406658,-0.113419509738441,0.113419509738441,0.80651727388557,-0.80651727388557,1.27241424711166,-1.27241424711166,-0.889840967234626,0.889840967234626,1.26257973146414,-1.26257973146414,1.49711800702381,-1.49711800702381,-1.78007446738397,1.78007446738397,0.0891998613922782,-0.0891998613922782,0.673924560297169,-0.673924560297169,-0.419254961953815,0.419254961953815,0.550647482875157,-0.550647482875157,-0.312453535697873,0.312453535697873,0.203893484895553,-0.203893484895553,0.582444114197604,-0.582444114197604,0.172100200480362,-0.172100200480362,-0.409566210189784,0.409566210189784,-1.40808453541271,1.40808453541271,-1.04167884851935,1.04167884851935,0.702480977533663,-0.702480977533663,0.234616547689823,-0.234616547689823,-0.753905475186902,0.753905475186902,0.212010240265854,-0.212010240265854,2.24532804439723,-2.24532804439723,0.223697499836087,-0.223697499836087,0.819360804716054,-0.819360804716054,0.437792824990835,-0.437792824990835,-0.588809612581595,0.588809612581595,0.151119563845192,-0.151119563845192,-0.442115505943337,0.442115505943337,0.601501994986831,-0.601501994986831,1.92802428994741,-1.92802428994741,-2.54774507903688,2.54774507903688,0.652126258556947,-0.652126258556947,-1.1287167625578,1.1287167625578,0.552143198981568,-0.552143198981568,1.04039769276866,-1.04039769276866,-0.479046608544657,0.479046608544657,0.206964518817319,-0.206964518817319,1.49067221854592,-1.49067221854592,-0.343058977411962,0.343058977411962,-1.45861275038162,1.45861275038162,0.588123618087757,-0.588123618087757,-0.0946562607881557,0.0946562607881557,-0.839239678749002,0.839239678749002,0.2765120251622,-0.2765120251622,-1.33386636451354,1.33386636451354,-0.057707071986225,0.057707071986225,-0.755482005721916,0.755482005721916,2.56415990873977,-2.56415990873977,1.36390817707313,-1.36390817707313,-0.324352063356609,0.324352063356609,-0.451938899341347,0.451938899341347,-0.819429658256927,0.819429658256927,0.563247725669472,-0.563247725669472,-0.556093653737664,0.556093653737664,0.243965719439711,-0.243965719439711,-0.527865447128439,0.527865447128439,-0.877884378988852,0.877884378988852,-0.202208622466904,0.202208622466904,1.44412401607509,-1.44412401607509,1.5892699229319,-1.5892699229319,-0.00366421647241586,0.00366421647241586,-0.816990389818608,0.816990389818608,-0.747308128444306,0.747308128444306,1.08881570461737,-1.08881570461737,-0.430322502580705,0.430322502580705,-1.78715499646742,1.78715499646742,-1.1909865509145,1.1909865509145,0.913939261285917,-0.913939261285917,-0.540984760641263,0.540984760641263,0.609584557701703,-0.609584557701703,0.941704720387068,-0.941704720387068,-1.44042834288625,1.44042834288625,0.842691551274018,-0.842691551274018,1.80660384578324,-1.80660384578324,-0.475410134947172,0.475410134947172,0.020759934927246,-0.020759934927246,0.428519120467919,-0.428519120467919,-0.237944577683436,0.237944577683436,-1.78592291537263,1.78592291537263,0.433672024383052,-0.433672024383052,0.00669749557662563,-0.00669749557662563,-1.21407006369833,1.21407006369833,0.641300907579519,-0.641300907579519,-0.256089355183445,0.256089355183445,-1.017831778474,1.017831778474,0.36008284262594,-0.36008284262594,1.73193971913607,-1.73193971913607,0.416284041861133,-0.416284041861133,1.54791850269739,-1.54791850269739,-0.408099878360702,0.408099878360702,0.868130163203664,-0.868130163203664,-0.425636344319264,0.425636344319264,-1.33806985086203,1.33806985086203,-0.697368069155505,0.697368069155505,0.134140863764025,-0.134140863764025,-0.320799416068743,0.320799416068743,-0.0554405092544091,0.0554405092544091,-0.111871175200519,0.111871175200519,1.78840037273762,-1.78840037273762,-1.45033615649197,1.45033615649197,-0.229618425327421,0.229618425327421,1.08581004053663,-1.08581004053663,0.314234678962481,-0.314234678962481,0.29399075370951,-0.29399075370951,0.187325777756236,-0.187325777756236,-0.710527751701687,0.710527751701687,-0.274481349151338,0.274481349151338,-0.072218669498592,0.072218669498592,-2.72600785687538,2.72600785687538,0.321057745399629,-0.321057745399629,-0.725763740411507,0.725763740411507,0.193343623671745,-0.193343623671745,-1.42755800298878,1.42755800298878,-0.0388110661530275,0.0388110661530275,-1.69421651055273,1.69421651055273,-0.232910151318255,0.232910151318255,-0.237788839442121,0.237788839442121,-0.921540717518315,0.921540717518315,0.760532453026229,-0.760532453026229,0.197511651359422,-0.197511651359422,-0.307204103034954,0.307204103034954,1.3134567176103,-1.3134567176103,0.86096658447907,-0.86096658447907,-0.0171841951569407,0.0171841951569407,-0.903354716910298,0.903354716910298,-0.263482405924695,0.263482405924695,-1.35510992788672,1.35510992788672,-0.0780258468723047,0.0780258468723047,1.44695918745804,-1.44695918745804,0.727227709937719,-0.727227709937719,-0.104975153059497,0.104975153059497,-1.17625814874403,1.17625814874403,-0.182395437486303,0.182395437486303,-0.223659328331292,0.223659328331292,1.6408089959107,-1.6408089959107,0.253835878109694,-0.253835878109694,1.5970428862042,-1.5970428862042,-1.7587381013958,1.7587381013958,1.1983657460208,-1.1983657460208,1.32777887699493,-1.32777887699493,-1.17000053308334,1.17000053308334,-1.17477251789538,1.17477251789538,-0.112455910445763,0.112455910445763,1.41068381865897,-1.41068381865897,-0.855627548396283,0.855627548396283,-0.954802542813847,0.954802542813847,-1.13767686298041,1.13767686298041,0.979593151600883,-0.979593151600883,-0.295741188866832,0.295741188866832,-1.34884265459156,1.34884265459156,-0.72859770121443,0.72859770121443,-1.0483260049872,1.0483260049872,1.25065029412847,-1.25065029412847,-1.5238254742934,1.5238254742934,-1.86432978515172,1.86432978515172,1.02130143123035,-1.02130143123035,-0.418431846275909,0.418431846275909,0.200605961668411,-0.200605961668411,0.461170449589171,-0.461170449589171,-0.81716232737351,0.81716232737351,-0.0306944104960812,0.0306944104960812,-0.968048161337527,0.968048161337527,0.621938607450925,-0.621938607450925,0.517995570205036,-0.517995570205036,1.33823672384363,-1.33823672384363,0.382007259623212,-0.382007259623212,-1.40416295509521,1.40416295509521,0.416493971243804,-0.416493971243804,-0.0795297314594629,0.0795297314594629,0.482965795256778,-0.482965795256778,-0.361966886249075,0.361966886249075,-0.906727024929196,0.906727024929196,1.24051922702445,-1.24051922702445,-1.00614970868748,1.00614970868748,-0.491553069981751,0.491553069981751,0.532173820087897,-0.532173820087897,1.13260514080645,-1.13260514080645,-0.491321502916101,0.491321502916101,-1.14410876953717,1.14410876953717,-0.923299302701313,0.923299302701313,0.237758109399551,-0.237758109399551,-0.0212927032896734,0.0212927032896734,1.4383711130664,-1.4383711130664,-0.0586949106120028,0.0586949106120028,-0.207830845384553,0.207830845384553,-0.484392598535103,0.484392598535103,-1.19079875192018,1.19079875192018,-0.851573007367352,0.851573007367352,0.661978117249215,-0.661978117249215,-0.233269206182887,0.233269206182887,-0.595353642775441,0.595353642775441,-0.0347422016619643,0.0347422016619643,1.90708863680371,-1.90708863680371,0.0886261900416158,-0.0886261900416158,1.22033088354297,-1.22033088354297,-0.756519414136314,0.756519414136314,-1.71483015015533,1.71483015015533,0.614117195442737,-0.614117195442737,1.2978677915064,-1.2978677915064,-0.0907098702800528,0.0907098702800528,-0.526160595346002,0.526160595346002,-1.50620475368344,1.50620475368344,0.358236784451909,-0.358236784451909,0.132697052608522,-0.132697052608522,-0.845144958305338,0.845144958305338,-0.429767890440552,0.429767890440552,-0.491480359578262,0.491480359578262,0.495533932031316,-0.495533932031316,1.20024527010745,-1.20024527010745,-0.363383543045277,0.363383543045277,0.609795038623193,-0.609795038623193,1.67252481240362,-1.67252481240362,0.0163469073404328,-0.0163469073404328,-1.85380590848344,1.85380590848344,0.521231810672324,-0.521231810672324,-1.40878256674175,1.40878256674175,-0.363962950873645,0.363962950873645,1.20375815084217,-1.20375815084217,-1.15346919306936,1.15346919306936,0.507534605037413,-0.507534605037413,-0.917230183106684,0.917230183106684,-0.483620299876019,0.483620299876019,0.85244514299395,-0.85244514299395,-1.4711432147969,1.4711432147969,1.65085156328916,-1.65085156328916,-0.146137597667478,0.146137597667478,-0.111178021023542,0.111178021023542,-0.134908344965005,0.134908344965005,0.796635377025847,-0.796635377025847,-0.911176378039372,0.911176378039372,0.329201475445289,-0.329201475445289,0.618000798619373,-0.618000798619373,0.947035044382028,-0.947035044382028,-0.273773873970246,0.273773873970246,0.236509146741319,-0.236509146741319,-0.15464671078374,0.15464671078374,-0.695867281934037,0.695867281934037,0.204508538175441,-0.204508538175441,-0.147230744971815,0.147230744971815,-0.431658455535266,0.431658455535266,-0.686175483311332,0.686175483311332,0.391646090625513,-0.391646090625513,-0.00186326008821934,0.00186326008821934,-0.76675849817509,0.76675849817509,1.54013419658422,-1.54013419658422,-0.115622704214241,0.115622704214241,-0.146309139960062,0.146309139960062,0.995277161045082,-0.995277161045082,1.91775122682339,-1.91775122682339,-0.911233627616044,0.911233627616044,-1.40855827010503,1.40855827010503,1.44237501613616,-1.44237501613616,1.31807394319214,-1.31807394319214,1.70828162444466,-1.70828162444466,1.69737253787722,-1.69737253787722,-0.0948062082493248,0.0948062082493248,0.852621117337407,-0.852621117337407,-0.0363313809148243,0.0363313809148243,-0.887133430522354,0.887133430522354,-0.791790372525593,0.791790372525593,-1.06317773856914,1.06317773856914,2.28961754613699,-2.28961754613699,-0.88524093875379,0.88524093875379,0.399861919746601,-0.399861919746601,1.43148234384365,-1.43148234384365,0.408736248212761,-0.408736248212761,-1.45648508440732,1.45648508440732,0.00138065492496059,-0.00138065492496059,1.75334223370623,-1.75334223370623,-1.19317946034371,1.19317946034371,0.241385876053384,-0.241385876053384,1.92730150624172,-1.92730150624172,0.639610781036258,-0.639610781036258,0.999655929326545,-0.999655929326545,2.26420060350924,-2.26420060350924,-0.299661211347066,0.299661211347066,-1.39510201205137,1.39510201205137,-1.77287562206064,1.77287562206064,-0.107635217971969,0.107635217971969,0.949195356337412,-0.949195356337412,-0.341214659790224,0.341214659790224,0.0710657090729682,-0.0710657090729682,0.340403285451267,-0.340403285451267,1.11972891201842,-1.11972891201842,-0.065960489831228,0.065960489831228,0.537109484010676,-0.537109484010676,0.371057556906039,-0.371057556906039,0.117908102674944,-0.117908102674944,2.2172562141471,-2.2172562141471,0.828111802196002,-0.828111802196002,-0.282405557415103,0.282405557415103,-0.208158291243679,0.208158291243679,0.702377146986473,-0.702377146986473,-0.0803127880166713,0.0803127880166713,-0.963677742476202,0.963677742476202,1.67049799496336,-1.67049799496336,-2.19937376352799,2.19937376352799,-0.284712230917446,0.284712230917446,-0.933368030051781,0.933368030051781,-1.43057887070212,1.43057887070212,-0.260219631334118,0.260219631334118,-0.755048632868703,0.755048632868703,-0.373784886185906,0.373784886185906,0.889549065221562,-0.889549065221562,-0.0384559969941842,0.0384559969941842,2.43757196271288,-2.43757196271288,2.56146194455852,-2.56146194455852,-1.61927540415594,1.61927540415594,-0.200511190427373,0.200511190427373,1.67064217811475,-1.67064217811475,0.039106810132364,-0.039106810132364,-0.160281258973273,0.160281258973273,-1.25028968330489,1.25028968330489,-1.33605024614439,1.33605024614439,1.87460114222386,-1.87460114222386,-0.444526406482415,0.444526406482415,-1.13779705488031,1.13779705488031,0.149557582282408,-0.149557582282408,0.780890957745305,-0.780890957745305,-1.20129625644322,1.20129625644322,-2.21561398511594,2.21561398511594,0.420771798504363,-0.420771798504363,-0.589361544779851,0.589361544779851,0.390209614407641,-0.390209614407641,0.446759292187764,-0.446759292187764,-0.0644085220307645,0.0644085220307645,1.15003252135624,-1.15003252135624,-1.24511803179762,1.24511803179762,0.218952115403353,-0.218952115403353,1.49766321195036,-1.49766321195036,0.875323146285412,-0.875323146285412,-0.566160738692833,0.566160738692833,-0.268553644333476,0.268553644333476,1.23242640149263,-1.23242640149263,0.660784532554073,-0.660784532554073,0.162446252957124,-0.162446252957124,0.691197164728083,-0.691197164728083,0.798897211464658,-0.798897211464658,1.278770613077,-1.278770613077,0.808288186363648,-0.808288186363648,-1.31508269313361,1.31508269313361,0.54087334233641,-0.54087334233641,-1.02745752791963,1.02745752791963,-0.945035898928489,0.945035898928489,-0.137705440408044,0.137705440408044,-0.5101897306627,0.5101897306627,0.442714803547309,-0.442714803547309,1.42797822779215,-1.42797822779215,0.51058593130521,-0.51058593130521,0.838226735278859,-0.838226735278859,-0.444107571588272,0.444107571588272,0.750418515079147,-0.750418515079147,-0.400564557160776,0.400564557160776,0.782003282021222,-0.782003282021222,0.287148633646269,-0.287148633646269,0.555245964660122,-0.555245964660122,0.251059108236286,-0.251059108236286,-1.50051149454928,1.50051149454928,-0.222863849434377,0.222863849434377,0.915961824172127,-0.915961824172127,1.19656972130491,-1.19656972130491,-0.956483140420233,0.956483140420233,-0.979780429622472,0.979780429622472,-1.59919771488947,1.59919771488947,0.53739029421033,-0.53739029421033,-0.217847295970446,0.217847295970446,2.31987106914203,-2.31987106914203,1.37202667371036,-1.37202667371036,0.422779778316594,-0.422779778316594,-0.115963526445518,0.115963526445518,0.684944341900796,-0.684944341900796,0.62199262637321,-0.62199262637321,0.56263438194802,-0.56263438194802,0.702391013264935,-0.702391013264935,-0.607696813844501,0.607696813844501,-3.30376592563595,3.30376592563595,0.219937832516925,-0.219937832516925,1.12735309743003,-1.12735309743003,-1.00030499960191,1.00030499960191,0.252195661981841,-0.252195661981841,0.107072790980266,-0.107072790980266,-2.11245100124271,2.11245100124271,0.871104230353964,-0.871104230353964,1.04509722255858,-1.04509722255858,-2.10546154375167,2.10546154375167,-0.380746763987147,0.380746763987147,0.262070123090736,-0.262070123090736,1.39974679389661,-1.39974679389661,1.06581903215665,-1.06581903215665,0.145261571870638,-0.145261571870638,-1.31429346815161,1.31429346815161,1.02833377101343,-1.02833377101343,0.3365909186738,-0.3365909186738,0.0224220167554861,-0.0224220167554861,0.918254533247322,-0.918254533247322,1.13459836692097,-1.13459836692097,-0.348130897912959,0.348130897912959,-1.5067522730214,1.5067522730214,-2.72014466982505,2.72014466982505,1.04799621673722,-1.04799621673722,1.06425338176385,-1.06425338176385,0.74142733113117,-0.74142733113117,0.216276705786905,-0.216276705786905,0.245147881763289,-0.245147881763289,0.0448250059982435,-0.0448250059982435,-0.528950134523232,0.528950134523232,0.65468732635283,-0.65468732635283,-0.841349659978106,0.841349659978106,0.283679696574244,-0.283679696574244,0.283030048351421,-0.283030048351421,0.660888365925659,-0.660888365925659,0.525994188199069,-0.525994188199069,-0.86906182884331,0.86906182884331,0.244164489895283,-0.244164489895283,1.73087156404369,-1.73087156404369,0.886224032559207,-0.886224032559207,0.793497487026481,-0.793497487026481,0.806324459262309,-0.806324459262309,-0.308589912685982,0.308589912685982,-0.100054165529775,0.100054165529775,-1.51575097931049,1.51575097931049,-0.145662141873299,0.145662141873299,-1.07085089184101,1.07085089184101,-0.418771116100884,0.418771116100884,0.0616568052061641,-0.0616568052061641,0.944971406695838,-0.944971406695838,1.25471447003152,-1.25471447003152,1.20115751015856,-1.20115751015856,-1.05611760035222,1.05611760035222,1.38567142944624,-1.38567142944624,-0.447862059705706,0.447862059705706,-0.887835823247367,0.887835823247367,1.29668994150239,-1.29668994150239,2.16308737312061,-2.16308737312061,-0.30432198802916,0.30432198802916,2.18191896966325,-2.18191896966325,0.265424467575581,-0.265424467575581,0.379483830514811,-0.379483830514811,1.07902681069278,-1.07902681069278,-0.359020673998358,0.359020673998358,0.0558658840214394,-0.0558658840214394,-0.695646507027652,0.695646507027652,-0.21331125942608,0.21331125942608,0.211277057067046,-0.211277057067046,-0.302359013861471,0.302359013861471,-0.309879184005689,0.309879184005689,2.02835286288349,-2.02835286288349,0.200483051546062,-0.200483051546062,0.0436673338577976,-0.0436673338577976,-0.953468969247399,0.953468969247399,0.600283202179176,-0.600283202179176,-0.5222082969129,0.5222082969129,1.18564314001266,-1.18564314001266,-0.0472114782186008,0.0472114782186008,-0.183081232896145,0.183081232896145,-0.613287529418216,0.613287529418216,-0.759501155863402,0.759501155863402,-1.89277182526227,1.89277182526227,2.9105999782009,-2.9105999782009,0.87830409430206,-0.87830409430206,-1.66637067318519,1.66637067318519,0.688490932768763,-0.688490932768763,-0.166922787578206,0.166922787578206,-0.562924173883615,0.562924173883615,0.144286794520125,-0.144286794520125,0.560349826754533,-0.560349826754533,-0.251861825455305,0.251861825455305,-1.37233893498504,1.37233893498504,0.47360701473981,-0.47360701473981,0.400587557947217,-0.400587557947217,-0.946584851108418,0.946584851108418,2.05723380414297,-2.05723380414297,0.527624263797974,-0.527624263797974,0.267271312748942,-0.267271312748942,0.057279884740893,-0.057279884740893,-0.521794735147583,0.521794735147583,0.618131365868391,-0.618131365868391,-2.6448565207979,2.6448565207979,-0.334746234491973,0.334746234491973,-0.32074937443209,0.32074937443209,1.13592825609781,-1.13592825609781,0.33358693526577,-0.33358693526577,0.207177147671318,-0.207177147671318,-0.987033121670872,0.987033121670872,0.0679444061655152,-0.0679444061655152,0.507185733799715,-0.507185733799715,-1.14327644925723,1.14327644925723,0.235151311833256,-0.235151311833256,0.0581117702747407,-0.0581117702747407,-1.04919739687771,1.04919739687771,-0.468002293771777,0.468002293771777,0.928002806165535,-0.928002806165535,-2.39408798780498,2.39408798780498,-0.523460886560345,0.523460886560345,-1.39477231338578,1.39477231338578,0.4006516809859,-0.4006516809859,-1.39463485492258,1.39463485492258,-0.326267301016522,0.326267301016522,-0.885626800706358,0.885626800706358,0.484616062687468,-0.484616062687468,0.421690606739023,-0.421690606739023,0.0221445189477158,-0.0221445189477158,-0.671897718819916,0.671897718819916,1.02243267819467,-1.02243267819467,0.342768891728155,-0.342768891728155,0.0467564816155653,-0.0467564816155653,0.994825525393001,-0.994825525393001,-0.648396894854547,0.648396894854547,-0.119001762358408,0.119001762358408,-1.35802448983832,1.35802448983832,-0.163984189471589,0.163984189471589,-0.243986989798192,0.243986989798192,0.752326001292602,-0.752326001292602,1.08734056773906,-1.08734056773906,-0.459408101360614,0.459408101360614,-1.14983891286528,1.14983891286528,1.82041433632914,-1.82041433632914,1.09122631539676,-1.09122631539676,1.07217022701267,-1.07217022701267,1.06817512903669,-1.06817512903669,-0.488685362064281,0.488685362064281,-0.0989415384891697,0.0989415384891697,0.55159877890914,-0.55159877890914,0.935448258861662,-0.935448258861662,0.714220121687214,-0.714220121687214,-0.720011803754096,0.720011803754096,-0.944789696253862,0.944789696253862,-0.333511865780217,0.333511865780217,0.783774952741389,-0.783774952741389,2.1004483106513,-2.1004483106513,2.39397383257196,-2.39397383257196,-0.249188492933093,0.249188492933093,-1.54432494356057,1.54432494356057,-1.32997916076181,1.32997916076181,-0.375951284606797,0.375951284606797,-0.442296098343432,0.442296098343432,-0.618657910312287,0.618657910312287,0.903689165331417,-0.903689165331417,0.653178744414777,-0.653178744414777,0.311614359078865,-0.311614359078865,-0.0637677626430525,0.0637677626430525,3.32457724502763,-3.32457724502763,-0.75696215710049,0.75696215710049,-0.325032980591047,0.325032980591047,0.0664336241375433,-0.0664336241375433,-1.56299034621163,1.56299034621163,0.233502746583347,-0.233502746583347,-0.898459782688958,0.898459782688958,1.11486680881251,-1.11486680881251,2.74468360419554,-2.74468360419554,-0.323422062976076,0.323422062976076,-2.78547025463329,2.78547025463329,-1.1114224836813,1.1114224836813,0.821151658724507,-0.821151658724507,1.69275754622278,-1.69275754622278,-0.754447754047555,0.754447754047555,-1.26312703318865,1.26312703318865,-0.389576570020901,0.389576570020901,-0.708777559586574,0.708777559586574,0.475219643171609,-0.475219643171609,-2.06065907473465,2.06065907473465,-0.636915557879346,0.636915557879346,0.949591781168176,-0.949591781168176,-0.0358432962010864,0.0358432962010864,0.0493976594563225,-0.0493976594563225,-1.45587619013768,1.45587619013768,0.70627594316671,-0.70627594316671,-1.0952498118383,1.0952498118383,0.703130498200816,-0.703130498200816,-0.51578867065808,0.51578867065808,-0.0777166057890785,0.0777166057890785,1.45686075609297,-1.45686075609297,-0.289414636364935,0.289414636364935,1.00665407192604,-1.00665407192604,0.985062429669822,-0.985062429669822,-1.28579587452953,1.28579587452953,-2.00775418124739,2.00775418124739,1.39298759793018,-1.39298759793018,-0.540307716154248,0.540307716154248,-0.180352325425996,0.180352325425996,-0.312702238222991,0.312702238222991,-1.32764690887685,1.32764690887685,0.580222617878072,-0.580222617878072,-0.192360666807315,0.192360666807315,1.37055309383376,-1.37055309383376,1.06397021859499,-1.06397021859499,0.379753086579961,-0.379753086579961,0.599035977253761,-0.599035977253761,0.3883746625275,-0.3883746625275,0.133420555349276,-0.133420555349276,-0.825824616145451,0.825824616145451,-1.72172899859893,1.72172899859893,0.904572238486708,-0.904572238486708,0.813199650339768,-0.813199650339768,2.00669760421414,-2.00669760421414,-0.773133089987296,0.773133089987296,0.943168870217473,-0.943168870217473,0.78163647832708,-0.78163647832708,1.79076867174349,-1.79076867174349,-1.4334623599982,1.4334623599982,1.00584422107929,-1.00584422107929,-0.225042243603694,0.225042243603694,0.43918807013951,-0.43918807013951,0.0859478255648009,-0.0859478255648009,1.08418501115507,-1.08418501115507,-0.494047107041047,0.494047107041047,-0.185578358225539,0.185578358225539,-0.561600878572315,0.561600878572315,-1.65668449565921,1.65668449565921,0.416926543468922,-0.416926543468922,-0.893287654611987,0.893287654611987,0.293200120769845,-0.293200120769845,-1.03718507899308,1.03718507899308,-0.57883140422261,0.57883140422261,-0.371981615870435,0.371981615870435,-0.45739886809861,0.45739886809861,0.531312208334278,-0.531312208334278,-0.870046087478194,0.870046087478194,-1.53403160864635,1.53403160864635,0.743531634587287,-0.743531634587287,0.355445756590647,-0.355445756590647,-0.177447375683827,0.177447375683827,1.25260772870956,-1.25260772870956,-1.57003219292932,1.57003219292932,-0.991651638008345,0.991651638008345,1.6871783800638,-1.6871783800638,0.308889738454263,-0.308889738454263,-0.59145702214043,0.59145702214043,-1.54414766923046,1.54414766923046,0.639061003331939,-0.639061003331939,-1.47682031464069,1.47682031464069,0.814324923777746,-0.814324923777746,-0.267636745332495,0.267636745332495,-2.30585000550683,2.30585000550683,-0.550280900025165,0.550280900025165,-1.40278567132036,1.40278567132036,1.28939893204748,-1.28939893204748,0.340187458880531,-0.340187458880531,-0.304502153227935,0.304502153227935,0.129990094447676,-0.129990094447676,0.459943664138007,-0.459943664138007,2.06358283767209,-2.06358283767209,-1.49919668465666,1.49919668465666,-0.0375565594030237,0.0375565594030237,0.765381789240288,-0.765381789240288,-1.21724422216767,1.21724422216767,-0.475297403915732,0.475297403915732,0.485743002055905,-0.485743002055905,-1.62190929713437,1.62190929713437,-0.507542492856859,0.507542492856859,0.784399179968275,-0.784399179968275,0.711516833873584,-0.711516833873584,0.305930546438396,-0.305930546438396,1.36359449092697,-1.36359449092697,1.94058327982917,-1.94058327982917,-0.205809758403235,0.205809758403235,-1.53318889961991,1.53318889961991,-0.357276988024826,0.357276988024826,0.0559404135183101,-0.0559404135183101,1.25246782404684,-1.25246782404684,-0.701769415526255,0.701769415526255,-1.61439777369652,1.61439777369652,-0.532141546847928,0.532141546847928,-0.86233219528974,0.86233219528974,0.498768905210426,-0.498768905210426,-1.34639041043064,1.34639041043064,0.118486478537295,-0.118486478537295,0.870769259537627,-0.870769259537627,1.32194307236873,-1.32194307236873,1.23552728080927,-1.23552728080927,0.327606806149993,-0.327606806149993,-1.28364558202331,1.28364558202331,-0.216421787906875,0.216421787906875,-0.837482686481857,0.837482686481857,-1.73591290123783,1.73591290123783,-0.961061940507282,0.961061940507282,-1.10867038468724,1.10867038468724,0.0475524680061516,-0.0475524680061516,-0.386522427132299,0.386522427132299,-0.496453296404489,0.496453296404489,-0.0632779112758474,0.0632779112758474,-0.00839028263857986,0.00839028263857986,-0.562870054567391,0.562870054567391,0.543279925225896,-0.543279925225896,-1.05686689474324,1.05686689474324,2.2976170369941,-2.2976170369941,-0.345303576335765,0.345303576335765,0.459612030847633,-0.459612030847633,-1.0262850633352,1.0262850633352,-0.383038758265834,0.383038758265834,0.783773779428984,-0.783773779428984,1.33724433750717,-1.33724433750717,0.168970139583341,-0.168970139583341,0.412661915589442,-0.412661915589442,-2.17662903262859,2.17662903262859,-0.0697933554272188,0.0697933554272188,-0.971932604476518,0.971932604476518,1.59659597635214,-1.59659597635214,1.21296798691155,-1.21296798691155,-1.37925743006002,1.37925743006002,-1.2477824676657,1.2477824676657,-0.29774860829974,0.29774860829974,0.737102605046407,-0.737102605046407,0.772537916434207,-0.772537916434207,-0.605905362235638,0.605905362235638,-0.012470581560315,0.012470581560315,-1.52492218763696,1.52492218763696,0.247349136062389,-0.247349136062389,0.691314592919536,-0.691314592919536,-1.43204679740928,1.43204679740928,0.363264906390703,-0.363264906390703,0.549246440001807,-0.549246440001807,-0.731868233375766,0.731868233375766,0.176932912288969,-0.176932912288969,0.523442991379262,-0.523442991379262,-1.03788512714477,1.03788512714477,0.866770225437819,-0.866770225437819,0.734181728467829,-0.734181728467829,2.8429241590445,-2.8429241590445,0.0775171366731947,-0.0775171366731947,2.48528158376566,-2.48528158376566,-1.53521628775388,1.53521628775388,-1.88578574785197,1.88578574785197,-0.362487086423711,0.362487086423711,0.350424251186283,-0.350424251186283,0.422543291627617,-0.422543291627617,0.286367017240414,-0.286367017240414,0.401176438175334,-0.401176438175334,0.46732226719703,-0.46732226719703,1.01379483932123,-1.01379483932123,1.57464940423047,-1.57464940423047,-0.011217289201412,0.011217289201412,-0.799244294620229,0.799244294620229,-0.0976574709847632,0.0976574709847632,1.40708865042387,-1.40708865042387,0.310628445427742,-0.310628445427742,-0.551952551532078,0.551952551532078,0.871883723587512,-0.871883723587512,-0.748724279007306,0.748724279007306,-0.430112020804559,0.430112020804559,1.12977814705266,-1.12977814705266,1.7343211328948,-1.7343211328948,0.851103315256733,-0.851103315256733,-0.708490146721653,0.708490146721653,-1.0644443789501,1.0644443789501,-0.494639961246459,0.494639961246459,0.571132055330071,-0.571132055330071,0.667979417289361,-0.667979417289361,1.60696964256279,-1.60696964256279,-0.803067327063142,0.803067327063142,-1.24328612756344,1.24328612756344,-0.605581511391742,0.605581511391742,-1.40627648320986,1.40627648320986,0.00488077574071825,-0.00488077574071825,-1.16912489530152,1.16912489530152,0.898688556876899,-0.898688556876899,-1.08388738030029,1.08388738030029,0.215891109008067,-0.215891109008067,0.350176844997803,-0.350176844997803,0.240305165429476,-0.240305165429476,-0.216483259450351,0.216483259450351,0.507144244171041,-0.507144244171041,-0.263413172279925,0.263413172279925,0.0722103741300331,-0.0722103741300331,1.278891046943,-1.278891046943,-0.354889908683369,0.354889908683369,1.49859194025047,-1.49859194025047,1.06230862650061,-1.06230862650061,2.08406157266884,-2.08406157266884,-0.0868144568304714,0.0868144568304714,-0.888626426143897,0.888626426143897,0.191823218485206,-0.191823218485206,0.312771565308532,-0.312771565308532,-0.361492121436633,0.361492121436633,0.0493336191148119,-0.0493336191148119,0.590517379079613,-0.590517379079613,1.29236741053233,-1.29236741053233,-0.461564195193138,0.461564195193138,-2.76529455681147,2.76529455681147,-0.406473600465547,0.406473600465547,-0.205209405032019,0.205209405032019,1.40416189088511,-1.40416189088511,-1.29412382962174,1.29412382962174,-0.277640697614645,0.277640697614645,0.840220476776529,-0.840220476776529,-0.295976231220584,0.295976231220584,0.719330748260819,-0.719330748260819,1.5657433919249,-1.5657433919249,-0.156595419010068,0.156595419010068,0.219175840740634,-0.219175840740634,1.10167003047991,-1.10167003047991,0.167518102980941,-0.167518102980941,0.360708171297047,-0.360708171297047,0.438571131522861,-0.438571131522861,0.0949458613165869,-0.0949458613165869,-2.25896136390604,2.25896136390604,1.64119906512627,-1.64119906512627,1.67987597017433,-1.67987597017433,1.19600179129247,-1.19600179129247,-1.90055096515473,1.90055096515473,0.571768156736815,-0.571768156736815,0.00728400089965173,-0.00728400089965173,-0.349110676553075,0.349110676553075,0.395310699205333,-0.395310699205333,-0.266725697343796,0.266725697343796,-1.70693507344022,1.70693507344022,0.663650116724097,-0.663650116724097,-0.762292776324119,0.762292776324119,-0.635685339767545,0.635685339767545,-0.0189278462808447,0.0189278462808447,0.728577788602298,-0.728577788602298,-0.298881055924267,0.298881055924267,1.2243062422942,-1.2243062422942,0.0508837011786923,-0.0508837011786923,-0.0754806995895453,0.0754806995895453,-0.757745089975985,0.757745089975985,0.995168563665926,-0.995168563665926,-0.466856542652863,0.466856542652863,0.527350706326425,-0.527350706326425,-1.21991518437129,1.21991518437129,-1.36939286246361,1.36939286246361,1.12064828578065,-1.12064828578065,-0.743278229785843,0.743278229785843,-1.47221497395874,1.47221497395874,-1.5610616023583,1.5610616023583,-0.609759352139614,0.609759352139614,-2.90017293838097,2.90017293838097,-0.650134727524567,0.650134727524567,0.986686944964325,-0.986686944964325,-0.877108742125863,0.877108742125863,0.658755577334934,-0.658755577334934,-0.727486509208914,0.727486509208914,0.447600396324984,-0.447600396324984,1.01318910098439,-1.01318910098439,-1.24746256262826,1.24746256262826,-0.9682096545557,0.9682096545557,-0.911684717388675,0.911684717388675,-0.11422316138897,0.11422316138897,0.349669552729765,-0.349669552729765,-0.36094017865792,0.36094017865792,-1.09313980609173,1.09313980609173,0.842586026360096,-0.842586026360096,0.563364331195561,-0.563364331195561,-1.79267502102301,1.79267502102301,-2.51910258263966,2.51910258263966,0.982606061236984,-0.982606061236984,0.65616013557435,-0.65616013557435,-0.702253611272835,0.702253611272835,0.75978164789155,-0.75978164789155,0.50961990472878,-0.50961990472878,-0.938554140890676,0.938554140890676,-0.317858147522189,0.317858147522189,-1.15289240892132,1.15289240892132,-0.402748300219451,0.402748300219451,-2.33895524382786,2.33895524382786,-0.230296192430967,0.230296192430967,-0.117502171771191,0.117502171771191,0.894833272435159,-0.894833272435159,0.400456050912357,-0.400456050912357,0.0321117981620757,-0.0321117981620757,-1.03135623119058,1.03135623119058,0.764333177843071,-0.764333177843071,-1.52501390341213,1.52501390341213,-1.1009525902828,1.1009525902828,0.738755360656736,-0.738755360656736,0.181551575536399,-0.181551575536399,-0.142679313492875,0.142679313492875,0.306070832773163,-0.306070832773163,0.715297689302935,-0.715297689302935,-0.760904780080785,0.760904780080785,1.53377678938809,-1.53377678938809,-0.519478178160813,0.519478178160813,-0.915750490386869,0.915750490386869,-0.350117180175086,0.350117180175086,0.714830164909436,-0.714830164909436,-0.560577550157598,0.560577550157598,0.321680201319524,-0.321680201319524,-0.178521669546112,0.178521669546112,0.918350536749654,-0.918350536749654,0.400845627217973,-0.400845627217973,-1.64857855737647,1.64857855737647,-0.35337248479011,0.35337248479011,2.43376739099947,-2.43376739099947,0.754141267020184,-0.754141267020184,-0.247251286059408,0.247251286059408,0.0989472435680908,-0.0989472435680908,0.554782250354632,-0.554782250354632,-1.66044989203103,1.66044989203103,-0.780850832939077,0.780850832939077,0.841671204001585,-0.841671204001585,0.717077064263169,-0.717077064263169,-0.20820093547175,0.20820093547175,0.110453968507488,-0.110453968507488,-0.60821714427718,0.60821714427718,-0.623908395539116,0.623908395539116,1.3663389020395,-1.3663389020395,-0.0796646664318659,0.0796646664318659,1.40688568855456,-1.40688568855456,0.223958563693672,-0.223958563693672,-1.69913224789767,1.69913224789767,-0.278125378493061,0.278125378493061,-1.79941855911972,1.79941855911972,-0.616483246525292,0.616483246525292,-0.668620437494374,0.668620437494374,-0.342225647010631,0.342225647010631,-1.74949579916959,1.74949579916959,1.10094421616167,-1.10094421616167,-0.307357781374658,0.307357781374658,0.345718447353883,-0.345718447353883,-0.799443867838977,0.799443867838977,0.207739220765165,-0.207739220765165,-1.09244085476767,1.09244085476767,-0.351861671342708,0.351861671342708,-0.66324315773241,0.66324315773241,-0.940499052738552,0.940499052738552,0.272656708583261,-0.272656708583261,0.564418374656129,-0.564418374656129,0.909342287157719,-0.909342287157719,0.376914044956118,-0.376914044956118,1.82855259281591,-1.82855259281591,1.74776562839166,-1.74776562839166,-0.0377749930554459,0.0377749930554459,1.2906536155518,-1.2906536155518,0.261559424988512,-0.261559424988512,-1.45722038513243,1.45722038513243,0.416152207381607,-0.416152207381607,-0.677494065904706,0.677494065904706,0.961022675647415,-0.961022675647415,-0.179071018737301,0.179071018737301,0.819399260669717,-0.819399260669717,1.96109563694626,-1.96109563694626,0.575152286602875,-0.575152286602875,0.339374992669021,-0.339374992669021,-0.00327118278601031,0.00327118278601031,-1.26015055373993,1.26015055373993,-0.506791672198767,0.506791672198767,-0.803060310400809,0.803060310400809,-0.381538635965505,0.381538635965505,1.12921951402078,-1.12921951402078,-1.54206334919388,1.54206334919388,0.233855582343409,-0.233855582343409,2.11743226526104,-2.11743226526104,-0.226939822855517,0.226939822855517,-0.48024978174016,0.48024978174016,1.2937118575801,-1.2937118575801,-0.254396518180985,0.254396518180985,-0.874723126500244,0.874723126500244,-1.99906201277088,1.99906201277088,-0.287643902707883,0.287643902707883,0.320836908649325,-0.320836908649325,1.07993897023842,-1.07993897023842,-0.26441704256547,0.26441704256547,0.0389809454962958,-0.0389809454962958,0.70865091865381,-0.70865091865381,2.4377242117374,-2.4377242117374,-0.501115843839748,0.501115843839748,-0.205387731388657,0.205387731388657,0.180717605035495,-0.180717605035495,-2.06158690542936,2.06158690542936,0.236820538668383,-0.236820538668383,-0.965543122782125,0.965543122782125,0.331035731814728,-0.331035731814728,-1.35120981632355,1.35120981632355,-0.482271543514184,0.482271543514184,1.38338570669934,-1.38338570669934,-0.0177325303839837,0.0177325303839837,-0.794030479476755,0.794030479476755,0.518800656317786,-0.518800656317786,-1.36023699306182,1.36023699306182,-0.126602324720369,0.126602324720369,0.172349022333164,-0.172349022333164,-0.347001283749786,0.347001283749786,-0.67609976868912,0.67609976868912,0.0520731869146733,-0.0520731869146733,0.976776562249054,-0.976776562249054,-1.13647688696474,1.13647688696474,-1.60039988507531,1.60039988507531,0.803994181940831,-0.803994181940831,-0.234002663357793,0.234002663357793,-0.346197787761201,0.346197787761201,0.491241104480145,-0.491241104480145,-0.404177751302183,0.404177751302183,0.354477302885939,-0.354477302885939,-0.902248862256686,0.902248862256686,-1.35216899053085,1.35216899053085,0.387780655709422,-0.387780655709422,0.921150869486154,-0.921150869486154,0.055465027838261,-0.055465027838261,-0.457537071006516,0.457537071006516,1.27515543287669,-1.27515543287669,-0.191725208384026,0.191725208384026,0.725276928978831,-0.725276928978831,-0.997678973630477,0.997678973630477,-3.31050200328188,3.31050200328188,-0.291671046259457,0.291671046259457,0.434868466850144,-0.434868466850144,-0.396070939923968,0.396070939923968,0.0409968004453661,-0.0409968004453661,-1.15776378306339,1.15776378306339,-0.0910079595335657,0.0910079595335657,0.0273377917484781,-0.0273377917484781,-1.68946181109055,1.68946181109055,-0.486564922141578,0.486564922141578,2.10810939606801,-2.10810939606801,1.362838984854,-1.362838984854,-0.967477127662326,0.967477127662326,2.70951552720422,-2.70951552720422,-0.32083810966372,0.32083810966372,0.615345716635998,-0.615345716635998,-0.833728227566512,0.833728227566512,2.57470022617061,-2.57470022617061,-0.598658949732983,0.598658949732983,-0.809410920647276,0.809410920647276,-0.384757069239049,0.384757069239049,-0.980945767474417,0.980945767474417,-0.806333358099444,0.806333358099444,1.84574280795827,-1.84574280795827,-1.32574741678004,1.32574741678004,-0.131783766051092,0.131783766051092,-0.94819508623279,0.94819508623279,-1.34354049315672,1.34354049315672,1.59525954347533,-1.59525954347533,1.63713871787618,-1.63713871787618,3.12253835606542,-3.12253835606542,-0.742928890410728,0.742928890410728,-1.40154975147597,1.40154975147597,2.18286593801831,-2.18286593801831,-0.553471107534846,0.553471107534846,2.11106536094572,-2.11106536094572,-0.0727937989442251,0.0727937989442251,0.859817371466396,-0.859817371466396,0.366473086955627,-0.366473086955627,0.19199584729067,-0.19199584729067,-0.649774763442791,0.649774763442791,-1.26731073555317,1.26731073555317,-1.11958978182877,1.11958978182877,-0.396938044622856,0.396938044622856,2.28292354131328,-2.28292354131328,-0.73941193816573,0.73941193816573,0.950439292795739,-0.950439292795739,-1.15385744942705,1.15385744942705,-0.923142911690761,0.923142911690761,0.551383931897209,-0.551383931897209,-0.643601387710463,0.643601387710463,-1.0915430188968,1.0915430188968,0.327211058446236,-0.327211058446236,0.224282618744975,-0.224282618744975,2.45211957181861,-2.45211957181861,0.632094639964148,-0.632094639964148,0.266760784606348,-0.266760784606348,-0.413531151731475,0.413531151731475,-0.761472120829213,0.761472120829213,-0.251418124820852,0.251418124820852,0.387127593535504,-0.387127593535504,-0.132781248548482,0.132781248548482,0.318152999352474,-0.318152999352474,1.0735612511953,-1.0735612511953,0.680064918625691,-0.680064918625691,-0.0786929561453597,0.0786929561453597,1.50313912259617,-1.50313912259617,0.0379045356432232,-0.0379045356432232,-1.78770429781225,1.78770429781225,0.886058311471751,-0.886058311471751,0.253878736058332,-0.253878736058332,-0.32150079715154,0.32150079715154,0.949402094281945,-0.949402094281945,1.38147308364459,-1.38147308364459,-0.537302727733734,0.537302727733734,-0.185284117161656,0.185284117161656,-0.417415776684952,0.417415776684952,-1.25587703810392,1.25587703810392,-0.974500268535184,0.974500268535184,0.508335868203869,-0.508335868203869,1.15055102954749,-1.15055102954749,1.06914651544614,-1.06914651544614,0.218431723686172,-0.218431723686172,0.80397851977768,-0.80397851977768,0.862258698806822,-0.862258698806822,-0.0362025405966227,0.0362025405966227,-0.696556363878343,0.696556363878343,-0.646107521316915,0.646107521316915,-0.717300005284723,0.717300005284723,-0.367341350284384,0.367341350284384,0.858204792318784,-0.858204792318784,-1.65363048275636,1.65363048275636,0.479713032024588,-0.479713032024588,-1.45528556547682,1.45528556547682,-0.192953389057826,0.192953389057826,0.875766726520849,-0.875766726520849,-2.57473290756789,2.57473290756789,0.891314856859818,-0.891314856859818,1.03711218701336,-1.03711218701336,-0.716479269092977,0.716479269092977,1.82492054575818,-1.82492054575818,-2.42946750085018,2.42946750085018,-1.13895282335056,1.13895282335056,-1.1877130017563,1.1877130017563,-0.0318304023823598,0.0318304023823598,0.871754372587827,-0.871754372587827,-0.415143568242958,0.415143568242958,-0.479143603940351,0.479143603940351,1.23837436818462,-1.23837436818462,0.456199632703284,-0.456199632703284,0.544581432457305,-0.544581432457305,-0.538271165378137,0.538271165378137,-0.494487425729226,0.494487425729226,-0.43456250255677,0.43456250255677,-0.886853211392571,0.886853211392571,0.615498708117983,-0.615498708117983,1.40780005022595,-1.40780005022595,0.0676598021876948,-0.0676598021876948,2.22376926771342,-2.22376926771342,-1.40585407126612,1.40585407126612,-0.514462329779139,0.514462329779139,-0.839153495646286,0.839153495646286,-0.135033431800829,0.135033431800829,-0.156214392940941,0.156214392940941,-0.121435549887179,0.121435549887179,1.02785812271899,-1.02785812271899,1.59138329728987,-1.59138329728987,-0.572135108011783,0.572135108011783,-0.580757873227155,0.580757873227155,1.59483155942704,-1.59483155942704,0.516536575893748,-0.516536575893748,-0.623039968525339,0.623039968525339,0.967811214167557,-0.967811214167557,-1.31663066512647,1.31663066512647,-0.426710114908208,0.426710114908208,-0.916482164239197,0.916482164239197,0.352972540209424,-0.352972540209424,-1.22703709485761,1.22703709485761,-0.489111290354045,0.489111290354045,0.80837835944204,-0.80837835944204,-1.29313736134185,1.29313736134185,-0.120743911506177,0.120743911506177,0.747454883653259,-0.747454883653259,0.134057322721475,-0.134057322721475,-0.930632107530631,0.930632107530631,-0.5544876978025,0.5544876978025,-1.00093167238229,1.00093167238229,1.52938979096996,-1.52938979096996,-0.0958358748914522,0.0958358748914522,-0.443828934817233,0.443828934817233,-0.784578156409491,0.784578156409491,-1.24859631727943,1.24859631727943,0.47653153941766,-0.47653153941766,2.07984625260604,-2.07984625260604,1.7577324604052,-1.7577324604052,-1.46031718628473,1.46031718628473,0.667576161092813,-0.667576161092813,-0.894516087698066,0.894516087698066,-1.44807739886776,1.44807739886776,0.698517443604069,-0.698517443604069,-0.632144812057746,0.632144812057746,0.813688669906565,-0.813688669906565,-0.541198947324274,0.541198947324274,0.637302835807625,-0.637302835807625,0.504903867968301,-0.504903867968301,-0.283014076946692,0.283014076946692,-0.961589044921069,0.961589044921069,-1.51277496734732,1.51277496734732,0.61892574247914,-0.61892574247914,0.516257503374409,-0.516257503374409,1.89268188181862,-1.89268188181862,0.667651765072401,-0.667651765072401,0.234339928007617,-0.234339928007617,0.0265656874761111,-0.0265656874761111,-0.117371507783683,0.117371507783683,-1.10478179800799,1.10478179800799,0.736704661224137,-0.736704661224137,0.564178567660983,-0.564178567660983,1.37842042566365,-1.37842042566365,-1.41171321448963,1.41171321448963,0.220537945016862,-0.220537945016862,1.54691308243233,-1.54691308243233,1.28358724666317,-1.28358724666317,0.116699235306901,-0.116699235306901,-0.229211308821784,0.229211308821784,-0.292093987420474,0.292093987420474,0.0946098958693171,-0.0946098958693171,-0.48871969128961,0.48871969128961,-2.90857527417892,2.90857527417892,0.107520043353011,-0.107520043353011,0.0373422043851386,-0.0373422043851386,-0.0573393191763744,0.0573393191763744,-0.529692416184494,0.529692416184494,0.216687627026951,-0.216687627026951,-1.85802625713474,1.85802625713474,-0.0747097066554574,0.0747097066554574,-0.801083809212735,0.801083809212735,-0.370565168187711,0.370565168187711,-0.124442232496453,0.124442232496453,1.60407746123676,-1.60407746123676,-0.18366583877503,0.18366583877503,-1.40292934083975,1.40292934083975,0.247593363974192,-0.247593363974192,-0.663555779397522,0.663555779397522,-0.47275786001064,0.47275786001064,-0.637173865817691,0.637173865817691,1.86801031977048,-1.86801031977048,0.775612158132987,-0.775612158132987,0.509700354920567,-0.509700354920567,1.1119556945644,-1.1119556945644,-0.186554421500883,0.186554421500883,-0.453516424856299,0.453516424856299,-0.839624417055944,0.839624417055944,1.44247620443826,-1.44247620443826,0.335899296734016,-0.335899296734016,-0.546768562858355,0.546768562858355,0.510542870279078,-0.510542870279078,0.731884476237747,-0.731884476237747,-0.113991158787684,0.113991158787684,-1.51012738796755,1.51012738796755,0.374827220584721,-0.374827220584721,-0.330018437065938,0.330018437065938,1.00892647052898,-1.00892647052898,-1.80238060218482,1.80238060218482,-1.4730999755371,1.4730999755371,0.89410388372178,-0.89410388372178,0.166044568881462,-0.166044568881462,0.0365778217715446,-0.0365778217715446,1.10714120499171,-1.10714120499171,-2.01663723001537,2.01663723001537,0.546399524363606,-0.546399524363606,-0.826455136157372,0.826455136157372,-0.0452233601302929,0.0452233601302929,0.104971093244764,-0.104971093244764,0.255602175919896,-0.255602175919896,0.485244153249144,-0.485244153249144,-0.116455491591445,0.116455491591445,0.674088860564459,-0.674088860564459,0.0982014061778224,-0.0982014061778224,-1.29503182815071,1.29503182815071,1.07610234486757,-1.07610234486757,-0.262588620336449,0.262588620336449,1.50197626299028,-1.50197626299028,-0.759327616181559,0.759327616181559,-1.05856770890678,1.05856770890678,0.377942797767377,-0.377942797767377,0.148190439724067,-0.148190439724067,-1.33976388632314,1.33976388632314,-0.236310493298207,0.236310493298207,0.192346598785752,-0.192346598785752,-0.0621278640045754,0.0621278640045754,-0.167135260090335,0.167135260090335,1.24736118841706,-1.24736118841706,-0.598566046252207,0.598566046252207,-0.622867885345243,0.622867885345243,-1.65403652767206,1.65403652767206,0.691424799579345,-0.691424799579345,-0.741555241774559,0.741555241774559,-0.844437355090279,0.844437355090279,-1.03673341778661,1.03673341778661,0.263880675140736,-0.263880675140736,-1.29186477071956,1.29186477071956,0.0457070348942435,-0.0457070348942435,-1.82506364517286,1.82506364517286,1.69627321176842,-1.69627321176842,0.728971251097665,-0.728971251097665,0.229425641568772,-0.229425641568772,-1.50632886744987,1.50632886744987,2.20916432301732,-2.20916432301732,0.173068663474322,-0.173068663474322,-1.95571501589078,1.95571501589078,0.383920400075169,-0.383920400075169,-0.497014983495869,0.497014983495869,-1.46715319470966,1.46715319470966,-0.139569024523921,0.139569024523921,-0.768998640249828,0.768998640249828,0.521129206912221,-0.521129206912221,-1.05846447916621,1.05846447916621,-0.322642038394043,0.322642038394043,0.621471689174437,-0.621471689174437,-0.385170392230382,0.385170392230382,1.53889324714993,-1.53889324714993,-0.496897663702273,0.496897663702273,2.50325156440062,-2.50325156440062,-0.995003312774554,0.995003312774554,0.369399984957397,-0.369399984957397,3.4114567888174,-3.4114567888174,0.110643917324158,-0.110643917324158,0.00890731751888637,-0.00890731751888637,0.37385928041929,-0.37385928041929,-1.08283717559977,1.08283717559977,-1.2209569268056,1.2209569268056,1.81081784669954,-1.81081784669954,-0.313908077499227,0.313908077499227,-1.12141552158149,1.12141552158149,-1.49921745423981,1.49921745423981,0.164292447810132,-0.164292447810132,2.29120745838095,-2.29120745838095,1.35767599498631,-1.35767599498631,1.93700777749565,-1.93700777749565,-0.455304347740257,0.455304347740257,-0.470400883746249,0.470400883746249,2.32063038610396,-2.32063038610396,0.698572613381772,-0.698572613381772,-1.43600966695881,1.43600966695881,1.98598892477625,-1.98598892477625,-0.0301760417479496,0.0301760417479496,1.02804412546229,-1.02804412546229,0.319061607973076,-0.319061607973076,0.719906829524046,-0.719906829524046,0.962782495202854,-0.962782495202854,0.0931839427679483,-0.0931839427679483,1.16003771426913,-1.16003771426913,0.824528306291752,-0.824528306291752,1.83073746473331,-1.83073746473331,-0.871437673554551,0.871437673554551,0.423427083748841,-0.423427083748841,-2.61708646784889,2.61708646784889,1.33016521272268,-1.33016521272268,-0.495674408467395,0.495674408467395,-0.152046053113719,0.152046053113719,0.128674971205214,-0.128674971205214,-0.952104346772185,0.952104346772185,-1.55304974902485,1.55304974902485,0.85317444682421,-0.85317444682421,-0.979992439289526,0.979992439289526,-2.01895180347429,2.01895180347429,-0.348097137292625,0.348097137292625,-0.280469655661537,0.280469655661537,0.705794754358356,-0.705794754358356,0.673521477965997,-0.673521477965997,0.368027893694235,-0.368027893694235,0.58498131802469,-0.58498131802469,0.879585622156666,-0.879585622156666,0.795065084584535,-0.795065084584535,0.491833883443299,-0.491833883443299,-0.35935232301758,0.35935232301758,1.36877600886016,-1.36877600886016,-0.238039231263076,0.238039231263076,-1.98507802026021,1.98507802026021,0.0364158046980335,-0.0364158046980335,-0.0737722493758549,0.0737722493758549,0.643532511747779,-0.643532511747779,-1.92322927632664,1.92322927632664,0.439043576870294,-0.439043576870294,0.322364255604764,-0.322364255604764,1.92454983626126,-1.92454983626126,-1.87620683811218,1.87620683811218,-0.0336373782955737,0.0336373782955737,-1.75438381785157,1.75438381785157,0.787821698863257,-0.787821698863257,-0.454411623586448,0.454411623586448,-0.565015578547777,0.565015578547777,1.48809566673592,-1.48809566673592,-1.07721808362882,1.07721808362882,2.02815427332629,-2.02815427332629,0.453124765221678,-0.453124765221678,-1.18226549013549,1.18226549013549,-0.199448216713276,0.199448216713276,-0.59202794322776,0.59202794322776,-0.976899492427356,0.976899492427356,-0.0775815306881556,0.0775815306881556,0.349029354263337,-0.349029354263337,-1.45688146949588,1.45688146949588,0.397592575800177,-0.397592575800177,-0.777330851014891,0.777330851014891,-1.13256880391166,1.13256880391166,-0.359547306301391,0.359547306301391,-0.2661158369769,0.2661158369769,1.5346410916475,-1.5346410916475,-0.261301848316282,0.261301848316282,1.0474192568066,-1.0474192568066,-0.745324764745256,0.745324764745256,-1.37121428416612,1.37121428416612,-0.572898762325157,0.572898762325157,-0.458562921382325,0.458562921382325,-0.282122683871509,0.282122683871509,0.502783591476678,-0.502783591476678,-0.0417738049434622,0.0417738049434622,1.80711104166913,-1.80711104166913,1.73667157869376,-1.73667157869376,1.56791945251091,-1.56791945251091,-0.157439286496161,0.157439286496161,-0.34630556687562,0.34630556687562,0.536846348904745,-0.536846348904745,0.252050507854808,-0.252050507854808,0.43035786761503,-0.43035786761503,1.39286408349799,-1.39286408349799,0.297177676235895,-0.297177676235895,-0.989647841586199,0.989647841586199,0.114957033597616,-0.114957033597616,-0.603167715572452,0.603167715572452,-0.0249149056045185,0.0249149056045185,0.114008846887185,-0.114008846887185,1.35271678372815,-1.35271678372815,-0.49163812432894,0.49163812432894,0.574532802502665,-0.574532802502665,1.10849361947159,-1.10849361947159,-0.393295369023561,0.393295369023561,0.760039109869701,-0.760039109869701,-0.466375433375088,0.466375433375088,-1.58081744221965,1.58081744221965,-0.633220255751495,0.633220255751495,0.491607268556699,-0.491607268556699,-0.143102359928089,0.143102359928089,-0.545151197975906,0.545151197975906,-1.22845654152797,1.22845654152797,-0.298369373049476,0.298369373049476,-0.554120725230316,0.554120725230316,0.453486667458441,-0.453486667458441,0.868999117885388,-0.868999117885388,0.438066705971617,-0.438066705971617,0.229780444273901,-0.229780444273901,1.64881865264234,-1.64881865264234,0.0515191886192701,-0.0515191886192701,1.95740962741949,-1.95740962741949,0.0526484498492693,-0.0526484498492693,2.53254386991493,-2.53254386991493,-0.562227740325115,0.562227740325115,-0.833853234282507,0.833853234282507,0.124454653266627,-0.124454653266627,0.256488075530508,-0.256488075530508,-0.361591866554852,0.361591866554852,0.522892757899209,-0.522892757899209,2.2486694346644,-2.2486694346644,0.205624233625899,-0.205624233625899,1.23370768634714,-1.23370768634714,1.31611677217482,-1.31611677217482,0.400971036038428,-0.400971036038428,-1.59804781911845,1.59804781911845,-0.667378715544031,0.667378715544031,1.5010452575544,-1.5010452575544,1.43749578084328,-1.43749578084328,0.143160859773007,-0.143160859773007,-0.461625012117421,0.461625012117421,1.13095454899352,-1.13095454899352,-0.944442461035795,0.944442461035795,-0.249708295636572,0.249708295636572,-0.447290852938979,0.447290852938979,0.681606995432667,-0.681606995432667,0.298669970539439,-0.298669970539439,-1.62811101238503,1.62811101238503,0.812221284975171,-0.812221284975171,1.65705811159167,-1.65705811159167,-1.13147643728329,1.13147643728329,0.671057040539661,-0.671057040539661,0.47118868983521,-0.47118868983521,0.737770055758629,-0.737770055758629,-0.309740269613024,0.309740269613024,-0.771693015888274,0.771693015888274,-2.68170661019642,2.68170661019642,-1.01665745528211,1.01665745528211,0.318828494014138,-0.318828494014138,-0.922466708100467,0.922466708100467,-0.876771807460874,0.876771807460874,0.312082697365759,-0.312082697365759,-0.0955301836831952,0.0955301836831952,0.0732977357760139,-0.0732977357760139,0.53405189767007,-0.53405189767007,-1.3344299292268,1.3344299292268,0.482205111075048,-0.482205111075048,0.669670745547894,-0.669670745547894,0.0491947636809607,-0.0491947636809607,-1.32746717744065,1.32746717744065,0.693695495672857,-0.693695495672857,-1.30030353529137,1.30030353529137,-0.417068610046297,0.417068610046297,0.18027635664048,-0.18027635664048,0.366850708566298,-0.366850708566298,1.73825323653953,-1.73825323653953,0.11260637962335,-0.11260637962335,-1.43821432742523,1.43821432742523,-0.0159597858986588,0.0159597858986588,0.237749660841714,-0.237749660841714,1.49389692817087,-1.49389692817087,-0.886062298856927,0.886062298856927,0.692239178688522,-0.692239178688522,0.753109861925756,-0.753109861925756,-2.16740691546724,2.16740691546724,-0.415184837749175,0.415184837749175,-0.595584325584019,0.595584325584019,-0.69591668703216,0.69591668703216,1.18445572279375,-1.18445572279375,1.30754966646425,-1.30754966646425,0.555362105063332,-0.555362105063332,-0.477686543958949,0.477686543958949,-0.621997672263659,0.621997672263659,-1.58436870530554,1.58436870530554,-2.07878805573776,2.07878805573776,1.91878954229766,-1.91878954229766,-0.596981476532369,0.596981476532369,0.579573831853487,-0.579573831853487,-0.0193039592098281,0.0193039592098281,0.636000954746009,-0.636000954746009,-0.593182139278879,0.593182139278879,-0.344457501826027,0.344457501826027,-0.42750072966473,0.42750072966473,-0.786426060509138,0.786426060509138,-1.65041973291801,1.65041973291801,-0.1469983068262,0.1469983068262,0.413921446158401,-0.413921446158401,0.0243059595297478,-0.0243059595297478,0.919953016069217,-0.919953016069217,0.610018805357675,-0.610018805357675,0.815765259210453,-0.815765259210453,-0.473137692260697,0.473137692260697,-1.30561942287085,1.30561942287085,-0.737853027148539,0.737853027148539,0.362108743771321,-0.362108743771321,-0.276153573457191,0.276153573457191,-1.942638256895,1.942638256895,1.29979305718211,-1.29979305718211,0.106521202982359,-0.106521202982359,-0.843368678578739,0.843368678578739,1.44893005408457,-1.44893005408457,0.198338128886125,-0.198338128886125,-0.745337209448867,0.745337209448867,0.314828773316453,-0.314828773316453,-0.397300712851764,0.397300712851764,1.35535536302206,-1.35535536302206,-1.24168032209786,1.24168032209786,-0.945990391922942,0.945990391922942,-1.196123257489,1.196123257489,0.00437342341642001,-0.00437342341642001,0.0532567676388369,-0.0532567676388369,-0.403594813146207,0.403594813146207,0.0714943624080813,-0.0714943624080813,-1.74257203231525,1.74257203231525,-0.249680267542573,0.249680267542573,0.07190480188196,-0.07190480188196,1.18272206930598,-1.18272206930598,0.44673406808521,-0.44673406808521,1.87333032158244,-1.87333032158244,0.656030948482176,-0.656030948482176,0.564903434826775,-0.564903434826775,1.35682152819088,-1.35682152819088,-0.179771000464509,0.179771000464509,1.0470029357089,-1.0470029357089,0.917985197565266,-0.917985197565266,-1.02348306551099,1.02348306551099,-1.17065962236612,1.17065962236612,0.466976409946204,-0.466976409946204,-0.101025334459757,0.101025334459757,1.05235025847295,-1.05235025847295,-0.286504802939307,0.286504802939307,-1.2303043038932,1.2303043038932,0.63205767832189,-0.63205767832189,-0.547263238480946,0.547263238480946,0.1460663198636,-0.1460663198636,0.282810247873017,-0.282810247873017,-0.416906823682414,0.416906823682414,0.851646928902206,-0.851646928902206,-0.781527938694816,0.781527938694816,-1.45893509665869,1.45893509665869,0.859889825138696,-0.859889825138696,-0.373207373043876,0.373207373043876,-1.61842979535422,1.61842979535422,0.419171161141938,-0.419171161141938,-0.465716856893513,0.465716856893513,0.865485049663388,-0.865485049663388,-0.073318753814816,0.073318753814816,-0.378212520656666,0.378212520656666,0.427055172190982,-0.427055172190982,-1.46531786438165,1.46531786438165,-0.424419171698902,0.424419171698902,0.554751784311024,-0.554751784311024,0.109049765293344,-0.109049765293344,0.947492183138596,-0.947492183138596,-1.85739489300049,1.85739489300049,-1.31535158851755,1.31535158851755,1.14180322086012,-1.14180322086012,-0.81429667713675,0.81429667713675,0.353407084507046,-0.353407084507046,0.12882538389619,-0.12882538389619,-0.780677464278294,0.780677464278294,-0.244799891080148,0.244799891080148,0.00449997032685195,-0.00449997032685195,0.594456540135446,-0.594456540135446,-0.123441025712463,0.123441025712463,-0.357817369915122,0.357817369915122,-0.385157909995629,0.385157909995629,-0.322234315505562,0.322234315505562,-0.560514687602367,0.560514687602367,1.18278736257134,-1.18278736257134,-0.803600024105742,0.803600024105742,0.964859378729087,-0.964859378729087,0.343176628147921,-0.343176628147921,0.354252261380526,-0.354252261380526,1.12776561127806,-1.12776561127806,-1.16232576112164,1.16232576112164,1.12175928526895,-1.12175928526895,0.00454608310082352,-0.00454608310082352,1.25299269604181,-1.25299269604181,-1.63364075275632,1.63364075275632,1.0992472807534,-1.0992472807534,-1.27472620392839,1.27472620392839,-1.25010408769835,1.25010408769835,0.326445316846884,-0.326445316846884,0.880804888382929,-0.880804888382929,1.11302827901449,-1.11302827901449,-1.21071509597422,1.21071509597422,-0.173471698125031,0.173471698125031,1.4295025822113,-1.4295025822113,-0.616880363717325,0.616880363717325,0.813277159012519,-0.813277159012519,-0.208387191462768,0.208387191462768,-0.832507948312781,0.832507948312781,-0.0392478045944573,0.0392478045944573,-0.365903710777855,0.365903710777855,0.299870681713753,-0.299870681713753,0.624543768922694,-0.624543768922694,-0.40535355202059,0.40535355202059,1.28152616957818,-1.28152616957818,-1.05655095075549,1.05655095075549,1.34595590044439,-1.34595590044439,-0.435327954916946,0.435327954916946,0.139631496484127,-0.139631496484127,-0.946175110044176,0.946175110044176,0.0377508176674052,-0.0377508176674052,-1.31969574076938,1.31969574076938,-3.38515744596238,3.38515744596238,-2.35572736509757,2.35572736509757,-0.548461931274806,0.548461931274806,0.308048828106757,-0.308048828106757,1.08173525604203,-1.08173525604203,1.12637635446895,-1.12637635446895,0.125548011202765,-0.125548011202765,-0.357308832247963,0.357308832247963,-1.97077659512301,1.97077659512301,-0.191034187991701,0.191034187991701,0.601531712578436,-0.601531712578436,-0.0803261269834446,0.0803261269834446,-0.217363625163543,0.217363625163543,0.323530294522536,-0.323530294522536,-0.0106097444897252,0.0106097444897252,1.90921958008732,-1.90921958008732,-0.78283959236651,0.78283959236651,0.595004876549151,-0.595004876549151,2.44462000697225,-2.44462000697225,-0.0750323219574015,0.0750323219574015,-0.0468288384785919,0.0468288384785919,-1.40216442906053,1.40216442906053,-1.25732380055942,1.25732380055942,1.67509271036877,-1.67509271036877,-0.0417453435679859,0.0417453435679859,0.127209556005984,-0.127209556005984,-0.885194058120652,0.885194058120652,-0.093885077418385,0.093885077418385,1.49580948444324,-1.49580948444324,0.810441488647747,-0.810441488647747,-1.77006741664575,1.77006741664575,-0.742992239252856,0.742992239252856,0.316308161444829,-0.316308161444829,0.0559122570601946,-0.0559122570601946,-0.892071284025936,0.892071284025936,1.09559962372843,-1.09559962372843,-0.548958087638694,0.548958087638694,0.497122432075146,-0.497122432075146,-0.298331591053039,0.298331591053039,-0.655137030859424,0.655137030859424,-1.39577180066382,1.39577180066382,1.50194229081333,-1.50194229081333,-0.780528234823829,0.780528234823829,0.814911972758719,-0.814911972758719,-1.29655927189695,1.29655927189695,-0.92711796127026,0.92711796127026,-0.349560394500324,0.349560394500324,-1.66881494685502,1.66881494685502,0.93290535097879,-0.93290535097879,-1.33684968943294,1.33684968943294,-1.400841063163,1.400841063163,0.392635376579288,-0.392635376579288,-1.83265534605707,1.83265534605707,0.993915743039281,-0.993915743039281,0.1899338439545,-0.1899338439545,-1.0456907617184,1.0456907617184,-0.216708805668697,0.216708805668697,1.20693722112251,-1.20693722112251,0.378641767681175,-0.378641767681175,-0.799848068406795,0.799848068406795,1.46718441261097,-1.46718441261097,0.29208961944907,-0.29208961944907,0.430636253895759,-0.430636253895759,0.667689418650555,-0.667689418650555,0.287336881756333,-0.287336881756333,-1.59704405862626,1.59704405862626,0.930682808980403,-0.930682808980403,1.30660612166119,-1.30660612166119,0.814609558544651,-0.814609558544651,-1.58797949185686,1.58797949185686,1.53160459333896,-1.53160459333896,-0.883681958564619,0.883681958564619,-0.24124368691554,0.24124368691554,1.08165661997945,-1.08165661997945,1.02482371161928,-1.02482371161928,0.0689333133287497,-0.0689333133287497,-0.837977410517038,0.837977410517038,1.09684956542038,-1.09684956542038,-0.666187366194671,0.666187366194671,1.05058693464012,-1.05058693464012,-0.496700428601173,0.496700428601173,-0.130930318240272,0.130930318240272,-0.696573929932359,0.696573929932359,1.27963967241062,-1.27963967241062,1.3570391643304,-1.3570391643304,2.29895633032132,-2.29895633032132,0.0180516422333281,-0.0180516422333281,-0.769199681663883,0.769199681663883,0.167780687232042,-0.167780687232042,-0.406291117023019,0.406291117023019,-0.746256941346523,0.746256941346523,-0.0776080931292182,0.0776080931292182,0.750919888489518,-0.750919888489518,1.10225489190737,-1.10225489190737,0.91932221851193,-0.91932221851193,-0.610802530799557,0.610802530799557,1.16220848777742,-1.16220848777742,-0.0536234524499172,0.0536234524499172,0.15923042809469,-0.15923042809469,-1.08986159531643,1.08986159531643,-1.0361341036746,1.0361341036746,-1.93064285118832,1.93064285118832,1.37208892714163,-1.37208892714163,1.01867299181944,-1.01867299181944,0.554262330352542,-0.554262330352542,0.875394199250106,-0.875394199250106,0.0772057598248617,-0.0772057598248617,0.769959587387705,-0.769959587387705,-1.28318484629309,1.28318484629309,1.55789485653737,-1.55789485653737,0.166764547697115,-0.166764547697115,0.232982698164356,-0.232982698164356,1.4451978653382,-1.4451978653382,-1.44285003788401,1.44285003788401,-0.878148028130029,0.878148028130029,-0.724709840502026,0.724709840502026,-0.793353737029547,0.793353737029547,0.385734011238607,-0.385734011238607,0.0943419288090432,-0.0943419288090432,-0.846390984468813,0.846390984468813,1.88754349019739,-1.88754349019739,-0.237973573710702,0.237973573710702,-0.436308109827789,0.436308109827789,-1.89402644891395,1.89402644891395,-0.0346414195285479,0.0346414195285479,0.332436875625207,-0.332436875625207,1.1039354391187,-1.1039354391187,-0.0946740592126682,0.0946740592126682,-2.10003019283778,2.10003019283778,-0.209164700895903,0.209164700895903,-0.908634969469977,0.908634969469977,0.705269535952092,-0.705269535952092,-0.573194350893029,0.573194350893029,0.85334738295038,-0.85334738295038,0.858849924991469,-0.858849924991469,0.623195172306454,-0.623195172306454,1.86739980307065,-1.86739980307065,-1.3567502352436,1.3567502352436,1.40002772304927,-1.40002772304927,0.0395353935871332,-0.0395353935871332,0.661236217134088,-0.661236217134088,-1.00045640782613,1.00045640782613,0.87887014787356,-0.87887014787356,-0.355999390098735,0.355999390098735,-0.939125422147661,0.939125422147661,0.760830415088331,-0.760830415088331,-0.669942151838881,0.669942151838881,-0.0469510518321137,0.0469510518321137,0.275381206145494,-0.275381206145494,1.46654179309625,-1.46654179309625,-0.815586664940492,0.815586664940492,-0.469339448601933,0.469339448601933,0.584977784610826,-0.584977784610826,-1.29155787337708,1.29155787337708,1.78671224118535,-1.78671224118535,-1.43646840044426,1.43646840044426,0.392876684643936,-0.392876684643936,-1.17246223211407,1.17246223211407,-2.00671349564989,2.00671349564989,-2.4067233276174,2.4067233276174,0.648917857324794,-0.648917857324794,-0.259438683080849,0.259438683080849,-1.09441170422974,1.09441170422974,0.294097174511289,-0.294097174511289,-1.0048814106851,1.0048814106851,0.459314248816634,-0.459314248816634,0.301329114265096,-0.301329114265096,0.727892118709692,-0.727892118709692,1.30335591050488,-1.30335591050488,0.630109247177979,-0.630109247177979,0.708620378577381,-0.708620378577381,-0.437617996111213,0.437617996111213,-0.822683612785162,0.822683612785162,0.968803946802162,-0.968803946802162,0.053805811529581,-0.053805811529581,0.367632667470393,-0.367632667470393,0.106073347487776,-0.106073347487776,1.4191825581771,-1.4191825581771,-0.656271138298725,0.656271138298725,0.300779754937922,-0.300779754937922,0.40792178502869,-0.40792178502869,1.24870559866935,-1.24870559866935,-0.216428260148359,0.216428260148359,-1.45770028115622,1.45770028115622,-0.627431692729614,0.627431692729614,1.0167731069974,-1.0167731069974,-1.4811856760655,1.4811856760655,1.47846168862281,-1.47846168862281,2.25042865656723,-2.25042865656723,-0.0392637597629692,0.0392637597629692,0.606964479465525,-0.606964479465525,-0.440180799346721,0.440180799346721,0.118915189946518,-0.118915189946518,-2.77547457575966,2.77547457575966,0.417098944514143,-0.417098944514143,0.0153929290234776,-0.0153929290234776,-0.648371255376619,0.648371255376619,-0.105612244669152,0.105612244669152,0.36883211013695,-0.36883211013695,-0.827087558042294,0.827087558042294,0.134623542319493,-0.134623542319493,-1.49644551565119,1.49644551565119,-0.192016812896602,0.192016812896602,-0.996100460318857,0.996100460318857,-0.451776076599046,0.451776076599046,-1.99622195464032,1.99622195464032,-0.643690630583471,0.643690630583471,1.55644094026074,-1.55644094026074,-2.09228049311615,2.09228049311615,-1.21515174721302,1.21515174721302,-0.92965560127789,0.92965560127789,-0.414940424128814,0.414940424128814,1.16800227349642,-1.16800227349642,-1.08256628775821,1.08256628775821,1.13252870272182,-1.13252870272182,1.18732726653116,-1.18732726653116,-0.772513053770227,0.772513053770227,-0.868694031375087,0.868694031375087,-1.29955366204625,1.29955366204625,-0.505695583374611,0.505695583374611,-0.287603313974719,0.287603313974719,-0.19531984825633,0.19531984825633,-1.48270090724547,1.48270090724547,0.434255840803271,-0.434255840803271,0.653160301381579,-0.653160301381579,0.272029340709942,-0.272029340709942,-1.85684397655861,1.85684397655861,0.582270747081063,-0.582270747081063,-0.0375965986823975,0.0375965986823975,2.17625986890457,-2.17625986890457,-1.18876436883377,1.18876436883377,0.447439375296045,-0.447439375296045,0.973167406984115,-0.973167406984115,-0.521677619704849,0.521677619704849,-0.912787821997688,0.912787821997688,-0.0198040483693131,0.0198040483693131,1.95832991464389,-1.95832991464389,0.527047998386126,-0.527047998386126,0.0152616203647539,-0.0152616203647539,-0.672932148789737,0.672932148789737,-0.192906428041181,0.192906428041181,0.224855454761657,-0.224855454761657,-1.5743372663272,1.5743372663272,0.266734233596979,-0.266734233596979,0.583739407417373,-0.583739407417373,0.970560610397637,-0.970560610397637,0.820507981606418,-0.820507981606418,2.30097810433812,-2.30097810433812,0.131947820255766,-0.131947820255766,-0.370678494129435,0.370678494129435,1.10191349093179,-1.10191349093179,0.108174838496204,-0.108174838496204,0.760466051740351,-0.760466051740351,-0.129770423145311,0.129770423145311,-0.268009914873667,0.268009914873667,-0.372108667422462,0.372108667422462,1.08938292783103,-1.08938292783103,-0.305983132817332,0.305983132817332,0.112843522757953,-0.112843522757953,-0.29376535079886,0.29376535079886,-0.829609057735407,0.829609057735407,0.879942143569413,-0.879942143569413,-2.4746025867073,2.4746025867073,1.14052054253578,-1.14052054253578,-0.279096001458495,0.279096001458495,0.620090227005674,-0.620090227005674,0.326207778957973,-0.326207778957973,0.959858211714581,-0.959858211714581,-0.834232678713442,0.834232678713442,-0.733417200791444,0.733417200791444,-0.332874242964221,0.332874242964221,-0.269103800060451,0.269103800060451,0.576275752597924,-0.576275752597924,-0.691557054425815,0.691557054425815,-1.42839924137678,1.42839924137678,2.18179010588889,-2.18179010588889,1.15036211287801,-1.15036211287801,1.84647694314632,-1.84647694314632,-0.416848850994078,0.416848850994078,0.916160758750412,-0.916160758750412,0.133179101483574,-0.133179101483574,-0.205176659363969,0.205176659363969,-0.0492706583058684,0.0492706583058684,-0.688209385833983,0.688209385833983,-1.02640147504941,1.02640147504941,-1.31384229423662,1.31384229423662,0.33424666782918,-0.33424666782918,-2.06054836657128,2.06054836657128,-0.15471937731056,0.15471937731056,-0.16793871050748,0.16793871050748,-0.537894165580219,0.537894165580219,-0.670878253087041,0.670878253087041,0.872333396291958,-0.872333396291958,-0.579322220850472,0.579322220850472,0.802966400869001,-0.802966400869001,1.01742557142549,-1.01742557142549,-1.94827557999486,1.94827557999486,-0.45250390303642,0.45250390303642,0.25694679518067,-0.25694679518067,-2.38746524207738,2.38746524207738,-0.3043807149994,0.3043807149994,0.227837625566399,-0.227837625566399,-1.35390575793747,1.35390575793747,1.84060808140662,-1.84060808140662,0.540926263968423,-0.540926263968423,-0.119282677975455,0.119282677975455,1.1197209946299,-1.1197209946299,-0.351349327488294,0.351349327488294,0.182841739820139,-0.182841739820139,2.18713436239302,-2.18713436239302,0.18167797095631,-0.18167797095631,-1.19144758343718,1.19144758343718,0.209806055631657,-0.209806055631657,-0.0277529990480436,0.0277529990480436,1.03649236734779,-1.03649236734779,-1.02644470766135,1.02644470766135,-1.15655450777721,1.15655450777721,-0.964866754497422,0.964866754497422,0.582996512132152,-0.582996512132152,0.112691114327749,-0.112691114327749,-0.760164993886188,0.760164993886188,-0.635891745546569,0.635891745546569,-0.101594387044376,0.101594387044376,0.075638741482353,-0.075638741482353,1.61292106446875,-1.61292106446875,1.16322875459309,-1.16322875459309,-0.194381432850946,0.194381432850946,1.04655636103173,-1.04655636103173,0.971006279558653,-0.971006279558653,0.56454905252421,-0.56454905252421,0.0930413420570633,-0.0930413420570633,2.0553665584175,-2.0553665584175,-1.16394921199393,1.16394921199393,-0.715157183808208,0.715157183808208,0.745925073312306,-0.745925073312306,0.706945873062894,-0.706945873062894,0.200575472311927,-0.200575472311927,0.113711730279961,-0.113711730279961,0.784956107504796,-0.784956107504796,-0.488173519260446,0.488173519260446,1.61243966145166,-1.61243966145166,1.85396895873167,-1.85396895873167,0.334936061564829,-0.334936061564829,0
0.850697696390443,-0.850697696390443,0.992016368905057,-0.992016368905057,-0.232325043092784,0.232325043092784,0.134919490439529,-0.134919490439529,-1.20438551113982,1.20438551113982,-0.512008199313383,0.512008199313383,-0.594877817718411,0.594877817718411,-1.8782913542808,1.8782913542808,-2.30314974636595,2.30314974636595,-0.193809048340544,0.193809048340544,0.14322616756692,-0.14322616756692,-2.1623486081525,2.1623486081525,0.516244461274752,-0.516244461274752,-1.82657076192566,1.82657076192566,-0.582104510410131,0.582104510410131,-1.75727194355547,1.75727194355547,1.62090640507487,-1.62090640507487,-1.09823641913469,1.09823641913469,-0.0466327427284869,0.0466327427284869,-0.161798552297124,0.161798552297124,-0.28256202075279,0.28256202075279,-0.557026213595351,0.557026213595351,-1.85461822139308,1.85461822139308,-0.213714395539094,0.213714395539094,-0.99840062459013,0.99840062459013,0.268762952623913,-0.268762952623913,0.962612077297594,-0.962612077297594,-0.0220175395174688,0.0220175395174688,-0.423780818101554,0.423780818101554,0.421481832505708,-0.421481832505708,0.503393347446612,-0.503393347446612,-0.495408208269903,0.495408208269903,-0.527494685976088,0.527494685976088,1.2898693685703,-1.2898693685703,0.654037878207268,-0.654037878207268,0.438686238670617,-0.438686238670617,-1.25735374175833,1.25735374175833,1.07547282088281,-1.07547282088281,0.788503095451617,-0.788503095451617,1.10917529223989,-1.10917529223989,1.16433106897272,-1.16433106897272,0.499645802238669,-0.499645802238669,-2.0547122636208,2.0547122636208,-0.818802972645116,0.818802972645116,1.55465852285379,-1.55465852285379,-1.77729847962038,1.77729847962038,0.750728936598984,-0.750728936598984,0.686737279140503,-0.686737279140503,-0.997784951179841,0.997784951179841,-0.318661237874248,0.318661237874248,-1.47748175227416,1.47748175227416,0.963040477351763,-0.963040477351763,-0.0218100892205046,0.0218100892205046,-1.26010176390835,1.26010176390835,-1.53078109671958,1.53078109671958,-1.07461260491358,1.07461260491358,1.82841051740532,-1.82841051740532,-0.057389346125061,0.057389346125061,0.443623984596131,-0.443623984596131,0.654623140313951,-0.654623140313951,0.396609253023356,-0.396609253023356,1.58671083872053,-1.58671083872053,-0.27115291219667,0.27115291219667,-1.51735231172973,1.51735231172973,0.521777734445695,-0.521777734445695,1.84041958306997,-1.84041958306997,-0.547950027006414,0.547950027006414,2.55021151730178,-2.55021151730178,-2.63013514899833,2.63013514899833,0.154940980928659,-0.154940980928659,1.20776178889,-1.20776178889,1.95758756838377,-1.95758756838377,0.89583774359628,-0.89583774359628,-0.118473139712077,0.118473139712077,-1.22755411139825,1.22755411139825,-0.304341481472026,0.304341481472026,0.230167292408345,-0.230167292408345,0.142539517474524,-0.142539517474524,-0.013229217414866,0.013229217414866,-0.507813789270696,0.507813789270696,1.53617464556448,-1.53617464556448,-2.25631784795938,2.25631784795938,1.05540851693703,-1.05540851693703,-0.190464291272121,0.190464291272121,0.380995897332368,-0.380995897332368,0.387725035923694,-0.387725035923694,0.509104951941301,-0.509104951941301,-1.21224376802585,1.21224376802585,0.258596549271642,-0.258596549271642,1.05807154868952,-1.05807154868952,-0.742666354940755,0.742666354940755,-0.391576083333196,0.391576083333196,0.122472246869222,-0.122472246869222,-1.71102610092791,1.71102610092791,0.909248172616485,-0.909248172616485,-0.600888317068535,0.600888317068535,-0.734446627909575,0.734446627909575,-0.789499063126288,0.789499063126288,-0.0551507623782991,0.0551507623782991,1.25736535000006,-1.25736535000006,-0.397943825744838,0.397943825744838,0.779143687210859,-0.779143687210859,0.506903247808999,-0.506903247808999,0.175320046918477,-0.175320046918477,0.141676347767865,-0.141676347767865,-0.57028906334465,0.57028906334465,0.0429245805813476,-0.0429245805813476,0.159582813565374,-0.159582813565374,-0.750065697048887,0.750065697048887,0.833160097308684,-0.833160097308684,0.474837501490281,-0.474837501490281,1.17816736926584,-1.17816736926584,1.01167986269724,-1.01167986269724,0.338820351766965,-0.338820351766965,-0.157864830104024,0.157864830104024,0.135244190743098,-0.135244190743098,0.173855954936129,-0.173855954936129,0.361805809954464,-0.361805809954464,0.614576515435325,-0.614576515435325,0.0274686770998267,-0.0274686770998267,0.248613872593267,-0.248613872593267,-0.0497689523868911,0.0497689523868911,0.215563995726275,-0.215563995726275,0.394977247232874,-0.394977247232874,1.23205147255122,-1.23205147255122,-0.608204259349765,0.608204259349765,-1.2899462393492,1.2899462393492,-0.845428873853885,0.845428873853885,0.94732633929592,-0.94732633929592,0.974409976080069,-0.974409976080069,-1.30585704680241,1.30585704680241,-1.0752430679164,1.0752430679164,-0.523772758750073,0.523772758750073,0.608314287361781,-0.608314287361781,0.466527960116415,-0.466527960116415,0.709043716724003,-0.709043716724003,-0.0339089051218224,0.0339089051218224,0.769155367585633,-0.769155367585633,1.46029232361317,-1.46029232361317,0.942484937593209,-0.942484937593209,-0.364507320677011,0.364507320677011,0.09602233090738,-0.09602233090738,0.724488626172701,-0.724488626172701,-0.560822391451326,0.560822391451326,0.31461888557952,-0.31461888557952,-0.342487894026749,0.342487894026749,0.252820606227776,-0.252820606227776,-1.0962609539045,1.0962609539045,-1.53591385469718,1.53591385469718,-0.358425690846701,0.358425690846701,0.357552817906549,-0.357552817906549,-0.297809992995143,0.297809992995143,-1.23093532616756,1.23093532616756,-0.0808200713480933,0.0808200713480933,-0.467067333385505,0.467067333385505,0.49190460181514,-0.49190460181514,-0.924161811603156,0.924161811603156,0.429012702241346,-0.429012702241346,-0.369080588249059,0.369080588249059,0.291198885746317,-0.291198885746317,2.94624837057573,-2.94624837057573,-2.46686733516413,2.46686733516413,0.343990938560594,-0.343990938560594,-1.67245324438342,1.67245324438342,-0.757382356640386,0.757382356640386,0.999217848053342,-0.999217848053342,0.276253136438645,-0.276253136438645,0.0468240778043245,-0.0468240778043245,0.829347963019683,-0.829347963019683,-1.40183341927362,1.40183341927362,-0.975966299306371,0.975966299306371,1.00724014415397,-1.00724014415397,0.758551636500297,-0.758551636500297,0.164838120619611,-0.164838120619611,0.967619961118951,-0.967619961118951,-0.726773091055789,0.726773091055789,-0.421517658335593,0.421517658335593,0.956439337933263,-0.956439337933263,1.50007553330036,-1.50007553330036,1.20474097248725,-1.20474097248725,0.51093211006497,-0.51093211006497,-1.07788032202076,1.07788032202076,0.130399967760155,-0.130399967760155,-0.819686849921635,0.819686849921635,-0.310448252269487,0.310448252269487,-1.39299992777468,1.39299992777468,0.995355827976462,-0.995355827976462,0.654285910494921,-0.654285910494921,-0.511958717460005,0.511958717460005,-0.652345673583744,0.652345673583744,-0.398463958856394,0.398463958856394,0.954147583221408,-0.954147583221408,0.929660941859387,-0.929660941859387,-0.183136401687834,0.183136401687834,0.57424614905712,-0.57424614905712,-1.08525805872122,1.08525805872122,-0.869192312935036,0.869192312935036,0.963909302296119,-0.963909302296119,-0.831390845330553,0.831390845330553,1.77314090838287,-1.77314090838287,-0.588562755087038,0.588562755087038,0.653736783987135,-0.653736783987135,-1.09619538769792,1.09619538769792,0.696630523646925,-0.696630523646925,3.02505903110828,-3.02505903110828,-1.88703151313064,1.88703151313064,0.599909389783421,-0.599909389783421,-0.181405783395692,0.181405783395692,-0.0771343659827057,0.0771343659827057,-1.12162744719751,1.12162744719751,-0.860599827260386,0.860599827260386,2.24826453436061,-2.24826453436061,0.731773515526533,-0.731773515526533,-1.42004134253059,1.42004134253059,-2.69535712227181,2.69535712227181,-0.410251589893884,0.410251589893884,-0.35203857559743,0.35203857559743,-0.676891898679499,0.676891898679499,-1.57225550445791,1.57225550445791,0.50945548723883,-0.50945548723883,-1.45613825650992,1.45613825650992,-0.189212848185968,0.189212848185968,0.810856676585685,-0.810856676585685,1.10733960272865,-1.10733960272865,0.102673924122292,-0.102673924122292,0.0285179328824662,-0.0285179328824662,0.823800037599146,-0.823800037599146,-0.0966271933743973,0.0966271933743973,-1.07633644000227,1.07633644000227,0.916876490501524,-0.916876490501524,0.714463370661044,-0.714463370661044,0.599246805356057,-0.599246805356057,0.682136258078952,-0.682136258078952,0.640173387675816,-0.640173387675816,-0.579689462794804,0.579689462794804,-0.416597412382427,0.416597412382427,-0.316619415824479,0.316619415824479,0.00827507050687567,-0.00827507050687567,0.0883687855933613,-0.0883687855933613,2.1920623465815,-2.1920623465815,-0.312165099956169,0.312165099956169,-0.434935369005862,0.434935369005862,-1.11612327923186,1.11612327923186,0.617692810922135,-0.617692810922135,-0.917910251031104,0.917910251031104,-0.951803236699365,0.951803236699365,0.0631632723636034,-0.0631632723636034,-0.437599279127579,0.437599279127579,-1.98703323078999,1.98703323078999,1.17504720476796,-1.17504720476796,0.335577643735376,-0.335577643735376,1.29686015968476,-1.29686015968476,-0.539732785273746,0.539732785273746,0.234933132169518,-0.234933132169518,0.432846351063945,-0.432846351063945,0.733846485263196,-0.733846485263196,-1.04121595954346,1.04121595954346,2.0157614049349,-2.0157614049349,1.5096493742865,-1.5096493742865,-1.04362403098333,1.04362403098333,-2.44334839527606,2.44334839527606,-0.356955209069237,0.356955209069237,1.11026054428831,-1.11026054428831,0.679376897385513,-0.679376897385513,-1.4782692535836,1.4782692535836,-0.561870348596897,0.561870348596897,-0.816723854950117,0.816723854950117,0.745396652887973,-0.745396652887973,0.612223597811008,-0.612223597811008,-0.0128177355567263,0.0128177355567263,-0.509164405995456,0.509164405995456,1.59975791213673,-1.59975791213673,0.539485119530386,-0.539485119530386,-0.426211146764324,0.426211146764324,0.901559967578702,-0.901559967578702,1.47273269626657,-1.47273269626657,-1.02112253461371,1.02112253461371,1.16192957723637,-1.16192957723637,-0.362479203477176,0.362479203477176,0.311781527720004,-0.311781527720004,-0.399446452922535,0.399446452922535,-0.926195721771113,0.926195721771113,-0.210696164838485,0.210696164838485,0.848531165597888,-0.848531165597888,-0.629124951875329,0.629124951875329,0.73120642958049,-0.73120642958049,-0.173165075158778,0.173165075158778,0.2887842890986,-0.2887842890986,0.931482824346983,-0.931482824346983,0.422806981504875,-0.422806981504875,-0.565793425596289,0.565793425596289,-0.589980977678948,0.589980977678948,1.40018410627681,-1.40018410627681,-0.105831964528871,0.105831964528871,0.184936822231751,-0.184936822231751,-1.11930181860226,1.11930181860226,-0.395984003294532,0.395984003294532,-0.667812612186811,0.667812612186811,-1.00110146605465,1.00110146605465,-0.356946163916465,0.356946163916465,1.86611550544237,-1.86611550544237,0.6086479617493,-0.6086479617493,1.43941446113122,-1.43941446113122,-0.23232960730307,0.23232960730307,-1.54694804709284,1.54694804709284,0.661347805001006,-0.661347805001006,-0.546488246688391,0.546488246688391,-0.515869801251509,0.515869801251509,0.359025376333473,-0.359025376333473,0.972595657826139,-0.972595657826139,-2.46224719573173,2.46224719573173,1.21144252227405,-1.21144252227405,0.410442663193555,-0.410442663193555,-2.08543332041912,2.08543332041912,-0.710348269984029,0.710348269984029,-0.0587144308122216,0.0587144308122216,-2.03715936284833,2.03715936284833,-0.498128238557846,0.498128238557846,0.831986701920382,-0.831986701920382,-1.13911140750788,1.13911140750788,-0.549572644135512,0.549572644135512,1.88620606304003,-1.88620606304003,1.77925788566492,-1.77925788566492,-0.542038990507166,0.542038990507166,-0.722469578226492,0.722469578226492,-0.0147850279822749,0.0147850279822749,0.643902104952052,-0.643902104952052,1.16763628325001,-1.16763628325001,0.755317222861954,-0.755317222861954,0.845724374817981,-0.845724374817981,0.823782002960706,-0.823782002960706,-0.156189627167346,0.156189627167346,0.217944604177142,-0.217944604177142,0.348504677387017,-0.348504677387017,-0.544613438053744,0.544613438053744,0.381631543633462,-0.381631543633462,1.39224133547102,-1.39224133547102,0.228360343503901,-0.228360343503901,-0.815557848511279,0.815557848511279,2.28075561385731,-2.28075561385731,0.159738045801382,-0.159738045801382,-0.567290696819996,0.567290696819996,0.61325183392231,-0.61325183392231,0.305141825013806,-0.305141825013806,-1.43229880255537,1.43229880255537,1.01177068274766,-1.01177068274766,-0.352864743102063,0.352864743102063,-0.510704155281153,0.510704155281153,-1.40882299077691,1.40882299077691,0.343282044422972,-0.343282044422972,0.515562702918973,-0.515562702918973,0.132564585485452,-0.132564585485452,-0.169481725369248,0.169481725369248,-0.989814489752956,0.989814489752956,0.821390179753341,-0.821390179753341,-0.564031209640766,0.564031209640766,-0.601620060244071,0.601620060244071,0.811481959703788,-0.811481959703788,0.470811239388911,-0.470811239388911,-0.79812079921868,0.79812079921868,-0.336228444681473,0.336228444681473,1.33365466068253,-1.33365466068253,1.32810989114501,-1.32810989114501,-0.945662050601006,0.945662050601006,1.67626907368373,-1.67626907368373,-0.762141402378175,0.762141402378175,-1.9516337537985,1.9516337537985,-0.262960113039903,0.262960113039903,0.762890476316997,-0.762890476316997,-2.10528748693782,2.10528748693782,0.477942880464514,-0.477942880464514,-0.461900396273758,0.461900396273758,-0.0321820564543688,0.0321820564543688,0.100064632720125,-0.100064632720125,-0.220670785184145,0.220670785184145,0.11212995638036,-0.11212995638036,1.11967983543625,-1.11967983543625,-0.242724536229883,0.242724536229883,-0.342696544243705,0.342696544243705,0.703367955841023,-0.703367955841023,-0.976018573015375,0.976018573015375,-0.118282182495434,0.118282182495434,0.666708942611527,-0.666708942611527,1.95713481655057,-1.95713481655057,0.458621937043648,-0.458621937043648,-1.17533071589838,1.17533071589838,0.663425684993944,-0.663425684993944,0.176492108420602,-0.176492108420602,-1.17059859321212,1.17059859321212,1.62750884244776,-1.62750884244776,0.159572537875743,-0.159572537875743,-0.978924017022641,0.978924017022641,-0.260989878338374,0.260989878338374,-0.914200697749632,0.914200697749632,1.03617622594952,-1.03617622594952,-0.459894451479825,0.459894451479825,-1.21457015611484,1.21457015611484,0.464387494588243,-0.464387494588243,-0.714145515756425,0.714145515756425,0.570785562695766,-0.570785562695766,1.18360507472305,-1.18360507472305,0.101102951891589,-0.101102951891589,-0.151318528484802,0.151318528484802,0.615018941011942,-0.615018941011942,0.194633519754342,-0.194633519754342,-1.074693317359,1.074693317359,1.24510375550728,-1.24510375550728,-0.11025425589418,0.11025425589418,-0.760694257267976,0.760694257267976,-0.985894231515565,0.985894231515565,0.0780631897448427,-0.0780631897448427,-0.998050691196305,0.998050691196305,0.936043909459262,-0.936043909459262,-0.738395568362761,0.738395568362761,-0.20966936941685,0.20966936941685,0.497809394716222,-0.497809394716222,0.0125880121278801,-0.0125880121278801,-0.240213159463282,0.240213159463282,1.74234214001593,-1.74234214001593,0.520911199606973,-0.520911199606973,0.97657289013581,-0.97657289013581,1.10193367632862,-1.10193367632862,-0.63329602645681,0.63329602645681,-1.40593578027823,1.40593578027823,1.17989065922103,-1.17989065922103,0.533149145412321,-0.533149145412321,0.517666664305814,-0.517666664305814,-0.407210758760385,0.407210758760385,1.91368452371827,-1.91368452371827,-0.842743069080746,0.842743069080746,0.222837257797914,-0.222837257797914,0.450059539803248,-0.450059539803248,-2.06848310624901,2.06848310624901,1.11630253048555,-1.11630253048555,0.486358502994015,-0.486358502994015,-0.57867003777347,0.57867003777347,0.63053114062628,-0.63053114062628,-1.27545324621274,1.27545324621274,-0.202853618784411,0.202853618784411,-0.865515254208716,0.865515254208716,-0.81172965844427,0.81172965844427,0.719852920839421,-0.719852920839421,0.482564045323743,-0.482564045323743,1.21057030592243,-1.21057030592243,-2.0162428776519,2.0162428776519,-0.932091868369255,0.932091868369255,-0.185421772806959,0.185421772806959,-0.830458403451015,0.830458403451015,0.547687895050744,-0.547687895050744,0.10287957948066,-0.10287957948066,2.16203443202891,-2.16203443202891,-0.451175130918913,0.451175130918913,-1.15156368510306,1.15156368510306,-0.576002322467179,0.576002322467179,0.75912868562017,-0.75912868562017,-0.494463234580505,0.494463234580505,-0.150651812006544,0.150651812006544,0.513266322930839,-0.513266322930839,1.80506190654302,-1.80506190654302,-0.078762605340395,0.078762605340395,1.00605747815414,-1.00605747815414,-0.174327134885602,0.174327134885602,-1.75501669996892,1.75501669996892,1.05632690396168,-1.05632690396168,-1.3513654873235,1.3513654873235,-1.11695811822576,1.11695811822576,0.799230375593067,-0.799230375593067,-1.1980928457339,1.1980928457339,0.0166927325477812,-0.0166927325477812,-1.13771627078166,1.13771627078166,-0.239322054010722,0.239322054010722,0.0563320179981538,-0.0563320179981538,0.435731516446844,-0.435731516446844,-1.07218419078702,1.07218419078702,1.02238497187566,-1.02238497187566,-0.158716682656829,0.158716682656829,0.931531441132334,-0.931531441132334,-0.591961568411287,0.591961568411287,-1.09281134786776,1.09281134786776,-0.964962642492223,0.964962642492223,-1.35906783219086,1.35906783219086,-0.103437280312617,0.103437280312617,-0.0643162881722259,0.0643162881722259,-0.175940606795829,0.175940606795829,-0.156116676327689,0.156116676327689,-2.32632587321274,2.32632587321274,-0.516377251974236,0.516377251974236,0.726925197963932,-0.726925197963932,-0.924290861169264,0.924290861169264,-1.18120793799351,1.18120793799351,1.88523777952456,-1.88523777952456,0.289683984292729,-0.289683984292729,0.662134895259521,-0.662134895259521,-2.81169961168658,2.81169961168658,-0.941563098068017,0.941563098068017,1.75106898373602,-1.75106898373602,-2.31502341027202,2.31502341027202,-0.0300464362263937,0.0300464362263937,-0.242852440259251,0.242852440259251,-0.8289529872439,0.8289529872439,0.29644606626854,-0.29644606626854,1.02784774703227,-1.02784774703227,-0.828343837719578,0.828343837719578,-0.332433473260231,0.332433473260231,-0.700202812942013,0.700202812942013,0.524654180840593,-0.524654180840593,0.559282395389784,-0.559282395389784,-0.137680307872107,0.137680307872107,0.224317363925312,-0.224317363925312,0.681937681029409,-0.681937681029409,0.398624865244449,-0.398624865244449,-1.00815768765048,1.00815768765048,0.676293282650464,-0.676293282650464,0.436779206382631,-0.436779206382631,-0.659442429472356,0.659442429472356,-2.03413618195055,2.03413618195055,-1.0221762511048,1.0221762511048,-0.225923603305925,0.225923603305925,0.77976109108701,-0.77976109108701,0.793182867574621,-0.793182867574621,0.113678662031191,-0.113678662031191,-0.36896703055927,0.36896703055927,-1.36819692091511,1.36819692091511,0.155085803346596,-0.155085803346596,0.789620341006414,-0.789620341006414,-1.15875037073807,1.15875037073807,-1.57578841479951,1.57578841479951,0.683393562164242,-0.683393562164242,1.06040705773432,-1.06040705773432,-0.0591114268743773,0.0591114268743773,-0.852007574661429,0.852007574661429,-0.389091720958155,0.389091720958155,0.833990867994104,-0.833990867994104,0.660245910206252,-0.660245910206252,1.01184949663394,-1.01184949663394,-0.975874286070665,0.975874286070665,0.500524384445228,-0.500524384445228,-0.127874018426287,0.127874018426287,-0.119317176718446,0.119317176718446,-0.650757976435396,0.650757976435396,0.440966488850886,-0.440966488850886,-0.697975479227262,0.697975479227262,-0.130940254920464,0.130940254920464,-0.292245327551159,0.292245327551159,-2.26283862901413,2.26283862901413,0.0837483815443689,-0.0837483815443689,-0.861376201585306,0.861376201585306,-0.099408959013352,0.099408959013352,0.58008762154448,-0.58008762154448,1.18542761441638,-1.18542761441638,0.125231319294556,-0.125231319294556,0.256109751671321,-0.256109751671321,0.210652973718372,-0.210652973718372,-0.268343482158583,0.268343482158583,-0.0476460350066419,0.0476460350066419,-0.734348891731709,0.734348891731709,-1.21649014944876,1.21649014944876,-0.412386039215299,0.412386039215299,0.362714843738393,-0.362714843738393,-0.196818680013137,0.196818680013137,0.666033657081134,-0.666033657081134,2.09589292005005,-2.09589292005005,0.551129996429947,-0.551129996429947,-2.50937976591752,2.50937976591752,0.580363683549586,-0.580363683549586,-1.10348369820101,1.10348369820101,-0.919229601256545,0.919229601256545,1.58602125427942,-1.58602125427942,-0.401654357284352,0.401654357284352,-1.23893393026156,1.23893393026156,0.501140529152798,-0.501140529152798,0.136707001114414,-0.136707001114414,-0.550749197337403,0.550749197337403,0.0906394614668183,-0.0906394614668183,-2.19811594958466,2.19811594958466,0.356199532173506,-0.356199532173506,0.985982948710923,-0.985982948710923,-0.513615629443946,0.513615629443946,-0.0747915284260266,0.0747915284260266,-1.21866061414232,1.21866061414232,-0.955456293710199,0.955456293710199,-0.405900974760417,0.405900974760417,-0.842646910365708,0.842646910365708,1.18805341505007,-1.18805341505007,-0.391247409786684,0.391247409786684,0.870581548733052,-0.870581548733052,1.99252109321563,-1.99252109321563,-1.36648860246516,1.36648860246516,2.39198506075649,-2.39198506075649,0.875980895560127,-0.875980895560127,0.557078301148519,-0.557078301148519,0.105367901671181,-0.105367901671181,-2.0998308933729,2.0998308933729,0.641720625245247,-0.641720625245247,-0.524033512175828,0.524033512175828,-0.38147967512023,0.38147967512023,-0.206770757938685,0.206770757938685,0.444930305051638,-0.444930305051638,1.00043088569059,-1.00043088569059,0.157311588671368,-0.157311588671368,-1.31406895835557,1.31406895835557,-1.45237352343746,1.45237352343746,-0.935500596697607,0.935500596697607,0.1993112749,-0.1993112749,0.684207146798916,-0.684207146798916,0.034054445431522,-0.034054445431522,-0.509917176768553,0.509917176768553,-0.0907708062470278,0.0907708062470278,0.238026746900915,-0.238026746900915,-1.33213753215643,1.33213753215643,0.7358519604346,-0.7358519604346,-1.07129149845548,1.07129149845548,-0.0395028474869541,0.0395028474869541,1.04455542070768,-1.04455542070768,-0.862153204817549,0.862153204817549,-0.0693570534287428,0.0693570534287428,-0.107249397435466,0.107249397435466,0.8732192130475,-0.8732192130475,1.31424505024473,-1.31424505024473,0.478238825055519,-0.478238825055519,0.704771066550845,-0.704771066550845,0.711386918599743,-0.711386918599743,-0.137940740924013,0.137940740924013,0.897779470124203,-0.897779470124203,-0.736637361777528,0.736637361777528,0.601445429535317,-0.601445429535317,-0.309333574543931,0.309333574543931,-2.2628278520271,2.2628278520271,-1.61582350747488,1.61582350747488,0.137192816575097,-0.137192816575097,-0.42230055734833,0.42230055734833,-1.00176911562305,1.00176911562305,1.0619592893811,-1.0619592893811,-0.3146990507574,0.3146990507574,0.370515361835865,-0.370515361835865,0.374464500635568,-0.374464500635568,0.424060585594284,-0.424060585594284,0.30680443550884,-0.30680443550884,0.745377532618849,-0.745377532618849,0.154052019888428,-0.154052019888428,0.246452406922525,-0.246452406922525,0.640135791063674,-0.640135791063674,-0.901282679678518,0.901282679678518,1.36980424222382,-1.36980424222382,-0.467419473085666,0.467419473085666,0.461725850183528,-0.461725850183528,-0.243273375824612,0.243273375824612,0.374454192543889,-0.374454192543889,-0.14611184090194,0.14611184090194,-0.292847267779624,0.292847267779624,0.807978882714935,-0.807978882714935,0.976612570771696,-0.976612570771696,0.0884817346045648,-0.0884817346045648,0.78792794178596,-0.78792794178596,-0.0937686312958576,0.0937686312958576,1.28644921206217,-1.28644921206217,-1.78853711973052,1.78853711973052,-1.55581056047294,1.55581056047294,-0.520536666878363,0.520536666878363,1.07531083033202,-1.07531083033202,0.45211214427349,-0.45211214427349,0.355405340485127,-0.355405340485127,-0.411606895269445,0.411606895269445,0.946719476207458,-0.946719476207458,0.24119561026209,-0.24119561026209,0.537541503585328,-0.537541503585328,0.741642484120769,-0.741642484120769,0.00986889316154247,-0.00986889316154247,0.789521636296444,-0.789521636296444,0.846736652443181,-0.846736652443181,-0.0549469624854968,0.0549469624854968,-1.17754690687396,1.17754690687396,1.01559565561677,-1.01559565561677,0.52476245555015,-0.52476245555015,-0.280424624667802,0.280424624667802,-0.194788747919457,0.194788747919457,0.435816915083469,-0.435816915083469,1.04226170743056,-1.04226170743056,0.254250819706132,-0.254250819706132,-1.66027897970022,1.66027897970022,-1.620683797455,1.620683797455,-1.07597465821066,1.07597465821066,0.266171847974743,-0.266171847974743,0.803256882781677,-0.803256882781677,-0.0283443436091067,0.0283443436091067,-1.43944195964257,1.43944195964257,0.86205763763554,-0.86205763763554,-2.1551334655703,2.1551334655703,-1.70703520572498,1.70703520572498,-0.587010573020807,0.587010573020807,1.09035205932599,-1.09035205932599,3.90640964205822,-3.90640964205822,-0.823673252787859,0.823673252787859,-0.148208907324048,0.148208907324048,1.04386879840632,-1.04386879840632,-0.45331689830758,0.45331689830758,-0.184536456862788,0.184536456862788,-1.14107054414575,1.14107054414575,-0.0283417210969237,0.0283417210969237,1.20377747469827,-1.20377747469827,-1.89784279073046,1.89784279073046,0.998290341110907,-0.998290341110907,0.324992932409058,-0.324992932409058,0.0322252888442596,-0.0322252888442596,0.648354388358635,-0.648354388358635,1.03134718968807,-1.03134718968807,0.328193753447685,-0.328193753447685,-1.37700313673966,1.37700313673966,1.86943233456428,-1.86943233456428,0.471874974490978,-0.471874974490978,1.42686776846741,-1.42686776846741,0.974874200891123,-0.974874200891123,-1.66235326683245,1.66235326683245,-0.379563169105861,0.379563169105861,0.234646893018366,-0.234646893018366,0.0351284372810928,-0.0351284372810928,-2.53102954382079,2.53102954382079,2.10083340556055,-2.10083340556055,-0.59774607068071,0.59774607068071,-1.33592588931285,1.33592588931285,0.70395052947557,-0.70395052947557,-0.0966671036565404,0.0966671036565404,-1.53586086126361,1.53586086126361,0.177129984368555,-0.177129984368555,-0.0531641930744564,0.0531641930744564,-1.37995522994156,1.37995522994156,-1.54008949834801,1.54008949834801,-0.385308869558246,0.385308869558246,-0.727870256936514,0.727870256936514,-1.09786963534625,1.09786963534625,-1.48702052708291,1.48702052708291,0.143584264499013,-0.143584264499013,1.29566970706942,-1.29566970706942,-0.888204332740019,0.888204332740019,0.670027530643957,-0.670027530643957,0.488760800617209,-0.488760800617209,-1.76887092553369,1.76887092553369,-0.261893578666543,0.261893578666543,-0.447154324426236,0.447154324426236,-0.186333906218599,0.186333906218599,-0.0838457721559119,0.0838457721559119,1.32329811346686,-1.32329811346686,-0.114316236289078,0.114316236289078,-0.0849626867576251,0.0849626867576251,-0.155979559987425,0.155979559987425,1.59663460902292,-1.59663460902292,-1.28448496732422,1.28448496732422,-0.535983670425668,0.535983670425668,-0.30317397151704,0.30317397151704,0.0229199683193638,-0.0229199683193638,0.448420249313492,-0.448420249313492,-0.174039366465392,0.174039366465392,-0.652689775934868,0.652689775934868,0.0684861995339954,-0.0684861995339954,-1.15745497770091,1.15745497770091,0.28631834003825,-0.28631834003825,0.808024032165569,-0.808024032165569,-0.158490100804474,0.158490100804474,-0.330286232469787,0.330286232469787,-0.0838722112287999,0.0838722112287999,1.12924000860605,-1.12924000860605,-1.09700003137539,1.09700003137539,-2.02764499227085,2.02764499227085,-0.254012315033757,0.254012315033757,1.21704640730962,-1.21704640730962,0.665079239190572,-0.665079239190572,0.154383930130902,-0.154383930130902,-0.314184312412765,0.314184312412765,1.33158809523679,-1.33158809523679,2.35982329502338,-2.35982329502338,-1.56855516556256,1.56855516556256,0.685271851849902,-0.685271851849902,-0.722398426291633,0.722398426291633,0.229642150506058,-0.229642150506058,-1.04799361744041,1.04799361744041,-0.347585684205116,0.347585684205116,0.664829565319979,-0.664829565319979,0.155462195024109,-0.155462195024109,-0.905521072787128,0.905521072787128,0.168310677145253,-0.168310677145253,-1.10549514352374,1.10549514352374,0.131200175229646,-0.131200175229646,-0.545326960816716,0.545326960816716,1.49242443941238,-1.49242443941238,-0.901711127487915,0.901711127487915,-0.698359959087065,0.698359959087065,0.30950773551007,-0.30950773551007,-1.53572499879736,1.53572499879736,-0.562654863700811,0.562654863700811,-0.557528061794983,0.557528061794983,0.0449679854011006,-0.0449679854011006,1.17508009611313,-1.17508009611313,-1.17650789465454,1.17650789465454,-1.36783033329649,1.36783033329649,0.19631988678486,-0.19631988678486,1.55180395808727,-1.55180395808727,-0.0344870894165383,0.0344870894165383,-0.292763441446476,0.292763441446476,1.58679258538888,-1.58679258538888,-0.824526444090108,0.824526444090108,-0.168958606756989,0.168958606756989,0.193718033436347,-0.193718033436347,-1.619889685045,1.619889685045,0.265975584542623,-0.265975584542623,-0.291639612995794,0.291639612995794,1.53297264895754,-1.53297264895754,-2.10443699926899,2.10443699926899,-0.707262963946785,0.707262963946785,-0.968778770276458,0.968778770276458,-0.734081687486356,0.734081687486356,0.0170144981673392,-0.0170144981673392,1.65881487102844,-1.65881487102844,0.543242527487142,-0.543242527487142,0.467148421056079,-0.467148421056079,1.56747687571888,-1.56747687571888,0.345695589378979,-0.345695589378979,-0.720644019110046,0.720644019110046,-0.266221816395682,0.266221816395682,0.828149874606176,-0.828149874606176,0.942570418966756,-0.942570418966756,-0.362253242307261,0.362253242307261,0.315753068513871,-0.315753068513871,-1.93028496339052,1.93028496339052,-0.0740301595098512,0.0740301595098512,-0.633725182903626,0.633725182903626,1.58863432099248,-1.58863432099248,0.727468375784433,-0.727468375784433,-0.332787463822217,0.332787463822217,-0.36219151276642,0.36219151276642,-0.492353379487414,0.492353379487414,0.350414297744439,-0.350414297744439,0.607788306064656,-0.607788306064656,-1.86698264888185,1.86698264888185,0.0953388536343367,-0.0953388536343367,-1.24643142353275,1.24643142353275,0.495308945243049,-0.495308945243049,-1.79943514153751,1.79943514153751,-0.648085521691102,0.648085521691102,1.29108908691604,-1.29108908691604,-0.470538117048002,0.470538117048002,0.516394522691689,-0.516394522691689,-1.21003201630895,1.21003201630895,0.857601164885705,-0.857601164885705,-0.312306331097741,0.312306331097741,0.656336454472876,-0.656336454472876,0.409385961267648,-0.409385961267648,0.178472019204988,-0.178472019204988,1.54079504460459,-1.54079504460459,-0.531749108457025,0.531749108457025,-0.779032017056296,0.779032017056296,0.239010029090586,-0.239010029090586,-0.564584263083838,0.564584263083838,0.481671331923897,-0.481671331923897,0.882685802469489,-0.882685802469489,1.15506021538572,-1.15506021538572,0.601891959435308,-0.601891959435308,-0.401066567517604,0.401066567517604,0.693148886959535,-0.693148886959535,-1.82620219494894,1.82620219494894,-0.922765867537438,0.922765867537438,1.53023026156905,-1.53023026156905,1.61977769945539,-1.61977769945539,0.951136441144407,-0.951136441144407,-0.354794609354762,0.354794609354762,1.12172848980795,-1.12172848980795,0.688943433210117,-0.688943433210117,0.0434096221494398,-0.0434096221494398,-0.434716152140306,0.434716152140306,1.15192036665169,-1.15192036665169,2.42219097486949,-2.42219097486949,0.311778399015581,-0.311778399015581,-0.0235945227752497,0.0235945227752497,1.73208417116305,-1.73208417116305,0.146198081957637,-0.146198081957637,-0.0276506042306748,0.0276506042306748,-0.324819355409645,0.324819355409645,-0.046968408323618,0.046968408323618,-0.664321061850851,0.664321061850851,-1.83467331951213,1.83467331951213,1.34209449828028,-1.34209449828028,-0.943157057620506,0.943157057620506,0.14950139212586,-0.14950139212586,0.887923608390539,-0.887923608390539,1.07209591247893,-1.07209591247893,-0.129549883649311,0.129549883649311,-1.35529424893277,1.35529424893277,0.0882020025878597,-0.0882020025878597,0.865882523717046,-0.865882523717046,-0.650151479557764,0.650151479557764,-0.303905651009157,0.303905651009157,-0.651272733048256,0.651272733048256,1.01635061242369,-1.01635061242369,1.19568841669056,-1.19568841669056,0.190289493052147,-0.190289493052147,0.25785834461528,-0.25785834461528,-0.58434053848112,0.58434053848112,-1.75197644756399,1.75197644756399,0.178596853000312,-0.178596853000312,-1.48382113324045,1.48382113324045,0.111628152470276,-0.111628152470276,-0.0285147576152582,0.0285147576152582,0.957195324816673,-0.957195324816673,-0.809353706088119,0.809353706088119,-0.114069143864353,0.114069143864353,-0.203724252672519,0.203724252672519,2.12067550432324,-2.12067550432324,-0.016566541086813,0.016566541086813,-1.38842552214401,1.38842552214401,-0.329261497043675,0.329261497043675,-0.192533698976793,0.192533698976793,-0.0671051540208503,0.0671051540208503,-0.300324493170832,0.300324493170832,-1.00488948686009,1.00488948686009,0.63778200842081,-0.63778200842081,-0.490318783623817,0.490318783623817,-0.449460192530846,0.449460192530846,0.421917191507268,-0.421917191507268,0.358091650285438,-0.358091650285438,-0.836785664836959,0.836785664836959,-1.95208721643116,1.95208721643116,-0.868042707436935,0.868042707436935,-0.70011451987641,0.70011451987641,0.43137823899435,-0.43137823899435,0.18922115734337,-0.18922115734337,0.0703174929322645,-0.0703174929322645,-0.0292914152161074,0.0292914152161074,-0.859128350984399,0.859128350984399,1.62648349339864,-1.62648349339864,-0.517021130008857,0.517021130008857,0.0883025374053093,-0.0883025374053093,0.10288242047498,-0.10288242047498,0.408992363757432,-0.408992363757432,-0.560865008602345,0.560865008602345,0.72528852530741,-0.72528852530741,-0.0565788475253863,0.0565788475253863,-0.579060668097852,0.579060668097852,1.57564437248946,-1.57564437248946,-1.53692991846231,1.53692991846231,-0.628144597258912,0.628144597258912,-0.443900893475755,0.443900893475755,-0.1449844478815,0.1449844478815,-1.55765195070765,1.55765195070765,-0.0479599854438868,0.0479599854438868,-1.77447512760583,1.77447512760583,-1.07239737344837,1.07239737344837,0.804297423901212,-0.804297423901212,0.237926504602161,-0.237926504602161,0.141806292885863,-0.141806292885863,-0.172884020770306,0.172884020770306,0.907344767299296,-0.907344767299296,-0.642813154995722,0.642813154995722,-0.277936446711481,0.277936446711481,-0.247441986345337,0.247441986345337,-1.22963387785761,1.22963387785761,-0.00469810847775622,0.00469810847775622,-0.207381605223399,0.207381605223399,-0.21121310318304,0.21121310318304,0.684426846025868,-0.684426846025868,-0.302982618435961,0.302982618435961,-1.81423981411611,1.81423981411611,1.36103123816,-1.36103123816,-0.209231678457497,0.209231678457497,0.154479905917499,-0.154479905917499,0.180460827418832,-0.180460827418832,0.132673528176513,-0.132673528176513,0.0227451507469544,-0.0227451507469544,-0.903463197182274,0.903463197182274,-0.378869634560257,0.378869634560257,-0.761814181013532,0.761814181013532,0.740094391495938,-0.740094391495938,0.0151966366382534,-0.0151966366382534,-0.0891340047521484,0.0891340047521484,-1.70601487757457,1.70601487757457,-0.71147883838313,0.71147883838313,-0.823340732698404,0.823340732698404,-0.456494812532781,0.456494812532781,0.579857848272491,-0.579857848272491,1.0383476298818,-1.0383476298818,-0.460237389269905,0.460237389269905,-0.32281524725421,0.32281524725421,0.279716462470901,-0.279716462470901,-0.973007690089478,0.973007690089478,1.15882380302334,-1.15882380302334,1.16662671972055,-1.16662671972055,-0.674020415161859,0.674020415161859,-0.0263828377389173,0.0263828377389173,-2.06632814748599,2.06632814748599,-2.40850365543203,2.40850365543203,0.013905399270171,-0.013905399270171,-0.272702457038041,0.272702457038041,-0.116134303077106,0.116134303077106,-0.324504759924838,0.324504759924838,0.581771025944312,-0.581771025944312,-0.458818237708794,0.458818237708794,0.638369366439817,-0.638369366439817,1.41942725325229,-1.41942725325229,1.31998800009938,-1.31998800009938,-0.396499552714327,0.396499552714327,-0.433953656755781,0.433953656755781,-0.674272678765256,0.674272678765256,0.528752180188061,-0.528752180188061,-0.632026979651563,0.632026979651563,-3.19131871722597,3.19131871722597,0.422567727324752,-0.422567727324752,-1.04355278814207,1.04355278814207,-1.58812570766737,1.58812570766737,-0.94251103646972,0.94251103646972,0.674169962634049,-0.674169962634049,-0.498312942815178,0.498312942815178,-0.620696736083564,0.620696736083564,-1.1051365409051,1.1051365409051,-0.288490148833576,0.288490148833576,-0.321116948017498,0.321116948017498,-0.337529262560602,0.337529262560602,0.164128297918051,-0.164128297918051,-0.457333403819917,0.457333403819917,-0.380229590076283,0.380229590076283,0.293059584489421,-0.293059584489421,-0.503536742082745,0.503536742082745,0.689510504353461,-0.689510504353461,0.565821112689148,-0.565821112689148,1.34821343621201,-1.34821343621201,1.90063170754916,-1.90063170754916,-2.33712320193191,2.33712320193191,-0.103257305475934,0.103257305475934,-0.806091106446231,0.806091106446231,-0.102286932469782,0.102286932469782,-0.128856151189546,0.128856151189546,1.90062849690146,-1.90062849690146,1.47286373746132,-1.47286373746132,-0.199080595767951,0.199080595767951,-0.8596179109226,0.8596179109226,-0.60029710506526,0.60029710506526,0.387691393374498,-0.387691393374498,-0.838334500547751,0.838334500547751,-1.3369080105553,1.3369080105553,-1.74386009033417,1.74386009033417,0.313438338304438,-0.313438338304438,-0.435350157842388,0.435350157842388,-1.42510374863203,1.42510374863203,0.829897810716818,-0.829897810716818,0.211923805261524,-0.211923805261524,-0.0615928460951068,0.0615928460951068,0.823066408809324,-0.823066408809324,0.750570334662646,-0.750570334662646,0.0600773255724934,-0.0600773255724934,-0.0397337882297469,0.0397337882297469,1.74565024047139,-1.74565024047139,0.00641646800941884,-0.00641646800941884,-0.68593050367721,0.68593050367721,-0.238349155069047,0.238349155069047,1.07502702577253,-1.07502702577253,0.684079027324679,-0.684079027324679,-0.642985967650377,0.642985967650377,0.223505427305803,-0.223505427305803,-0.867720262560396,0.867720262560396,1.54427350658792,-1.54427350658792,-1.3371264565641,1.3371264565641,-0.0868700449763008,0.0868700449763008,1.78382722724423,-1.78382722724423,2.06837528373935,-2.06837528373935,-0.604365567545824,0.604365567545824,1.15719739405802,-1.15719739405802,0.525844233052027,-0.525844233052027,-0.993313898852747,0.993313898852747,-0.517308463724823,0.517308463724823,1.09561959976178,-1.09561959976178,0.774483056725068,-0.774483056725068,-0.868262087579353,0.868262087579353,-0.283490234213256,0.283490234213256,0.936035181652923,-0.936035181652923,0.903647034846073,-0.903647034846073,-0.293957775667661,0.293957775667661,0.0872100527429739,-0.0872100527429739,-1.04905490982013,1.04905490982013,-1.21880714977261,1.21880714977261,0.257087898127687,-0.257087898127687,0.157296006114331,-0.157296006114331,-1.22790502797237,1.22790502797237,0.791736636202045,-0.791736636202045,-0.125957909054133,0.125957909054133,0.535908395917697,-0.535908395917697,-1.57058923431994,1.57058923431994,-1.46855625553594,1.46855625553594,0.7036930937673,-0.7036930937673,0.392379378909414,-0.392379378909414,1.21750700977723,-1.21750700977723,0.352805916918844,-0.352805916918844,0.333170681771006,-0.333170681771006,0.156455298811137,-0.156455298811137,0.810790724315603,-0.810790724315603,1.9501470588919,-1.9501470588919,-0.188860628364011,0.188860628364011,-0.165082284494796,0.165082284494796,-0.047435937652223,0.047435937652223,-0.155391522621129,0.155391522621129,0.729663454062741,-0.729663454062741,0.653645152955218,-0.653645152955218,0.284097321788831,-0.284097321788831,-0.700963835044254,0.700963835044254,1.29738657775714,-1.29738657775714,0.188357249638218,-0.188357249638218,-0.585168755446883,0.585168755446883,-2.79082061381381,2.79082061381381,0.177520140826956,-0.177520140826956,0.0293484800588812,-0.0293484800588812,0.387854581932068,-0.387854581932068,1.2612824739745,-1.2612824739745,-0.931987360087468,0.931987360087468,-0.297086144345541,0.297086144345541,-0.0286483075407198,0.0286483075407198,-0.249440973871627,0.249440973871627,-0.724042122917546,0.724042122917546,-0.344464073569905,0.344464073569905,1.48002976773887,-1.48002976773887,1.4730349901978,-1.4730349901978,-2.41026013249371,2.41026013249371,0.790063830377128,-0.790063830377128,0.365951037828205,-0.365951037828205,1.13219905968505,-1.13219905968505,-0.555132897806129,0.555132897806129,-0.22654948318776,0.22654948318776,0.222217041740711,-0.222217041740711,-0.0445500815977995,0.0445500815977995,0.445110021043357,-0.445110021043357,-0.966042573762868,0.966042573762868,0.246114258025626,-0.246114258025626,0.0128880258248146,-0.0128880258248146,0.113839670118595,-0.113839670118595,0.120844854420672,-0.120844854420672,-0.297657181495472,0.297657181495472,2.46545603644657,-2.46545603644657,-1.87825166977476,1.87825166977476,0.0332408634969946,-0.0332408634969946,-0.412207013650593,0.412207013650593,0.618922319180383,-0.618922319180383,2.0469460205689,-2.0469460205689,0.580411733219639,-0.580411733219639,0.473942957577127,-0.473942957577127,-1.01149965887566,1.01149965887566,-1.96376665171288,1.96376665171288,0.451541476657368,-0.451541476657368,1.53978036659092,-1.53978036659092,-1.09282045218948,1.09282045218948,0.445093042899732,-0.445093042899732,0.939246722335315,-0.939246722335315,-0.732473117513537,0.732473117513537,-0.380876536013384,0.380876536013384,-0.78919399747251,0.78919399747251,0.0832594071121459,-0.0832594071121459,-0.562186339283989,0.562186339283989,0.537194761060916,-0.537194761060916,0.253852586201614,-0.253852586201614,0.905537905667185,-0.905537905667185,1.49742968030183,-1.49742968030183,-1.43723976181976,1.43723976181976,0.422107672653296,-0.422107672653296,1.28044973482283,-1.28044973482283,-1.63578982448229,1.63578982448229,1.39841714630584,-1.39841714630584,-0.288473071698598,0.288473071698598,0.189497082646554,-0.189497082646554,-0.0406772419162624,0.0406772419162624,-1.03537664501566,1.03537664501566,0.903238613803956,-0.903238613803956,0.240400478650328,-0.240400478650328,1.87093484447308,-1.87093484447308,-0.115191181847373,0.115191181847373,0.936726283455204,-0.936726283455204,0.548149215820353,-0.548149215820353,-1.81821234763893,1.81821234763893,-0.705280409002284,0.705280409002284,0.0962439356159013,-0.0962439356159013,-0.299794015060777,0.299794015060777,0.219530897095111,-0.219530897095111,-0.92660582310597,0.92660582310597,-0.728792374486207,0.728792374486207,-2.15638250612773,2.15638250612773,-1.55142572619622,1.55142572619622,0.224593208639353,-0.224593208639353,-0.956917402582909,0.956917402582909,2.23729076268916,-2.23729076268916,1.29945243282006,-1.29945243282006,-1.05080657663978,1.05080657663978,0.0377873366720692,-0.0377873366720692,1.19998488330309,-1.19998488330309,-0.23471259808137,0.23471259808137,-0.385997364100544,0.385997364100544,-1.01882409050686,1.01882409050686,-0.899233277591446,0.899233277591446,-0.280930864644644,0.280930864644644,-0.527337479952813,0.527337479952813,-1.34126855492044,1.34126855492044,-1.52433824077326,1.52433824077326,0.0148989197295604,-0.0148989197295604,0.969192492088781,-0.969192492088781,-1.09202872053103,1.09202872053103,-1.30177746302366,1.30177746302366,-0.725002953597878,0.725002953597878,-1.39452403887411,1.39452403887411,-0.646157213846573,0.646157213846573,0.75145045179938,-0.75145045179938,0.254229330344399,-0.254229330344399,1.6366342940241,-1.6366342940241,-0.746934577762634,0.746934577762634,0.638036501871793,-0.638036501871793,-0.1602349212824,0.1602349212824,0.262391413496641,-0.262391413496641,1.12888031773927,-1.12888031773927,-1.37679535525474,1.37679535525474,-1.35317503298126,1.35317503298126,-0.609800131380713,0.609800131380713,0.919100054197517,-0.919100054197517,-1.70709218486753,1.70709218486753,0.613455676933639,-0.613455676933639,0.873540938103212,-0.873540938103212,-0.421688627811851,0.421688627811851,-0.794918162739972,0.794918162739972,-0.328508953613301,0.328508953613301,0.197736404602122,-0.197736404602122,-1.00573517328275,1.00573517328275,2.0399653089681,-2.0399653089681,0.932325054603103,-0.932325054603103,-0.584274168964035,0.584274168964035,-1.07997394534552,1.07997394534552,0.0753927242059267,-0.0753927242059267,1.80666236550503,-1.80666236550503,0.23271019948282,-0.23271019948282,-0.578002480492321,0.578002480492321,0.944462791553808,-0.944462791553808,1.41041655593848,-1.41041655593848,-0.160384510697676,0.160384510697676,-0.674448247278678,0.674448247278678,-0.662166644227342,0.662166644227342,1.47702502727593,-1.47702502727593,0.029805741309804,-0.029805741309804,0.44951120896485,-0.44951120896485,1.29637989952344,-1.29637989952344,0.11378139772615,-0.11378139772615,-0.577034881335491,0.577034881335491,0.684112250556911,-0.684112250556911,0.188561822250858,-0.188561822250858,-0.0741020304691092,0.0741020304691092,0.961528174655078,-0.961528174655078,0.370599894389461,-0.370599894389461,-0.0793985422828524,0.0793985422828524,0.733213870829128,-0.733213870829128,-0.776963233718367,0.776963233718367,-0.426345813458685,0.426345813458685,-0.911814398600546,0.911814398600546,0.404565288963295,-0.404565288963295,1.11502126405474,-1.11502126405474,2.27039479707244,-2.27039479707244,-0.643009293944378,0.643009293944378,-0.159668752972581,0.159668752972581,0.591267696387915,-0.591267696387915,-0.251195342895163,0.251195342895163,0.144319719443833,-0.144319719443833,0.771950284354501,-0.771950284354501,-0.979020553249587,0.979020553249587,-2.37573921819227,2.37573921819227,-0.748179891464661,0.748179891464661,0.871898070678125,-0.871898070678125,1.69080219989404,-1.69080219989404,-0.590068339385703,0.590068339385703,-0.139047084663095,0.139047084663095,0.114498189076155,-0.114498189076155,0.242400811400764,-0.242400811400764,-0.711358405231827,0.711358405231827,1.04536958030141,-1.04536958030141,-0.134812653871214,0.134812653871214,1.04049408345487,-1.04049408345487,-1.32807707391552,1.32807707391552,-0.118779084241561,0.118779084241561,-1.66161475773752,1.66161475773752,0.418980931148552,-0.418980931148552,1.84828696409023,-1.84828696409023,-1.17071504554987,1.17071504554987,-0.759858952401042,0.759858952401042,0.392780992982826,-0.392780992982826,-1.86775513365608,1.86775513365608,1.44243244254974,-1.44243244254974,-0.876498296702313,0.876498296702313,-2.90952349757079,2.90952349757079,0.369810002303459,-0.369810002303459,-0.950084962964291,0.950084962964291,-0.94504309949517,0.94504309949517,0.184124045046517,-0.184124045046517,0.35776078405655,-0.35776078405655,0.491505307212206,-0.491505307212206,-0.917967538770104,0.917967538770104,-0.291244485053151,0.291244485053151,-0.668145345592107,0.668145345592107,0.413934270832817,-0.413934270832817,0.261163042575588,-0.261163042575588,0.0888057681205427,-0.0888057681205427,0.139172864083546,-0.139172864083546,-0.188191025641494,0.188191025641494,-1.27773156435675,1.27773156435675,0.588321227714742,-0.588321227714742,0.604953652636804,-0.604953652636804,-0.112130913481063,0.112130913481063,-1.93448764386851,1.93448764386851,0.225893113707574,-0.225893113707574,0.576426821687956,-0.576426821687956,1.085671103286,-1.085671103286,-1.12020364727536,1.12020364727536,1.12621830698396,-1.12621830698396,0.957650754114011,-0.957650754114011,-0.0718476846520379,0.0718476846520379,1.71670588166721,-1.71670588166721,-0.0935245270179122,0.0935245270179122,-1.31336305519614,1.31336305519614,0.00750489539355879,-0.00750489539355879,-0.647999290631818,0.647999290631818,-0.232285412610246,0.232285412610246,0.627902019437602,-0.627902019437602,0.30533487875632,-0.30533487875632,-0.131588999702249,0.131588999702249,0.991230721315424,-0.991230721315424,0.865420344650903,-0.865420344650903,-0.78983540846447,0.78983540846447,1.4651594102527,-1.4651594102527,0.499203781222375,-0.499203781222375,1.70920641786146,-1.70920641786146,-2.26264923979325,2.26264923979325,-1.65001013034738,1.65001013034738,0.89818222346374,-0.89818222346374,1.42007768997302,-1.42007768997302,1.82969429886028,-1.82969429886028,0.437044302493731,-0.437044302493731,0.276153071047508,-0.276153071047508,0.273134594592736,-0.273134594592736,-0.343707665593256,0.343707665593256,0.0275725332660299,-0.0275725332660299,-1.36706845672293,1.36706845672293,-0.329375766578067,0.329375766578067,0.636236568836577,-0.636236568836577,0.728109859072928,-0.728109859072928,-0.394119314912096,0.394119314912096,1.65587979209331,-1.65587979209331,0.451129928253152,-0.451129928253152,0.325168390744411,-0.325168390744411,-0.447929558946018,0.447929558946018,0.655198990476953,-0.655198990476953,0.297811355257536,-0.297811355257536,0.19015703722655,-0.19015703722655,0.0162599644107043,-0.0162599644107043,-3.1073272256199,3.1073272256199,-0.978697540635853,0.978697540635853,-0.783593545731947,0.783593545731947,-0.148583026336015,0.148583026336015,-0.42335140688892,0.42335140688892,0.174848861211913,-0.174848861211913,0.330081105156648,-0.330081105156648,0.965040232465305,-0.965040232465305,0.524775014381132,-0.524775014381132,-0.305265828794989,0.305265828794989,-1.53903049869914,1.53903049869914,-0.695057442835675,0.695057442835675,-0.892217186686586,0.892217186686586,-0.123730690592395,0.123730690592395,-2.12088757319364,2.12088757319364,1.1340619903851,-1.1340619903851,0.0201387983267903,-0.0201387983267903,0.521705589944317,-0.521705589944317,-1.34474458405588,1.34474458405588,0.746593979421357,-0.746593979421357,-0.78201172304274,0.78201172304274,0.148077751165675,-0.148077751165675,-0.146728107074331,0.146728107074331,0.203907051890703,-0.203907051890703,1.60013058744158,-1.60013058744158,0.739059929291146,-0.739059929291146,0.390768263495661,-0.390768263495661,1.25979382035527,-1.25979382035527,-0.548593732394439,0.548593732394439,0.150317075807139,-0.150317075807139,1.47694138769149,-1.47694138769149,-0.552596328670887,0.552596328670887,-1.08756044219647,1.08756044219647,-1.13305283610267,1.13305283610267,-0.715675830592407,0.715675830592407,0.333125058142836,-0.333125058142836,0.591646388897191,-0.591646388897191,-1.02198044684847,1.02198044684847,1.15189102627908,-1.15189102627908,-0.501857921108454,0.501857921108454,-1.51195707286989,1.51195707286989,-0.0710425490648271,0.0710425490648271,-0.306802859226188,0.306802859226188,-1.17032877541247,1.17032877541247,-0.461860279498663,0.461860279498663,-0.341586855195196,0.341586855195196,-0.627604212871438,0.627604212871438,-1.25294720920529,1.25294720920529,-1.28424589579306,1.28424589579306,0.283862371011739,-0.283862371011739,-1.10348083346916,1.10348083346916,-0.363427425086564,0.363427425086564,-0.637094552848286,0.637094552848286,0.263744215502135,-0.263744215502135,-0.769965385761801,0.769965385761801,1.79188713578446,-1.79188713578446,-0.823449277686237,0.823449277686237,-0.825214986090161,0.825214986090161,1.58997254629997,-1.58997254629997,-0.544880307987042,0.544880307987042,1.43508154137544,-1.43508154137544,-0.598536485461256,0.598536485461256,0.777738199621434,-0.777738199621434,1.87863947208516,-1.87863947208516,-1.56137198833978,1.56137198833978,-0.770407409365437,0.770407409365437,-0.873689336895368,0.873689336895368,0.689173386607603,-0.689173386607603,1.31720675093595,-1.31720675093595,0.488636005138104,-0.488636005138104,-0.542922809790773,0.542922809790773,0.00643653340806489,-0.00643653340806489,1.08631299955062,-1.08631299955062,-2.53046688632817,2.53046688632817,0.477552966149952,-0.477552966149952,0.617027226595129,-0.617027226595129,-0.553516250399148,0.553516250399148,-1.61495435024793,1.61495435024793,-0.902636486907636,0.902636486907636,0.426998963896121,-0.426998963896121,0.0803645975039809,-0.0803645975039809,-0.129335104332087,0.129335104332087,-0.206800215994542,0.206800215994542,-1.15632265437307,1.15632265437307,0.45916224999034,-0.45916224999034,0.194412280418553,-0.194412280418553,-0.390138635737164,0.390138635737164,1.43611544261589,-1.43611544261589,1.54678091635705,-1.54678091635705,-0.766893577686045,0.766893577686045,-0.0938425199659927,0.0938425199659927,1.52271969269228,-1.52271969269228,-0.11890115106706,0.11890115106706,-0.997009926721535,0.997009926721535,-0.0331163115762443,0.0331163115762443,-1.74008121248328,1.74008121248328,-0.558524307871909,0.558524307871909,1.30824700221163,-1.30824700221163,-0.241710273969115,0.241710273969115,-1.99270058217849,1.99270058217849,-0.721089044800613,0.721089044800613,0.472252463295925,-0.472252463295925,1.68430674822961,-1.68430674822961,0.990012551210734,-0.990012551210734,-0.266418719178116,0.266418719178116,-0.174857512449426,0.174857512449426,-1.86377072021295,1.86377072021295,-1.18718125933486,1.18718125933486,-0.831457888802833,0.831457888802833,-0.700973733986225,0.700973733986225,-0.934397142561162,0.934397142561162,-0.943688770073854,0.943688770073854,-2.39393430504736,2.39393430504736,0.992304451619412,-0.992304451619412,-0.145543332630748,0.145543332630748,0.202496444802056,-0.202496444802056,0.716534977511281,-0.716534977511281,0.843376879479599,-0.843376879479599,1.3978658788973,-1.3978658788973,0.434492779189594,-0.434492779189594,-0.246705934759083,0.246705934759083,-0.773093704028633,0.773093704028633,-1.64228053144873,1.64228053144873,-1.31050570086665,1.31050570086665,-1.4728781454317,1.4728781454317,0.418964875671381,-0.418964875671381,0.273647655589959,-0.273647655589959,-2.224414553027,2.224414553027,-1.08508847349398,1.08508847349398,-2.55368582647704,2.55368582647704,0.0513780444226008,-0.0513780444226008,0.658409215221509,-0.658409215221509,-0.865547165532067,0.865547165532067,-0.756179891669152,0.756179891669152,-2.1369846482839,2.1369846482839,0.429563983546634,-0.429563983546634,0.271440179876322,-0.271440179876322,1.24892987937764,-1.24892987937764,-0.999505022677153,0.999505022677153,0.113481934913163,-0.113481934913163,0.281296497565879,-0.281296497565879,-1.39779269668991,1.39779269668991,2.35273004455573,-2.35273004455573,-0.748464387756668,0.748464387756668,-0.516160196620441,0.516160196620441,0.734197536918122,-0.734197536918122,0.523393671590309,-0.523393671590309,-0.631578152537285,0.631578152537285,-0.953042086213145,0.953042086213145,-0.494457089743104,0.494457089743104,-1.53707646072964,1.53707646072964,-1.89000270588042,1.89000270588042,0.0669074895811937,-0.0669074895811937,-0.848277328750071,0.848277328750071,0.273687702618352,-0.273687702618352,1.09435611432091,-1.09435611432091,-0.823294797945961,0.823294797945961,0.566860290893455,-0.566860290893455,0.736030202320433,-0.736030202320433,-1.14898491589618,1.14898491589618,1.87914961910794,-1.87914961910794,0.252442390295708,-0.252442390295708,1.29784904213705,-1.29784904213705,-1.42384511069306,1.42384511069306,1.23664760799194,-1.23664760799194,-1.09785146459342,1.09785146459342,0.956495792914016,-0.956495792914016,-0.462452193064041,0.462452193064041,-1.02914729378127,1.02914729378127,0.84939192963323,-0.84939192963323,-0.0282167655993048,0.0282167655993048,0.356428112726458,-0.356428112726458,-0.175424315246348,0.175424315246348,-1.30895800210792,1.30895800210792,-0.657642194320249,0.657642194320249,1.42088206553275,-1.42088206553275,-0.37722003162027,0.37722003162027,-0.822615257348313,0.822615257348313,-0.319108059272086,0.319108059272086,-1.46227653457065,1.46227653457065,-1.90966054778017,1.90966054778017,0.859725873145927,-0.859725873145927,-0.714072846188311,0.714072846188311,-0.757119009777636,0.757119009777636,0.360395081324291,-0.360395081324291,0.0013418946350428,-0.0013418946350428,0.464591146115848,-0.464591146115848,0.442674759241141,-0.442674759241141,0.0090306777368769,-0.0090306777368769,0.180990711989042,-0.180990711989042,0.832108306256491,-0.832108306256491,0.662583780142472,-0.662583780142472,0.0204266337429149,-0.0204266337429149,-0.36239062110445,0.36239062110445,-0.933248227582474,0.933248227582474,0.652322972589621,-0.652322972589621,-0.0813008861420436,0.0813008861420436,-1.6553193747742,1.6553193747742,1.31674280511416,-1.31674280511416,1.42102628161039,-1.42102628161039,0.713230719720421,-0.713230719720421,-0.129750305062097,0.129750305062097,-1.1001164695547,1.1001164695547,-0.83932598006253,0.83932598006253,0.362530697223544,-0.362530697223544,1.91169954409498,-1.91169954409498,1.07158194867262,-1.07158194867262,0.626217582294072,-0.626217582294072,-1.5533346375447,1.5533346375447,0.228238387018978,-0.228238387018978,-0.426848360227132,0.426848360227132,0.623697398630892,-0.623697398630892,0.752998809963837,-0.752998809963837,-0.970286166502213,0.970286166502213,1.10450686118187,-1.10450686118187,-1.27126508796433,1.27126508796433,-0.464505595660631,0.464505595660631,-0.666688175200084,0.666688175200084,-0.295847446929229,0.295847446929229,-0.307180479761109,0.307180479761109,1.10323910202596,-1.10323910202596,1.49984785814118,-1.49984785814118,-1.38752623890479,1.38752623890479,0.763951362191422,-0.763951362191422,-0.965578305707499,0.965578305707499,-0.329703270778225,0.329703270778225,0.255919108351998,-0.255919108351998,1.47624151844368,-1.47624151844368,-0.581271275868862,0.581271275868862,0.536490358694643,-0.536490358694643,-0.560182535903515,0.560182535903515,1.63349670875698,-1.63349670875698,0.0159948846834472,-0.0159948846834472,1.11842086035986,-1.11842086035986,0.36646881800203,-0.36646881800203,1.40504000294032,-1.40504000294032,-1.00848700793367,1.00848700793367,1.73509283189254,-1.73509283189254,-1.23030285297375,1.23030285297375,0.406113496126807,-0.406113496126807,0.301811539027441,-0.301811539027441,0.467854804513457,-0.467854804513457,0.22694059941586,-0.22694059941586,-0.47335102594342,0.47335102594342,0.496353296890022,-0.496353296890022,-0.955075445868879,0.955075445868879,-0.17004308518096,0.17004308518096,0.674446688535379,-0.674446688535379,0.543677743059693,-0.543677743059693,0.373865179793269,-0.373865179793269,-0.224685986771415,0.224685986771415,-0.0765998087168616,0.0765998087168616,-0.902988325594133,0.902988325594133,1.39925837909144,-1.39925837909144,-0.920926159614119,0.920926159614119,-0.66842414834199,0.66842414834199,1.69430779069249,-1.69430779069249,1.16379958948482,-1.16379958948482,1.01717158953978,-1.01717158953978,0.921754218585783,-0.921754218585783,-0.723803776741193,0.723803776741193,0.140271685050657,-0.140271685050657,-1.16591343180968,1.16591343180968,0.772433192135277,-0.772433192135277,-0.779700283164309,0.779700283164309,-1.04452909651826,1.04452909651826,0.378630938010158,-0.378630938010158,0.490327185650421,-0.490327185650421,0.533916922622841,-0.533916922622841,0.337850215650324,-0.337850215650324,-2.15638799820747,2.15638799820747,0.587043625277278,-0.587043625277278,0.498666122335168,-0.498666122335168,-0.869784408666905,0.869784408666905,1.34998494499956,-1.34998494499956,1.5041015381872,-1.5041015381872,-2.52294012141487,2.52294012141487,0.600176952650311,-0.600176952650311,-0.822851115660833,0.822851115660833,-0.605778393665601,0.605778393665601,-0.537924020920232,0.537924020920232,0.499004920199639,-0.499004920199639,-0.0531040156103787,0.0531040156103787,0.717718715940281,-0.717718715940281,0.198608856750193,-0.198608856750193,0.104405421070889,-0.104405421070889,-1.50542116473594,1.50542116473594,1.53321144687781,-1.53321144687781,0.470920383394024,-0.470920383394024,-0.191728070023398,0.191728070023398,-0.192309477958606,0.192309477958606,1.54659765626243,-1.54659765626243,1.02106376878315,-1.02106376878315,-1.05419810105696,1.05419810105696,-0.376370175812337,0.376370175812337,1.36010765119027,-1.36010765119027,1.24934388976287,-1.24934388976287,0.469038636159393,-0.469038636159393,-1.86134692870397,1.86134692870397,1.6790413710577,-1.6790413710577,-1.12299884123743,1.12299884123743,2.11217970354889,-2.11217970354889,-0.0693176373585741,0.0693176373585741,-0.117139492314507,0.117139492314507,0.287034911958943,-0.287034911958943,-2.29603911873594,2.29603911873594,-1.21771567829459,1.21771567829459,0.060370560317972,-0.060370560317972,1.67936647715311,-1.67936647715311,0.716635451439995,-0.716635451439995,0.261537780979064,-0.261537780979064,0.88457106047584,-0.88457106047584,0.498794765257353,-0.498794765257353,-0.579017384306279,0.579017384306279,0.0091113931726135,-0.0091113931726135,0.0859520553159099,-0.0859520553159099,0.867901838854392,-0.867901838854392,0.440178773798008,-0.440178773798008,0.17083931507259,-0.17083931507259,2.03532224898618,-2.03532224898618,0.439366839242433,-0.439366839242433,-1.10137364145334,1.10137364145334,0.246990869254501,-0.246990869254501,-1.49417548516336,1.49417548516336,-0.51268683066119,0.51268683066119,-1.26504743465896,1.26504743465896,-1.78433667130466,1.78433667130466,-0.0711601470197539,0.0711601470197539,-1.33701731160196,1.33701731160196,0.0721059945507224,-0.0721059945507224,-0.0216435849361049,0.0216435849361049,-0.718956477257055,0.718956477257055,0.193181059943582,-0.193181059943582,1.8253986651615,-1.8253986651615,-0.84659750467385,0.84659750467385,-0.419649759764826,0.419649759764826,-0.333148995491536,0.333148995491536,1.03143896702872,-1.03143896702872,3.04167856743464,-3.04167856743464,0.488008149775861,-0.488008149775861,0.556553359865519,-0.556553359865519,0.0506327610120076,-0.0506327610120076,-0.0540758912580351,0.0540758912580351,-0.413725511121739,0.413725511121739,0.836107857879141,-0.836107857879141,0.435731109818822,-0.435731109818822,0.680431412652292,-0.680431412652292,-1.29104698247519,1.29104698247519,0.548077697885921,-0.548077697885921,-1.21176425456181,1.21176425456181,-1.601575699684,1.601575699684,0.491230505997991,-0.491230505997991,-0.847194612627338,0.847194612627338,-1.01267748265502,1.01267748265502,-1.37316822131739,1.37316822131739,1.43145686446914,-1.43145686446914,-0.366194393481461,0.366194393481461,0.206871483407333,-0.206871483407333,-1.24938081493262,1.24938081493262,-1.63225305013346,1.63225305013346,-0.881971060736157,0.881971060736157,-0.968999699338222,0.968999699338222,1.79431599745102,-1.79431599745102,0.11981463738222,-0.11981463738222,-0.957516003213176,0.957516003213176,0.585369897635569,-0.585369897635569,-0.37067577835937,0.37067577835937,1.02247785359158,-1.02247785359158,-1.52436081900681,1.52436081900681,-2.20774859110123,2.20774859110123,0.0565422859111151,-0.0565422859111151,0.770466153772012,-0.770466153772012,-0.71504675782887,0.71504675782887,0.367435595473825,-0.367435595473825,0.256861670140218,-0.256861670140218,1.53088532058607,-1.53088532058607,1.35074620857088,-1.35074620857088,-0.900875696142629,0.900875696142629,0.43977778809692,-0.43977778809692,0.65386665884746,-0.65386665884746,-1.2744882885286,1.2744882885286,-0.573909344231306,0.573909344231306,-0.358853057127878,0.358853057127878,-0.38552965004241,0.38552965004241,-2.35308165440035,2.35308165440035,-0.209850011076159,0.209850011076159,1.65219639776095,-1.65219639776095,0.0398675971386241,-0.0398675971386241,-1.00073511341547,1.00073511341547,-0.880100526555826,0.880100526555826,0.394365225793246,-0.394365225793246,0.149504486697918,-0.149504486697918,-1.32910862377531,1.32910862377531,2.21771523153767,-2.21771523153767,-0.507322120272268,0.507322120272268,-1.66641051422196,1.66641051422196,-1.57606807001789,1.57606807001789,0.0306035843098867,-0.0306035843098867,0.377390331077545,-0.377390331077545,-0.29300620566785,0.29300620566785,-0.781309088763375,0.781309088763375,-1.08271994731106,1.08271994731106,-0.117426109481999,0.117426109481999,1.25733657844319,-1.25733657844319,1.6746775236378,-1.6746775236378,-1.51816980388922,1.51816980388922,-0.087455673229703,0.087455673229703,2.31561748510404,-2.31561748510404,0.170829304020304,-0.170829304020304,1.21746961138925,-1.21746961138925,-0.225774404271341,0.225774404271341,-1.560917831997,1.560917831997,0.605096939921887,-0.605096939921887,0.06701152521131,-0.06701152521131,0.74933951190903,-0.74933951190903,-1.69953271713374,1.69953271713374,1.6486789420493,-1.6486789420493,-0.238555516840642,0.238555516840642,0.942395998847554,-0.942395998847554,0.597645399099896,-0.597645399099896,0.184295182243934,-0.184295182243934,0.648465134687522,-0.648465134687522,-0.826140236324459,0.826140236324459,-0.375244812909672,0.375244812909672,-0.973380669411071,0.973380669411071,0.697654967557392,-0.697654967557392,0.842907983824178,-0.842907983824178,0.274512940401353,-0.274512940401353,-0.168383760473794,0.168383760473794,0.836141106960021,-0.836141106960021,0.734838538761904,-0.734838538761904,0.224180277812467,-0.224180277812467,0.105755419123051,-0.105755419123051,-0.160504230984255,0.160504230984255,-0.262064874620532,0.262064874620532,-0.945525008767984,0.945525008767984,-1.01393593390337,1.01393593390337,0.245678894720574,-0.245678894720574,-0.190811367646418,0.190811367646418,1.11746708569374,-1.11746708569374,-0.42494645657538,0.42494645657538,-0.88331205613222,0.88331205613222,0.103378158667366,-0.103378158667366,-0.241128045012841,0.241128045012841,-1.42423420451534,1.42423420451534,-0.164669803241065,0.164669803241065,0.473059346711105,-0.473059346711105,0.327432786685993,-0.327432786685993,1.67449792850955,-1.67449792850955,0.989144064578265,-0.989144064578265,0.426047885523203,-0.426047885523203,0.0677663726450788,-0.0677663726450788,0.0384827659279825,-0.0384827659279825,-0.436069476295723,0.436069476295723,0.850470253238854,-0.850470253238854,0.473677407568408,-0.473677407568408,0.523709673431241,-0.523709673431241,-0.786365246588764,0.786365246588764,-3.14389608814585,3.14389608814585,-0.517104463196235,0.517104463196235,0.49955752770129,-0.49955752770129,-0.149594784060767,0.149594784060767,-0.555545256393921,0.555545256393921,-0.305450060626534,0.305450060626534,-0.138094833365695,0.138094833365695,-0.296164895838388,0.296164895838388,-0.214477953004678,0.214477953004678,0.0259870183909641,-0.0259870183909641,-1.49742340805979,1.49742340805979,-0.23225831552231,0.23225831552231,1.10851612127493,-1.10851612127493,-2.04179464107276,2.04179464107276,0.0957990779205762,-0.0957990779205762,-0.193460217371106,0.193460217371106,0.0923044887846798,-0.0923044887846798,-0.408377586524085,0.408377586524085,-0.0292376498166663,0.0292376498166663,-0.273222084874168,0.273222084874168,0.793375941521501,-0.793375941521501,-0.538618718127372,0.538618718127372,0.694657886400707,-0.694657886400707,-0.841875199472471,0.841875199472471,-0.918038465858667,0.918038465858667,-0.659936253005772,0.659936253005772,-2.14591045548065,2.14591045548065,-0.353420947658205,0.353420947658205,1.36632170051069,-1.36632170051069,-1.79721367799326,1.79721367799326,0.796368756357426,-0.796368756357426,-0.0430830941029653,0.0430830941029653,0.66774757234336,-0.66774757234336,1.07932703130666,-1.07932703130666,-0.150911164515799,0.150911164515799,0.40893258506733,-0.40893258506733,-2.07114514264318,2.07114514264318,1.00851874726932,-1.00851874726932,-0.766653416111225,0.766653416111225,1.61364435362723,-1.61364435362723,0.297461320277327,-0.297461320277327,-0.457135528277025,0.457135528277025,-0.238589629000564,0.238589629000564,1.26006914100321,-1.26006914100321,0.2423140434082,-0.2423140434082,0.31953613541855,-0.31953613541855,1.48136233516849,-1.48136233516849,-2.0668947933772,2.0668947933772,-0.337635182278894,0.337635182278894,-0.40305128762408,0.40305128762408,-0.809704490509653,0.809704490509653,-0.913435458623875,0.913435458623875,-0.0729378896321257,0.0729378896321257,0.322082397943227,-0.322082397943227,-0.27189254318845,0.27189254318845,-0.131345015226055,0.131345015226055,0.424713157000511,-0.424713157000511,-1.63966207682141,1.63966207682141,-0.964486010300935,0.964486010300935,0.628802737397845,-0.628802737397845,-0.424963525898386,0.424963525898386,1.62625241928655,-1.62625241928655,0.792594282250207,-0.792594282250207,1.02097835263923,-1.02097835263923,-1.39734871191071,1.39734871191071,0.739571101003232,-0.739571101003232,1.82450486611714,-1.82450486611714,0.664227557831489,-0.664227557831489,0.332205262209281,-0.332205262209281,-1.22110408822656,1.22110408822656,-0.495862868056028,0.495862868056028,0.351088506678924,-0.351088506678924,-1.36327958050718,1.36327958050718,0.704188650710657,-0.704188650710657,0.547959018659054,-0.547959018659054,0.186100412460676,-0.186100412460676,-1.50211802811113,1.50211802811113,0.396900324196746,-0.396900324196746,0.0496134507602418,-0.0496134507602418,0.155072093941072,-0.155072093941072,0.263596633787473,-0.263596633787473,1.41189253382944,-1.41189253382944,2.01839680585354,-2.01839680585354,0.966321674113407,-0.966321674113407,2.73426606518325,-2.73426606518325,-0.753362587666225,0.753362587666225,-0.343230717530233,0.343230717530233,0.685645116852274,-0.685645116852274,-0.43353913219871,0.43353913219871,0.435309559096192,-0.435309559096192,-1.04394099955941,1.04394099955941,-0.0122966287794461,0.0122966287794461,-0.437698060951851,0.437698060951851,0.865928934190828,-0.865928934190828,-0.623440978528933,0.623440978528933,-1.07315553562919,1.07315553562919,-0.188674918892807,0.188674918892807,0.288081218031583,-0.288081218031583,0.354071606012796,-0.354071606012796,-0.042393680851074,0.042393680851074,-0.380632421477923,0.380632421477923,-0.793759221627557,0.793759221627557,1.09224058792158,-1.09224058792158,-1.30582099146973,1.30582099146973,0.83620775803549,-0.83620775803549,-1.21066344274672,1.21066344274672,0.1930410719243,-0.1930410719243,0.391994779646845,-0.391994779646845,-0.388383245380425,0.388383245380425,-1.28990779477184,1.28990779477184,-0.710059022745738,0.710059022745738,-0.882708656615356,0.882708656615356,-2.96746380889006,2.96746380889006,0.602470306086072,-0.602470306086072,0.868307882427111,-0.868307882427111,0.301006512125016,-0.301006512125016,-0.386835271949008,0.386835271949008,-0.128047988475041,0.128047988475041,1.74937809293474,-1.74937809293474,0.992210487702743,-0.992210487702743,0.776209358330055,-0.776209358330055,0.616974969206991,-0.616974969206991,0.709814961081537,-0.709814961081537,-0.640651376585599,0.640651376585599,1.03001296379866,-1.03001296379866,1.10048197965122,-1.10048197965122,0.87944464167102,-0.87944464167102,-0.549975224253696,0.549975224253696,1.53843429260246,-1.53843429260246,-1.3249122459911,1.3249122459911,-1.89487621778455,1.89487621778455,0.282099589795005,-0.282099589795005,-0.855256775915413,0.855256775915413,0.111924236827223,-0.111924236827223,-0.0472540374109667,0.0472540374109667,-0.602736139024829,0.602736139024829,1.5955608375352,-1.5955608375352,0.2308337423191,-0.2308337423191,-0.826350601215945,0.826350601215945,-0.316792984248848,0.316792984248848,-1.88766681802131,1.88766681802131,1.43586273991232,-1.43586273991232,-1.04070800835564,1.04070800835564,1.36899770220364,-1.36899770220364,0.812030847758796,-0.812030847758796,-0.136800588531524,0.136800588531524,0.0491342387282933,-0.0491342387282933,-0.916693738058911,0.916693738058911,-1.14807652034836,1.14807652034836,0.78697587465007,-0.78697587465007,0.576547396220105,-0.576547396220105,2.23941991949282,-2.23941991949282,-0.718742528480956,0.718742528480956,0.968326616438615,-0.968326616438615,-1.97664144654769,1.97664144654769,-1.5537459302104,1.5537459302104,0.170695902032478,-0.170695902032478,0.322533632612822,-0.322533632612822,-0.777774372678203,0.777774372678203,0.843398652682094,-0.843398652682094,-1.67267470148815,1.67267470148815,-1.32739998548313,1.32739998548313,1.19494361241247,-1.19494361241247,-1.1714134507593,1.1714134507593,-0.694478570440482,0.694478570440482,0.661947946459922,-0.661947946459922,1.0444209137917,-1.0444209137917,0.587376537008875,-0.587376537008875,1.11611799483419,-1.11611799483419,0.245170163652745,-0.245170163652745,-0.0194786050233909,0.0194786050233909,-0.525627676012059,0.525627676012059,1.87004381167508,-1.87004381167508,-1.30147587719374,1.30147587719374,0.364643782191054,-0.364643782191054,-0.838074934531683,0.838074934531683,-0.287092883421502,0.287092883421502,1.27322446200755,-1.27322446200755,-1.98335791514743,1.98335791514743,0.157594930799351,-0.157594930799351,0.794926001563015,-0.794926001563015,-0.579156921370735,0.579156921370735,-0.722280610129487,0.722280610129487,-1.79609218672584,1.79609218672584,0.142435882976808,-0.142435882976808,-2.23730991780414,2.23730991780414,-1.03445150433013,1.03445150433013,0.775775182683783,-0.775775182683783,1.11284048420038,-1.11284048420038,-0.370142714611367,0.370142714611367,-0.597762044455261,0.597762044455261,0.706601348988892,-0.706601348988892,0.548909695020644,-0.548909695020644,-0.73390044711364,0.73390044711364,-0.0632276480816618,0.0632276480816618,-0.68125260496895,0.68125260496895,-0.979480441128992,0.979480441128992,-0.168099944076764,0.168099944076764,1.44863614967415,-1.44863614967415,-0.221935462723937,0.221935462723937,0.445625747168254,-0.445625747168254,1.38475060161188,-1.38475060161188,2.5652597297748,-2.5652597297748,0.92847887951584,-0.92847887951584,2.04146297919824,-2.04146297919824,-0.20526116191356,0.20526116191356,-0.310778352264628,0.310778352264628,1.26597873504612,-1.26597873504612,-0.98069531258527,0.98069531258527,-1.18562716837644,1.18562716837644,-0.811274986771507,0.811274986771507,-0.154853717906986,0.154853717906986,1.17118678722109,-1.17118678722109,1.11609788885908,-1.11609788885908,0.177183539373456,-0.177183539373456,-0.376975507114339,0.376975507114339,-1.06459098906605,1.06459098906605,0.159513062762185,-0.159513062762185,1.75820349832526,-1.75820349832526,0.57841095125835,-0.57841095125835,-0.162888948156503,0.162888948156503,0.0381069218197017,-0.0381069218197017,-0.869033732469258,0.869033732469258,1.75766107234832,-1.75766107234832,0.0126975063774502,-0.0126975063774502,-0.36462193564234,0.36462193564234,-1.40952641212686,1.40952641212686,0.876691353958936,-0.876691353958936,-0.148739904413361,0.148739904413361,0.271807671822806,-0.271807671822806,0.945496586147666,-0.945496586147666,1.15826313812901,-1.15826313812901,0.803355897004049,-0.803355897004049,0.264503756252839,-0.264503756252839,0.825720987902116,-0.825720987902116,-1.51941476642828,1.51941476642828,0.933155578069748,-0.933155578069748,-1.15576211012924,1.15576211012924,0.556632005497506,-0.556632005497506,-0.30480123318604,0.30480123318604,0.335496810223312,-0.335496810223312,0.612883444501414,-0.612883444501414,0.893640465447203,-0.893640465447203,-2.00404712409702,2.00404712409702,0.220092586232743,-0.220092586232743,1.00723879214096,-1.00723879214096,-2.25945220844015,2.25945220844015,-0.0974329475961341,0.0974329475961341,-0.315487531161638,0.315487531161638,1.11230430014374,-1.11230430014374,-0.127800418046158,0.127800418046158,0.95111844998241,-0.95111844998241,-0.496714614636586,0.496714614636586,2.76383316196394,-2.76383316196394,0.599422940788085,-0.599422940788085,-1.28556009262293,1.28556009262293,0.292522776762347,-0.292522776762347,2.38518419591186,-2.38518419591186,-0.36147893382661,0.36147893382661,-1.06244478829287,1.06244478829287,1.60350459975318,-1.60350459975318,1.95144433297787,-1.95144433297787,-1.29276835694304,1.29276835694304,-0.682885731130136,0.682885731130136,-0.490999855846666,0.490999855846666,-0.419671285538893,0.419671285538893,-0.755285272113796,0.755285272113796,-1.50310556724422,1.50310556724422,-1.48538286945146,1.48538286945146,0.597690357818686,-0.597690357818686,-1.05002960692161,1.05002960692161,1.62232235877028,-1.62232235877028,1.64259912277112,-1.64259912277112,-1.81050102544812,1.81050102544812,-1.9172543976332,1.9172543976332,-1.5465485123834,1.5465485123834,0.939765064099488,-0.939765064099488,-1.99245314648729,1.99245314648729,1.16573738262925,-1.16573738262925,-0.798787320502322,0.798787320502322,-0.91838403734935,0.91838403734935,-1.15080686505261,1.15080686505261,-0.360227151019895,0.360227151019895,-1.25324704071123,1.25324704071123,-0.015259798389502,0.015259798389502,-1.85834149549024,1.85834149549024,-0.704037264718497,0.704037264718497,-0.666519913820336,0.666519913820336,1.28790948091855,-1.28790948091855,-0.176500256542725,0.176500256542725,-0.549932646803048,0.549932646803048,-0.00143125960282196,0.00143125960282196,0.373268184067072,-0.373268184067072,-0.0090078726303822,0.0090078726303822,0.197977029942728,-0.197977029942728,-0.492119140804147,0.492119140804147,1.90386980564032,-1.90386980564032,-1.10693460615652,1.10693460615652,0.131714000057298,-0.131714000057298,-0.441781026811761,0.441781026811761,-0.477605238784558,0.477605238784558,0.688292035070198,-0.688292035070198,0.163174032091593,-0.163174032091593,-0.215434752342612,0.215434752342612,-1.22624403984412,1.22624403984412,-1.56039667609549,1.56039667609549,-1.05311098707316,1.05311098707316,-0.667026685617277,0.667026685617277,0.328781999432743,-0.328781999432743,0.469392358808949,-0.469392358808949,-0.359798821047702,0.359798821047702,2.11957708847152,-2.11957708847152,-1.65950443275199,1.65950443275199,-0.719850645617349,0.719850645617349,0.260027355813276,-0.260027355813276,0.198262610937483,-0.198262610937483,-0.589269339114514,0.589269339114514,-0.900085977280462,0.900085977280462,0.414742952173051,-0.414742952173051,2.12514487728064,-2.12514487728064,-2.08590544897212,2.08590544897212,-1.71052719866262,1.71052719866262,1.08258679713351,-1.08258679713351,0.17894571106348,-0.17894571106348,-1.03923997261643,1.03923997261643,0.934561192163456,-0.934561192163456,1.39840355093019,-1.39840355093019,0.634457937419513,-0.634457937419513,0.94745610101902,-0.94745610101902,0.215926024299817,-0.215926024299817,-0.159910292101569,0.159910292101569,1.57999881729292,-1.57999881729292,1.24885155545214,-1.24885155545214,-0.527815706346309,0.527815706346309,-0.691920953899667,0.691920953899667,-0.21952714354994,0.21952714354994,-0.293118785038784,0.293118785038784,1.92259060551877,-1.92259060551877,-0.216973198061414,0.216973198061414,-0.435234027510466,0.435234027510466,-0.352905015782933,0.352905015782933,-0.623231317801168,0.623231317801168,-1.78373779188638,1.78373779188638,-1.68362589439162,1.68362589439162,0.0025775915391733,-0.0025775915391733,-0.343678344954355,0.343678344954355,-1.46937633129783,1.46937633129783,-0.719958406566517,0.719958406566517,0.360713146991019,-0.360713146991019,-0.00151854454560016,0.00151854454560016,0.386091906193431,-0.386091906193431,0.945631781474863,-0.945631781474863,-0.815125298346453,0.815125298346453,-1.72731858056865,1.72731858056865,-0.22928321751159,0.22928321751159,-1.16404713125498,1.16404713125498,0.909782643387266,-0.909782643387266,-1.69416813560697,1.69416813560697,0.0404175815738901,-0.0404175815738901,-0.773065832983102,0.773065832983102,-1.0453213566362,1.0453213566362,1.63796792759929,-1.63796792759929,-1.40428658974209,1.40428658974209,-0.427249612366347,0.427249612366347,2.07524386995019,-2.07524386995019,1.45723253833417,-1.45723253833417,0.540760098191952,-0.540760098191952,-1.53726551760818,1.53726551760818,-1.20904033214335,1.20904033214335,-1.94341388326927,1.94341388326927,-2.04182581945036,2.04182581945036,1.97627348045119,-1.97627348045119,1.14547456842657,-1.14547456842657,0.364520328456443,-0.364520328456443,0.880393422072968,-0.880393422072968,-0.219704218103135,0.219704218103135,-1.60412732453935,1.60412732453935,-1.16107493882957,1.16107493882957,-0.971932453798086,0.971932453798086,-0.238910331242217,0.238910331242217,0.221767939959257,-0.221767939959257,-1.42293271070519,1.42293271070519,0.336909251999891,-0.336909251999891,1.04023236718706,-1.04023236718706,-0.911288260359911,0.911288260359911,1.08013222831248,-1.08013222831248,-0.907901093221399,0.907901093221399,1.19886583095172,-1.19886583095172,0.418556840076888,-0.418556840076888,0.485246022233538,-0.485246022233538,0.526299653142844,-0.526299653142844,1.51522327510819,-1.51522327510819,0.616126948207133,-0.616126948207133,0.601272203592386,-0.601272203592386,0.34865633548758,-0.34865633548758,0.959909136473227,-0.959909136473227,1.80854686298883,-1.80854686298883,1.20104134570986,-1.20104134570986,1.22458015399542,-1.22458015399542,1.47146068057227,-1.47146068057227,1.07623845966326,-1.07623845966326,-0.136345241695804,0.136345241695804,1.59446964814945,-1.59446964814945,-0.0107456350872042,0.0107456350872042,-0.0574780835667146,0.0574780835667146,-0.0832420308298628,0.0832420308298628,0.0940208970965019,-0.0940208970965019,-0.351084089984362,0.351084089984362,-0.523684257206348,0.523684257206348,-1.29215166047232,1.29215166047232,0.798353490058312,-0.798353490058312,0.0660631306441519,-0.0660631306441519,-0.447856691127965,0.447856691127965,-2.31986213327404,2.31986213327404,0.661189836928872,-0.661189836928872,0.428667620709072,-0.428667620709072,0.710221960772897,-0.710221960772897,-2.17808116993271,2.17808116993271,-0.898156758898378,0.898156758898378,0.146935440852664,-0.146935440852664,-0.576140735577222,0.576140735577222,-1.36904918755068,1.36904918755068,0.645092371370257,-0.645092371370257,0.704368725107847,-0.704368725107847,1.60978667366461,-1.60978667366461,-1.18474333367313,1.18474333367313,-0.656814021999637,0.656814021999637,-1.47900541538091,1.47900541538091,-0.80779192970304,0.80779192970304,-0.550604292751838,0.550604292751838,-0.848374436870542,0.848374436870542,0.276598343151064,-0.276598343151064,0.241369001039377,-0.241369001039377,-0.460401294199177,0.460401294199177,1.18022546206732,-1.18022546206732,0.432671346291558,-0.432671346291558,-0.0833728409757486,0.0833728409757486,0.565757525671555,-0.565757525671555,0.875521735756255,-0.875521735756255,1.67931972684173,-1.67931972684173,2.38292951507176,-2.38292951507176,-0.356924595958598,0.356924595958598,-0.75634000488928,0.75634000488928,0.453627649764285,-0.453627649764285,0.112309941633707,-0.112309941633707,-0.187706211169965,0.187706211169965,-1.45870682595514,1.45870682595514,1.0865216335283,-1.0865216335283,0.283322356495551,-0.283322356495551,-0.309233178926857,0.309233178926857,-0.267352235289858,0.267352235289858,0.396655368047776,-0.396655368047776,-0.396877972765943,0.396877972765943,-0.0781474430526039,0.0781474430526039,-0.635698484437745,0.635698484437745,-0.624230322827513,0.624230322827513,-0.331907133166773,0.331907133166773,0.543285145907779,-0.543285145907779,-0.283478373786171,0.283478373786171,-0.722103647524311,0.722103647524311,-0.392089905957399,0.392089905957399,-0.992318090669038,0.992318090669038,-0.541272401297363,0.541272401297363,-1.17831233991633,1.17831233991633,0.766038139224046,-0.766038139224046,-1.44798133405123,1.44798133405123,-1.67909645524825,1.67909645524825,1.25439371349576,-1.25439371349576,1.19754892072697,-1.19754892072697,0.891387467991587,-0.891387467991587,-0.382964465847068,0.382964465847068,-0.196596819747564,0.196596819747564,0.000956384609598028,-0.000956384609598028,-0.227365836938573,0.227365836938573,-0.821242799579531,0.821242799579531,1.41355783681146,-1.41355783681146,0.0664240771853554,-0.0664240771853554,-0.221042614192328,0.221042614192328,1.35222580792692,-1.35222580792692,-2.01348014174841,2.01348014174841,-0.438662563017111,0.438662563017111,0.734920091909536,-0.734920091909536,-0.814925387003707,0.814925387003707,-1.37631836746624,1.37631836746624,-0.564316390721801,0.564316390721801,-0.98486386909975,0.98486386909975,-1.51610110348309,1.51610110348309,1.321115853822,-1.321115853822,0.501361230381853,-0.501361230381853,-0.536508444076381,0.536508444076381,0.0620429629949551,-0.0620429629949551,1.75122482261584,-1.75122482261584,-0.470755747269468,0.470755747269468,-0.95330682266533,0.95330682266533,-2.26471950313028,2.26471950313028,0.561544315642217,-0.561544315642217,-0.433908395149109,0.433908395149109,0.937069882793625,-0.937069882793625,0.493301659059411,-0.493301659059411,-1.32819175302974,1.32819175302974,-0.219350427781632,0.219350427781632,-1.49440067796701,1.49440067796701,-0.395426115676757,0.395426115676757,0.14094661849148,-0.14094661849148,-0.600937770303926,0.600937770303926,-1.09487269312333,1.09487269312333,1.70342715463539,-1.70342715463539,0.103790303631583,-0.103790303631583,-1.11572618448976,1.11572618448976,-0.479417765833671,0.479417765833671,-0.0135006114052583,0.0135006114052583,-0.244316901233889,0.244316901233889,-1.3570540171739,1.3570540171739,-1.50721503486038,1.50721503486038,0.21236646094606,-0.21236646094606,0.914906903569262,-0.914906903569262,-0.823176354451516,0.823176354451516,1.81905622580426,-1.81905622580426,0.611538156138582,-0.611538156138582,-0.720183191858139,0.720183191858139,0.390504246686462,-0.390504246686462,0.515958941913631,-0.515958941913631,-1.99008260810326,1.99008260810326,0.555214435536903,-0.555214435536903,0.211455407372623,-0.211455407372623,-0.0884910086897576,0.0884910086897576,0.465936810803546,-0.465936810803546,-0.437193694848725,0.437193694848725,-0.981388314727648,0.981388314727648,0.0933701140935521,-0.0933701140935521,0.589791338714407,-0.589791338714407,1.22275631780567,-1.22275631780567,0.319766650389048,-0.319766650389048,-0.27812709250469,0.27812709250469,-0.659300558636248,0.659300558636248,-1.95853369125807,1.95853369125807,0.531499687014638,-0.531499687014638,-0.389949109809031,0.389949109809031,0.549766179935152,-0.549766179935152,0.17603670232992,-0.17603670232992,-0.0974556171076965,0.0974556171076965,-0.21024369704711,0.21024369704711,0.194872235572596,-0.194872235572596,-0.585583412273664,0.585583412273664,0.250090005995042,-0.250090005995042,-0.119830339310558,0.119830339310558,0.343034377893109,-0.343034377893109,-0.400947642747064,0.400947642747064,-1.07731725626342,1.07731725626342,-2.37400395593416,2.37400395593416,-0.202366085062048,0.202366085062048,0.265051032586235,-0.265051032586235,0.648869433142176,-0.648869433142176,0.885726276589163,-0.885726276589163,1.97044756600933,-1.97044756600933,0.0579847717388207,-0.0579847717388207,-0.310881263182586,0.310881263182586,0.862931809600452,-0.862931809600452,1.32653121137506,-1.32653121137506,-0.0391306253212888,0.0391306253212888,-0.527418936866212,0.527418936866212,-0.414544450804221,0.414544450804221,-0.0540357274607726,0.0540357274607726,0.802291420052382,-0.802291420052382,0.275566808111493,-0.275566808111493,2.02853932960381,-2.02853932960381,1.82085478453155,-1.82085478453155,2.71874431263773,-2.71874431263773,1.15601325486881,-1.15601325486881,-0.868068502829411,0.868068502829411,1.14528765942995,-1.14528765942995,0.425011237167622,-0.425011237167622,0.357890894801423,-0.357890894801423,-0.153785844188457,0.153785844188457,0.0322609019997327,-0.0322609019997327,0.42278605030954,-0.42278605030954,1.68234082869641,-1.68234082869641,-0.504829159442447,0.504829159442447,-0.595105445506491,0.595105445506491,1.10589878665564,-1.10589878665564,-0.245781248436661,0.245781248436661,1.0948744955559,-1.0948744955559,1.57789371575162,-1.57789371575162,-0.622549424867858,0.622549424867858,-0.300253183022417,0.300253183022417,1.55337628856066,-1.55337628856066,-0.819249652614179,0.819249652614179,0.591929237950429,-0.591929237950429,0.0683812867264866,-0.0683812867264866,1.311753240123,-1.311753240123,-0.171493129787888,0.171493129787888,-1.30949112535634,1.30949112535634,1.09425357671136,-1.09425357671136,0.776679056000974,-0.776679056000974,-1.26207939852526,1.26207939852526,-0.720703456932394,0.720703456932394,1.35845279689104,-1.35845279689104,0.646265650831667,-0.646265650831667,-0.0452380868991857,0.0452380868991857,0.83661966644656,-0.83661966644656,0.0480456143470666,-0.0480456143470666,0.66627091649861,-0.66627091649861,-0.810422565642934,0.810422565642934,-0.499007976167992,0.499007976167992,-2.64717076753698,2.64717076753698,-0.125282536307089,0.125282536307089,-1.70590227496572,1.70590227496572,-0.177014109443665,0.177014109443665,1.09494931943592,-1.09494931943592,-0.3248651318133,0.3248651318133,3.11875987037818,-3.11875987037818,-0.776670494955844,0.776670494955844,-1.70447244959685,1.70447244959685,-0.0393210003441193,0.0393210003441193,-0.600252396057572,0.600252396057572,0.572674064884487,-0.572674064884487,0.877971323133263,-0.877971323133263,0.876597094158078,-0.876597094158078,0.763168651478567,-0.763168651478567,0.303574352622413,-0.303574352622413,-0.388995831645625,0.388995831645625,0.0321065912879143,-0.0321065912879143,-1.21795964124432,1.21795964124432,-0.734773598463235,0.734773598463235,0.822846054290625,-0.822846054290625,-0.0864571344421856,0.0864571344421856,-1.63987453472316,1.63987453472316,0.548850352732782,-0.548850352732782,0.476680749304029,-0.476680749304029,0.0935507301241998,-0.0935507301241998,-0.299570937411601,0.299570937411601,-0.468450621404968,0.468450621404968,0.11362601851972,-0.11362601851972,1.27928669683988,-1.27928669683988,-1.40615980406738,1.40615980406738,-0.31643874993206,0.31643874993206,-0.177437446041231,0.177437446041231,0.473885511685654,-0.473885511685654,0.869236729094687,-0.869236729094687,0.142094680149353,-0.142094680149353,-1.31942656929343,1.31942656929343,-0.661581539178851,0.661581539178851,0.15378231295656,-0.15378231295656,-2.22479357505052,2.22479357505052,-0.079463906157931,0.079463906157931,0.172043542905534,-0.172043542905534,-0.719660371168663,0.719660371168663,0.120997580145002,-0.120997580145002,0.199618300953302,-0.199618300953302,-1.16259382246599,1.16259382246599,-0.48888639754859,0.48888639754859,-0.928182143787133,0.928182143787133,0.715898912762491,-0.715898912762491,-0.107325794751485,0.107325794751485,0.0610927937107999,-0.0610927937107999,0.460698434036605,-0.460698434036605,-0.694637054700917,0.694637054700917,2.05889914144211,-2.05889914144211,0.292737073105839,-0.292737073105839,0.226219620212513,-0.226219620212513,0.758428093425943,-0.758428093425943,-1.02076673764731,1.02076673764731,1.26008899864871,-1.26008899864871,-0.642479950058338,0.642479950058338,0.954389534386101,-0.954389534386101,-1.92712271917937,1.92712271917937,-0.521759629378011,0.521759629378011,-0.0579376053870906,0.0579376053870906,-0.348433069812914,0.348433069812914,-0.777539089750671,0.777539089750671,0.975963378766819,-0.975963378766819,0.320166864987072,-0.320166864987072,-2.91224463095851,2.91224463095851,1.04441871302828,-1.04441871302828,0.25521002954652,-0.25521002954652,-0.0308752835621841,0.0308752835621841,-1.51239033408737,1.51239033408737,0.29074973455641,-0.29074973455641,-0.0217608883665472,0.0217608883665472,-0.715150514890475,0.715150514890475,-0.293585639902373,0.293585639902373,0.626494075329869,-0.626494075329869,-0.0927337683558183,0.0927337683558183,1.85675510526787,-1.85675510526787,-1.0710426095411,1.0710426095411,-0.0174476779206541,0.0174476779206541,-0.483230444097518,0.483230444097518,-0.337821576137431,0.337821576137431,-0.13246517333134,0.13246517333134,-1.09717584709887,1.09717584709887,0.329799044078675,-0.329799044078675,0.412693152987836,-0.412693152987836,-0.31743312324895,0.31743312324895,-0.88990897881867,0.88990897881867,0.455604031517935,-0.455604031517935,0.824849118175146,-0.824849118175146,-0.959654879697882,0.959654879697882,-1.08728815850839,1.08728815850839,-0.112391519700905,0.112391519700905,0.0532304742161801,-0.0532304742161801,1.41886618231095,-1.41886618231095,1.12449166671995,-1.12449166671995,-1.01411109258116,1.01411109258116,-1.02101485316424,1.02101485316424,-0.0347058021341313,0.0347058021341313,0.367359149720117,-0.367359149720117,-0.779789859701,0.779789859701,-0.604761469126823,0.604761469126823,0.15279697639412,-0.15279697639412,0.632524856632405,-0.632524856632405,0.281382399982834,-0.281382399982834,0.59739818477273,-0.59739818477273,0.98180079390738,-0.98180079390738,0.692277454248172,-0.692277454248172,1.72894557376828,-1.72894557376828,0.920939742205825,-0.920939742205825,0.337224550343317,-0.337224550343317,0.842610133060159,-0.842610133060159,0.49226662861993,-0.49226662861993,0.0116077887460473,-0.0116077887460473,1.75992729521439,-1.75992729521439,-0.645898299226444,0.645898299226444,0.83349273722728,-0.83349273722728,0.727685909582931,-0.727685909582931,2.09167643495617,-2.09167643495617,-1.49945599646513,1.49945599646513,-0.935295423085992,0.935295423085992,-0.458821683040683,0.458821683040683,-0.824167743801513,0.824167743801513,0.0547603007186695,-0.0547603007186695,-1.65753978936831,1.65753978936831,-0.800530177857332,0.800530177857332,-0.4995440536891,0.4995440536891,-0.21463432084106,0.21463432084106,-0.506495323673785,0.506495323673785,0.566261544619163,-0.566261544619163,0.675537248203257,-0.675537248203257,0.250181755034217,-0.250181755034217,-1.16592998266259,1.16592998266259,-0.382158014269003,0.382158014269003,-0.24995696882864,0.24995696882864,1.31603590929,-1.31603590929,-0.394563753017441,0.394563753017441,-1.26847882467653,1.26847882467653,0.968713585445387,-0.968713585445387,-0.296797592993483,0.296797592993483,0.25672795010917,-0.25672795010917,-1.6125688303874,1.6125688303874,-0.0278146503294855,0.0278146503294855,-0.0917654882387791,0.0917654882387791,-0.347654602967518,0.347654602967518,0.810293416263443,-0.810293416263443,0.553836742341163,-0.553836742341163,-0.720136935010048,0.720136935010048,2.07479908777552,-2.07479908777552,-0.479109109230998,0.479109109230998,0.891163827611668,-0.891163827611668,1.39020889252231,-1.39020889252231,0.140618466164432,-0.140618466164432,0.721834017145604,-0.721834017145604,0.0892180465277144,-0.0892180465277144,1.23829954549446,-1.23829954549446,1.09285164039287,-1.09285164039287,0.174388718645881,-0.174388718645881,0.580032542350049,-0.580032542350049,-2.16225476471127,2.16225476471127,0.374867213480065,-0.374867213480065,-0.257785589079449,0.257785589079449,-1.00799827720234,1.00799827720234,-0.142296562508595,0.142296562508595,-1.44472236460912,1.44472236460912,2.21087819202249,-2.21087819202249,2.01540206714633,-2.01540206714633,-0.671958422237041,0.671958422237041,0.438210920376725,-0.438210920376725,0.0357794651959364,-0.0357794651959364,0.486063999240957,-0.486063999240957,0.773403635543785,-0.773403635543785,-0.0077251766946316,0.0077251766946316,-1.65219297039741,1.65219297039741,1.25349298238456,-1.25349298238456,-0.125610440596505,0.125610440596505,1.549716359985,-1.549716359985,-0.837317082274251,0.837317082274251,-0.364472721942178,0.364472721942178,2.80820999120187,-2.80820999120187,-0.741655293868629,0.741655293868629,-0.476966451366838,0.476966451366838,0.642385006616502,-0.642385006616502,-0.953292394753528,0.953292394753528,1.06460461499832,-1.06460461499832,2.60918818473106,-2.60918818473106,-2.05478972723503,2.05478972723503,-1.63705644685159,1.63705644685159,1.18211779317307,-1.18211779317307,1.41852119038164,-1.41852119038164,2.60968388051667,-2.60968388051667,-0.109642652164773,0.109642652164773,0.759180964816861,-0.759180964816861,-1.68861652383158,1.68861652383158,1.22445834131943,-1.22445834131943,0.615518890079861,-0.615518890079861,-0.863932407248176,0.863932407248176,-1.5918822793091,1.5918822793091,0.546072282392296,-0.546072282392296,-0.92964126310493,0.92964126310493,1.02626485610378,-1.02626485610378,-0.0167527254172409,0.0167527254172409,0.404565960062554,-0.404565960062554,-1.59900227354966,1.59900227354966,0.183001392082983,-0.183001392082983,-1.04314899143346,1.04314899143346,1.41349852640031,-1.41349852640031,0.699592816175719,-0.699592816175719,1.43193674386657,-1.43193674386657,1.07246883208402,-1.07246883208402,-0.0230861247056686,0.0230861247056686,0.783707470372008,-0.783707470372008,-1.30703125911383,1.30703125911383,0.6371205743861,-0.6371205743861,1.25233232396026,-1.25233232396026,-0.180954954376096,0.180954954376096,0.275838437639466,-0.275838437639466,-0.796697092385257,0.796697092385257,0.176361352753983,-0.176361352753983,-0.148944676153045,0.148944676153045,0.582660526140982,-0.582660526140982,0.665542158432975,-0.665542158432975,1.26820076500428,-1.26820076500428,-0.896676011579954,0.896676011579954,-1.27881469502552,1.27881469502552,-1.17560210120773,1.17560210120773,0.775572483378147,-0.775572483378147,0.415992848499983,-0.415992848499983,-0.536204671733491,0.536204671733491,-0.366573169515867,0.366573169515867,-2.63023746834056,2.63023746834056,-0.434755588403157,0.434755588403157,-0.264394817304017,0.264394817304017,-1.65128014946767,1.65128014946767,-1.02633142013815,1.02633142013815,0.495187572583905,-0.495187572583905,-0.156721735771074,0.156721735771074,1.04543311609972,-1.04543311609972,0.131476755372938,-0.131476755372938,-0.216013346791139,0.216013346791139,-0.0152309041251268,0.0152309041251268,0.046101565135723,-0.046101565135723,0.359228449428415,-0.359228449428415,1.40435296799166,-1.40435296799166,1.99683589170472,-1.99683589170472,2.54990900158334,-2.54990900158334,-0.103791438073755,0.103791438073755,0.393688741039286,-0.393688741039286,0.840656543408331,-0.840656543408331,1.39326421147286,-1.39326421147286,0.611148684425312,-0.611148684425312,0.808278531827749,-0.808278531827749,0.368094989337393,-0.368094989337393,1.178981704342,-1.178981704342,-0.49951760231091,0.49951760231091,-1.55028014279799,1.55028014279799,1.41909398643826,-1.41909398643826,1.7759411595055,-1.7759411595055,-0.720023805868495,0.720023805868495,-0.150210106713428,0.150210106713428,-0.362569291565663,0.362569291565663,1.50436959297789,-1.50436959297789,-0.366341214314255,0.366341214314255,0.159109078889485,-0.159109078889485,0.072322712404638,-0.072322712404638,-1.71370564449332,1.71370564449332,0.0119668676429045,-0.0119668676429045,0.725531886860828,-0.725531886860828,-0.176295623390013,0.176295623390013,-1.23018175026408,1.23018175026408,-0.317479929742839,0.317479929742839,0.752903671737153,-0.752903671737153,2.46044298197087,-2.46044298197087,0.248839023739587,-0.248839023739587,-0.270761435897098,0.270761435897098,-0.624939205948995,0.624939205948995,-0.326608148721584,0.326608148721584,-0.568464628700948,0.568464628700948,-1.54352660507457,1.54352660507457,0.332934326787181,-0.332934326787181,-1.2136695599255,1.2136695599255,0.119806062800787,-0.119806062800787,-1.936838776863,1.936838776863,2.09087003156065,-2.09087003156065,-0.00290849402833535,0.00290849402833535,0.26247673526107,-0.26247673526107,0.236309767764346,-0.236309767764346,0.209318333728083,-0.209318333728083,-0.366840107869479,0.366840107869479,2.58509970059381,-2.58509970059381,1.32672421476738,-1.32672421476738,-1.72829298876782,1.72829298876782,-0.652062419068313,0.652062419068313,-0.0995219326902138,0.0995219326902138,-1.08749393186555,1.08749393186555,0.131133471960706,-0.131133471960706,1.86585050902673,-1.86585050902673,0.809808514650128,-0.809808514650128,-0.512101944852962,0.512101944852962,1.35793179431744,-1.35793179431744,-1.2104552925016,1.2104552925016,0.185483963657793,-0.185483963657793,-0.552356883582271,0.552356883582271,0.0323841190758414,-0.0323841190758414,-0.72590525116763,0.72590525116763,-1.48716468052025,1.48716468052025,-1.28319234375464,1.28319234375464,2.1239926097296,-2.1239926097296,1.11072895773844,-1.11072895773844,-0.436029002992706,0.436029002992706,0.326065563542438,-0.326065563542438,0.740973041046046,-0.740973041046046,0.842752161978045,-0.842752161978045,0.195329823153601,-0.195329823153601,-1.04395018933693,1.04395018933693,0.933984665452085,-0.933984665452085,1.72737506786656,-1.72737506786656,-0.625406817062143,0.625406817062143,-0.829563959263047,0.829563959263047,0.683195707536829,-0.683195707536829,-0.114491054657127,0.114491054657127,0.291067210637772,-0.291067210637772,-1.91104832189711,1.91104832189711,1.04078631614571,-1.04078631614571,0.466987348332216,-0.466987348332216,0.536004692983281,-0.536004692983281,1.29707007890633,-1.29707007890633,0.81997678764431,-0.81997678764431,-1.24094572823211,1.24094572823211,1.5898699491368,-1.5898699491368,-0.0598841676210838,0.0598841676210838,-0.406849349967606,0.406849349967606,0.0342227922676933,-0.0342227922676933,-0.238174460173084,0.238174460173084,-1.29378645783121,1.29378645783121,-0.354850539447541,0.354850539447541,-1.35378609789344,1.35378609789344,-0.781588821104586,0.781588821104586,0.496479417206056,-0.496479417206056,-0.918324520082336,0.918324520082336,-0.0223184021040979,0.0223184021040979,-0.763873663741028,0.763873663741028,-0.569218753674889,0.569218753674889,0.83128535469025,-0.83128535469025,2.4076373343125,-2.4076373343125,0.00502837893549993,-0.00502837893549993,0.560608843264869,-0.560608843264869,1.19196928998184,-1.19196928998184,0.804189193121132,-0.804189193121132,0.882335698861601,-0.882335698861601,0.705503896091188,-0.705503896091188,-0.993047614660194,0.993047614660194,0.45527103447779,-0.45527103447779,-0.221719277921105,0.221719277921105,1.22627950756697,-1.22627950756697,-0.234878827964231,0.234878827964231,-0.276464430458758,0.276464430458758,-0.258259015506648,0.258259015506648,1.34864142248826,-1.34864142248826,1.92677099109014,-1.92677099109014,-1.72195633481921,1.72195633481921,-2.05272326459431,2.05272326459431,0.846826337150879,-0.846826337150879,1.23311228513417,-1.23311228513417,-0.53163271406213,0.53163271406213,1.38067030815399,-1.38067030815399,-0.660124108544752,0.660124108544752,1.64554299989961,-1.64554299989961,-0.148042572923306,0.148042572923306,-0.217866929173124,0.217866929173124,-0.0746721401378542,0.0746721401378542,-0.912293420205414,0.912293420205414,1.74390129218229,-1.74390129218229,-1.48210154166328,1.48210154166328,-0.584343672359823,0.584343672359823,-1.16888092793029,1.16888092793029,1.30179848969001,-1.30179848969001,-0.00765473835980437,0.00765473835980437,0.555107883990924,-0.555107883990924,-1.08641011646893,1.08641011646893,0.150667712710874,-0.150667712710874,-0.282158614801602,0.282158614801602,0.0767640215693176,-0.0767640215693176,2.35429828662474,-2.35429828662474,-0.333303821320309,0.333303821320309,-0.21472315979539,0.21472315979539,0.656985399157331,-0.656985399157331,-0.841650027248804,0.841650027248804,-0.344482229072809,0.344482229072809,-1.26272601096427,1.26272601096427,2.53940478599337,-2.53940478599337,-0.0106220431117423,0.0106220431117423,0.160103573566414,-0.160103573566414,-0.202612011905356,0.202612011905356,-0.391859521142744,0.391859521142744,0.373287735948294,-0.373287735948294,-0.851183350776437,0.851183350776437,0.13897022725516,-0.13897022725516,1.57578888100316,-1.57578888100316,0.396065869055632,-0.396065869055632,0.121885969650632,-0.121885969650632,-0.514097345093599,0.514097345093599,-0.266214239509531,0.266214239509531,-1.63435959138096,1.63435959138096,0.188973938568607,-0.188973938568607,-0.156521782170734,0.156521782170734,-1.40913841496717,1.40913841496717,-1.21784795432651,1.21784795432651,0.518115429540484,-0.518115429540484,1.70900029982825,-1.70900029982825,0.808381990480483,-0.808381990480483,0.355195212614597,-0.355195212614597,-0.889755470697849,0.889755470697849,-0.958042328693049,0.958042328693049,-0.640623667728173,0.640623667728173,-0.561267236381084,0.561267236381084,0.205770602055937,-0.205770602055937,1.2347238440764,-1.2347238440764,-0.119312087530451,0.119312087530451,-0.734678962799928,0.734678962799928,-2.48478786260687,2.48478786260687,-0.685437004622412,0.685437004622412,1.4463077843706,-1.4463077843706,1.01413973632061,-1.01413973632061,-0.587816333208186,0.587816333208186,-0.853022657537745,0.853022657537745,1.16799299984525,-1.16799299984525,0.514346858418117,-0.514346858418117,-0.569446309274274,0.569446309274274,-0.547177333845563,0.547177333845563,2.20570301454733,-2.20570301454733,-0.064741860156219,0.064741860156219,-0.0539962288171931,0.0539962288171931,0.451584485285749,-0.451584485285749,-0.540731704206085,0.540731704206085,1.38822263183187,-1.38822263183187,1.24309971217318,-1.24309971217318,-0.548055957935077,0.548055957935077,0.121064475486308,-0.121064475486308,-0.470799207681762,0.470799207681762,0.0993256173746434,-0.0993256173746434,-1.82003279001113,1.82003279001113,0.0343963832271454,-0.0343963832271454,-0.403719503410825,0.403719503410825,-0.363593136376101,0.363593136376101,-1.05172138975545,1.05172138975545,-1.95650788414514,1.95650788414514,1.29101768676281,-1.29101768676281,0.534817930942254,-0.534817930942254,0.554799222733455,-0.554799222733455,0.0363142721358062,-0.0363142721358062,0.274498355633649,-0.274498355633649,-1.53367521631916,1.53367521631916,-0.193429655644779,0.193429655644779,2.23288438596679,-2.23288438596679,0.240501054970574,-0.240501054970574,-0.036456790473706,0.036456790473706,-0.250584684692824,0.250584684692824,-1.26866726967454,1.26866726967454,-1.67444086017915,1.67444086017915,-0.613290138027169,0.613290138027169,-0.300295024483614,0.300295024483614,1.22440194381703,-1.22440194381703,-0.617920640060377,0.617920640060377,0.0615896250809634,-0.0615896250809634,-0.351313661160185,0.351313661160185,1.27020035212869,-1.27020035212869,0.00461011657353521,-0.00461011657353521,-0.125573475369858,0.125573475369858,-0.491702078312753,0.491702078312753,0.0662968231528427,-0.0662968231528427,0.105108053935401,-0.105108053935401,-0.8631913387806,0.8631913387806,-0.440313599710501,0.440313599710501,-0.144987793912238,0.144987793912238,-0.0494154752582768,0.0494154752582768,-0.131370017007752,0.131370017007752,1.4503971009135,-1.4503971009135,1.23159076022337,-1.23159076022337,-0.476407084231391,0.476407084231391,1.68599884785506,-1.68599884785506,0.728903033147824,-0.728903033147824,-0.601489663702972,0.601489663702972,-0.506011382468901,0.506011382468901,1.31712767651894,-1.31712767651894,-0.709990794150025,0.709990794150025,0.740500972668276,-0.740500972668276,0.393517251993935,-0.393517251993935,0.304652897588412,-0.304652897588412,1.0031793814622,-1.0031793814622,1.01689374072537,-1.01689374072537,-0.989804239179537,0.989804239179537,0.848461985423777,-0.848461985423777,1.41277341298718,-1.41277341298718,-0.140870299544607,0.140870299544607,0.576901805852619,-0.576901805852619,0.983341544532509,-0.983341544532509,-0.103784325294742,0.103784325294742,-0.165351837949397,0.165351837949397,-0.525896628775865,0.525896628775865,-0.790565617144217,0.790565617144217,0.304474565006683,-0.304474565006683,0.917004176690649,-0.917004176690649,-0.301389174173426,0.301389174173426,0.440588162303047,-0.440588162303047,-1.42200632918944,1.42200632918944,-0.0777483766685333,0.0777483766685333,0.594529931567967,-0.594529931567967,0.703622059300957,-0.703622059300957,0.239448813657925,-0.239448813657925,-0.761007166960162,0.761007166960162,-0.938152659584688,0.938152659584688,0.760602498332209,-0.760602498332209,0.383168208944026,-0.383168208944026,-0.0174311357949858,0.0174311357949858,-1.03474794918803,1.03474794918803,0.363788979551342,-0.363788979551342,0.178823034940673,-0.178823034940673,-1.31143250805778,1.31143250805778,0.972333731310007,-0.972333731310007,0.326664202949021,-0.326664202949021,0.455901152770723,-0.455901152770723,0.762525252815587,-0.762525252815587,-0.164935965884007,0.164935965884007,-0.805231760366826,0.805231760366826,0.377293898059475,-0.377293898059475,-1.12385838171599,1.12385838171599,-0.202312376879107,0.202312376879107,0.31366873038938,-0.31366873038938,-0.226032030461659,0.226032030461659,-0.269393831359131,0.269393831359131,-0.437313690206794,0.437313690206794,0.203466724561131,-0.203466724561131,-0.597396554542493,0.597396554542493,-0.330773469783541,0.330773469783541,1.21189552881935,-1.21189552881935,0.351337241995276,-0.351337241995276,1.16822819752775,-1.16822819752775,0.601160287070364,-0.601160287070364,-0.0503440245547669,0.0503440245547669,-1.49980020484327,1.49980020484327,-1.32553116905282,1.32553116905282,-1.9819409345253,1.9819409345253,0.04045591026093,-0.04045591026093,0.545048447130616,-0.545048447130616,-1.22947013873623,1.22947013873623,0.785966260762277,-0.785966260762277,0.823790291591256,-0.823790291591256,1.92576605311609,-1.92576605311609,-0.109137691649105,0.109137691649105,1.71557683611819,-1.71557683611819,1.71210625730868,-1.71210625730868,0.781732108854349,-0.781732108854349,0.693393732527444,-0.693393732527444,-1.00648714506028,1.00648714506028,-0.0871196453742405,0.0871196453742405,-0.54689530589895,0.54689530589895,0.74557020487067,-0.74557020487067,1.14228151521307,-1.14228151521307,0.0796941597159503,-0.0796941597159503,-0.510747278467533,0.510747278467533,0.565862191080877,-0.565862191080877,-0.584416767270226,0.584416767270226,1.50510195757675,-1.50510195757675,-0.248695613026637,0.248695613026637,0.197299827428356,-0.197299827428356,0.0622041744522495,-0.0622041744522495,-0.658094215672156,0.658094215672156,0.391615611294922,-0.391615611294922,0.28151202091827,-0.28151202091827,0.838512797178125,-0.838512797178125,-0.871831463559824,0.871831463559824,1.13038933926306,-1.13038933926306,0.273617117265589,-0.273617117265589,0.966593343098559,-0.966593343098559,1.23513858087203,-1.23513858087203,0.233076578902702,-0.233076578902702,0.158690932304298,-0.158690932304298,-1.03969007307274,1.03969007307274,-1.58651492596226,1.58651492596226,1.56581234327872,-1.56581234327872,1.21916635977944,-1.21916635977944,0.0391390899125925,-0.0391390899125925,-0.697777251901246,0.697777251901246,0.0591673290231231,-0.0591673290231231,2.38590315276563,-2.38590315276563,0.116162384830821,-0.116162384830821,-2.01084429414639,2.01084429414639,0.593243365897783,-0.593243365897783,-2.40276580141857,2.40276580141857,-0.147152366442214,0.147152366442214,-1.18579724699169,1.18579724699169,-0.708753175029809,0.708753175029809,-0.902515054301365,0.902515054301365,-1.60235089379721,1.60235089379721,-0.493248965210204,0.493248965210204,-0.324320344800139,0.324320344800139,1.15164030398887,-1.15164030398887,0.297022471716012,-0.297022471716012,0.0756249386492231,-0.0756249386492231,0.634629120082757,-0.634629120082757,-0.714180895895707,0.714180895895707,0.933681082932272,-0.933681082932272,-1.64603074611025,1.64603074611025,-0.94596940918152,0.94596940918152,-0.386647792011707,0.386647792011707,-0.0563666642087637,0.0563666642087637,-0.384477686587639,0.384477686587639,0.328977929038371,-0.328977929038371,1.57650468106426,-1.57650468106426,0.0620670009573258,-0.0620670009573258,0.240112376069405,-0.240112376069405,0.222841777451861,-0.222841777451861,-0.0591971445549047,0.0591971445549047,0.540088856132546,-0.540088856132546,-1.8476951144975,1.8476951144975,2.13634309267904,-2.13634309267904,1.51664619090639,-1.51664619090639,-0.45878981759552,0.45878981759552,-0.325261396138856,0.325261396138856,0.907347911703149,-0.907347911703149,-0.196638711643803,0.196638711643803,0.206962230928193,-0.206962230928193,1.3807008377595,-1.3807008377595,0.106861827170513,-0.106861827170513,0.603723242191254,-0.603723242191254,-1.19327181254074,1.19327181254074,1.39924217270515,-1.39924217270515,0.900907922177425,-0.900907922177425,-1.06924201656674,1.06924201656674,-1.93662049444207,1.93662049444207,-1.06055652056221,1.06055652056221,-0.0220279549213584,0.0220279549213584,-0.536877930734047,0.536877930734047,-0.496226775697587,0.496226775697587,1.17643821544548,-1.17643821544548,-0.786167904726636,0.786167904726636,0.950299882585079,-0.950299882585079,-0.37701620669553,0.37701620669553,0.362240773977303,-0.362240773977303,0.529870755240824,-0.529870755240824,1.67390118835887,-1.67390118835887,0.493471855057544,-0.493471855057544,0.488962801891059,-0.488962801891059,2.35915426788853,-2.35915426788853,1.39346219509596,-1.39346219509596,-1.16687546983082,1.16687546983082,-0.415310628514764,0.415310628514764,-1.62249164656784,1.62249164656784,-1.74848462953558,1.74848462953558,0.276377358540683,-0.276377358540683,-1.06197851590261,1.06197851590261,-0.513719044274499,0.513719044274499,0.20290144513454,-0.20290144513454,-0.481664971503714,0.481664971503714,-0.0295219332876087,0.0295219332876087,0.0154245767463685,-0.0154245767463685,-1.16510872951873,1.16510872951873,-0.536935891090716,0.536935891090716,1.05796154441753,-1.05796154441753,0.0310255832023129,-0.0310255832023129,0.125236018004649,-0.125236018004649,-0.732564336708847,0.732564336708847,1.33337446339755,-1.33337446339755,0.180227578275312,-0.180227578275312,0.0605799453346368,-0.0605799453346368,-0.0612992104185691,0.0612992104185691,-1.80843529196385,1.80843529196385,0.805015101277368,-0.805015101277368,1.47624148152538,-1.47624148152538,-0.346458423618167,0.346458423618167,0.20693466848815,-0.20693466848815,-0.259499668482294,0.259499668482294,-0.697944152834955,0.697944152834955,-1.65625629242154,1.65625629242154,-1.00486186496524,1.00486186496524,0.573861766532161,-0.573861766532161,-0.536845706476207,0.536845706476207,0.1707216373779,-0.1707216373779,-0.35227406567323,0.35227406567323,0.316668254716887,-0.316668254716887,-0.40076927822083,0.40076927822083,-0.684953772221692,0.684953772221692,0.614533161595788,-0.614533161595788,1.86427460721089,-1.86427460721089,0.811768941600307,-0.811768941600307,-0.212657225901968,0.212657225901968,1.03915962474796,-1.03915962474796,1.3006517063051,-1.3006517063051,-0.773360065893937,0.773360065893937,-1.43232494810205,1.43232494810205,-0.502708158585758,0.502708158585758,-0.00552428179838631,0.00552428179838631,-0.476171878409488,0.476171878409488,0.043332540347324,-0.043332540347324,0.0520731425429066,-0.0520731425429066,-0.0864214466976215,0.0864214466976215,0.633086106066132,-0.633086106066132,-0.67772382190341,0.67772382190341,0.162384694099798,-0.162384694099798,-0.426794712903302,0.426794712903302,1.50491521378363,-1.50491521378363,-1.60165616293162,1.60165616293162,0.889428027321015,-0.889428027321015,-0.906924498804813,0.906924498804813,0.744914340459715,-0.744914340459715,0.525201241673906,-0.525201241673906,0.388221849614331,-0.388221849614331,-0.399114682892633,0.399114682892633,0.468459895758652,-0.468459895758652,-0.276974071177532,0.276974071177532,-0.0328842312387147,0.0328842312387147,1.36492754933477,-1.36492754933477,-0.591794471082558,0.591794471082558,0.0120694892754567,-0.0120694892754567,-0.280703472156548,0.280703472156548,-0.657695818664219,0.657695818664219,3.28696008239856,-3.28696008239856,-0.857381947601689,0.857381947601689,-0.0422630716080144,0.0422630716080144,-0.522000434453277,0.522000434453277,1.19739849043296,-1.19739849043296,-1.41727762045797,1.41727762045797,0.975743597940215,-0.975743597940215,0.0779551376393831,-0.0779551376393831,-1.31045673023169,1.31045673023169,-0.656140060907715,0.656140060907715,0.409537846373618,-0.409537846373618,-0.891798017511713,0.891798017511713,-0.823671002372748,0.823671002372748,0.130557916771645,-0.130557916771645,-1.81341038370653,1.81341038370653,-1.0048114661428,1.0048114661428,0.0757221459710628,-0.0757221459710628,-0.0750773243727813,0.0750773243727813,-1.71793111504973,1.71793111504973,0.0859410812843849,-0.0859410812843849,0.525451031462092,-0.525451031462092,-2.07544438178847,2.07544438178847,0.513240196669236,-0.513240196669236,-0.14591612466866,0.14591612466866,-0.0997027412363302,0.0997027412363302,0.883849500793568,-0.883849500793568,-0.291781128374834,0.291781128374834,0.312179102433638,-0.312179102433638,2.17372650377969,-2.17372650377969,-0.702511384258353,0.702511384258353,0.0927561793096747,-0.0927561793096747,1.16375992386941,-1.16375992386941,-0.0429078664183551,0.0429078664183551,-0.61548366435557,0.61548366435557,1.42035293078036,-1.42035293078036,-0.298681274591031,0.298681274591031,-0.467365905733645,0.467365905733645,1.55885606766395,-1.55885606766395,-1.63046958903787,1.63046958903787,-1.751230126722,1.751230126722,-1.06729297291004,1.06729297291004,-1.59287475240026,1.59287475240026,-0.364491523828762,0.364491523828762,1.20958066257052,-1.20958066257052,0.33395172144322,-0.33395172144322,-0.744806962282972,0.744806962282972,0.495056815028142,-0.495056815028142,0.29856759514069,-0.29856759514069,0.0747461201939239,-0.0747461201939239,-0.0901443931857714,0.0901443931857714,-1.04495424482914,1.04495424482914,-2.14076454049607,2.14076454049607,-0.107952292357006,0.107952292357006,0.690199694358271,-0.690199694358271,0.458257721266097,-0.458257721266097,1.06339757554403,-1.06339757554403,1.43831469937146,-1.43831469937146,-1.39519948294829,1.39519948294829,0.236282960899379,-0.236282960899379,-0.997282228132755,0.997282228132755,-1.31290253594392,1.31290253594392,0.616347462639464,-0.616347462639464,0.94215534555478,-0.94215534555478,0.45772787407275,-0.45772787407275,-0.654818996219713,0.654818996219713,-0.13934131039483,0.13934131039483,1.20361171857696,-1.20361171857696,-0.373523840873912,0.373523840873912,0.447336468000137,-0.447336468000137,-2.24395715684306,2.24395715684306,-0.692648193708101,0.692648193708101,0.66525106327008,-0.66525106327008,1.39476099058829,-1.39476099058829,1.00224828077895,-1.00224828077895,-0.984263993035018,0.984263993035018,1.1256635761858,-1.1256635761858,1.68405507398118,-1.68405507398118,0.472580336492237,-0.472580336492237,0.645048707956367,-0.645048707956367,-1.28867222979201,1.28867222979201,-1.88131277215005,1.88131277215005,0.668045526551658,-0.668045526551658,-0.691623744375089,0.691623744375089,-0.316355144102846,0.316355144102846,-0.678948622108967,0.678948622108967,0.0400588526011855,-0.0400588526011855,0.648972974449009,-0.648972974449009,-1.08962081186742,1.08962081186742,0.901573645573909,-0.901573645573909,0.464254667277578,-0.464254667277578,-0.353516716718344,0.353516716718344,1.27418220396746,-1.27418220396746,-1.19640323154289,1.19640323154289,-0.38592635137868,0.38592635137868,-1.62876328415262,1.62876328415262,1.53099057528794,-1.53099057528794,-1.03512171561003,1.03512171561003,2.4840387917301,-2.4840387917301,-0.254933217192019,0.254933217192019,0.487964611475302,-0.487964611475302,-0.68307607691581,0.68307607691581,0.876089706343246,-0.876089706343246,-0.45154465917952,0.45154465917952,0.886164545059742,-0.886164545059742,2.47233341568538,-2.47233341568538,1.06484305298029,-1.06484305298029,-0.596365430456745,0.596365430456745,-0.925604160051802,0.925604160051802,-0.13829616590432,0.13829616590432,0.570564857018301,-0.570564857018301,0.868927507699472,-0.868927507699472,0.411339228682555,-0.411339228682555,1.49665553363761,-1.49665553363761,0.246866624167441,-0.246866624167441,-0.266137759670684,0.266137759670684,-0.19106615603334,0.19106615603334,-0.799534009128783,0.799534009128783,0.688946336444303,-0.688946336444303,-0.937109364878699,0.937109364878699,-1.44412794028792,1.44412794028792,-2.03492854369873,2.03492854369873,-0.436872487597286,0.436872487597286,0.774286665710512,-0.774286665710512,0.320702371596857,-0.320702371596857,-1.16292956468261,1.16292956468261,0.542812967063108,-0.542812967063108,-0.0169591019186242,0.0169591019186242,-1.26600446156354,1.26600446156354,-0.992049198271767,0.992049198271767,1.19220569770215,-1.19220569770215,-0.103520431163139,0.103520431163139,-0.0318743840738352,0.0318743840738352,-0.845756872493765,0.845756872493765,0.794255372769274,-0.794255372769274,-0.97880566328121,0.97880566328121,0.936595068975392,-0.936595068975392,1.01485811960786,-1.01485811960786,-0.229868685101389,0.229868685101389,1.0276080975127,-1.0276080975127,0.956255519726589,-0.956255519726589,0.775032978898785,-0.775032978898785,0.901796797212546,-0.901796797212546,-1.41162699031629,1.41162699031629,-0.842586631813487,0.842586631813487,0.97905999883104,-0.97905999883104,-0.908743418362402,0.908743418362402,0.294794072199312,-0.294794072199312,-1.84427540491041,1.84427540491041,-1.12397745899109,1.12397745899109,-1.25139456324081,1.25139456324081,-1.07281696009998,1.07281696009998,-0.260117949914881,0.260117949914881,0.0437778047927631,-0.0437778047927631,-0.287358301037435,0.287358301037435,-0.262923590875977,0.262923590875977,1.23358390979639,-1.23358390979639,-0.108980034705817,0.108980034705817,-0.137491406029091,0.137491406029091,0.701228358000245,-0.701228358000245,0.902372191417779,-0.902372191417779,-0.116447066935258,0.116447066935258,0.108520888388258,-0.108520888388258,-0.735574143066283,0.735574143066283,-0.306432033696281,0.306432033696281,1.18828964930094,-1.18828964930094,0.244987499183659,-0.244987499183659,1.00303665096743,-1.00303665096743,-0.312749192005953,0.312749192005953,-0.222839773978276,0.222839773978276,-0.0601871789833254,0.0601871789833254,-0.854111100754389,0.854111100754389,-1.40602957982063,1.40602957982063,-0.464240121836128,0.464240121836128,-0.582315839558715,0.582315839558715,1.44351358784032,-1.44351358784032,-1.98386208099001,1.98386208099001,-1.66530839039821,1.66530839039821,0.803951187090435,-0.803951187090435,1.1532686140295,-1.1532686140295,0.0310967198604024,-0.0310967198604024,1.32606336525852,-1.32606336525852,-0.536161236614904,0.536161236614904,0.0135837873113854,-0.0135837873113854,1.97316963033883,-1.97316963033883,-1.25683403475677,1.25683403475677,-0.00722123988909805,0.00722123988909805,0.588270696984294,-0.588270696984294,1.83139747135995,-1.83139747135995,-1.86856206179662,1.86856206179662,0.184895661511078,-0.184895661511078,-1.99226453951987,1.99226453951987,0.83075632590363,-0.83075632590363,0.587431730618248,-0.587431730618248,-0.252140807250242,0.252140807250242,-0.881270742712909,0.881270742712909,0.265734844378412,-0.265734844378412,-1.02975874385441,1.02975874385441,0.602426868137171,-0.602426868137171,-0.752224829091243,0.752224829091243,0.835147629079992,-0.835147629079992,-0.251062085812235,0.251062085812235,0.892753683898519,-0.892753683898519,0.261560183169839,-0.261560183169839,0.266802146996529,-0.266802146996529,-0.201258380090526,0.201258380090526,-0.143460085581395,0.143460085581395,-0.815157471386975,0.815157471386975,-0.567365137511897,0.567365137511897,-0.77336979942948,0.77336979942948,-0.10365891899171,0.10365891899171,0.614259076638165,-0.614259076638165,1.07265297989783,-1.07265297989783,-0.229129934447943,0.229129934447943,-1.62092848235389,1.62092848235389,-1.0108784407956,1.0108784407956,-0.259275450379439,0.259275450379439,0.519326671989369,-0.519326671989369,-0.261359167170192,0.261359167170192,1.18224217115862,-1.18224217115862,0.280081584661884,-0.280081584661884,-0.0356813853454508,0.0356813853454508,0.857403809416924,-0.857403809416924,-0.633115952497762,0.633115952497762,0.637716326398631,-0.637716326398631,1.73370098466795,-1.73370098466795,1.28825979954822,-1.28825979954822,-0.984320809745939,0.984320809745939,-1.6319209752872,1.6319209752872,1.75244234707181,-1.75244234707181,-0.416633128688735,0.416633128688735,-0.136422793270501,0.136422793270501,-1.91205726036975,1.91205726036975,1.98264712227083,-1.98264712227083,0.220750986575756,-0.220750986575756,0.315792895525867,-0.315792895525867,-0.789335643704944,0.789335643704944,1.34038138618931,-1.34038138618931,-0.757740019028278,0.757740019028278,0.404495890544744,-0.404495890544744,-2.38645189690512,2.38645189690512,1.21799947258018,-1.21799947258018,-0.448618305194055,0.448618305194055,1.03569201662168,-1.03569201662168,-0.538218579509829,0.538218579509829,-0.491654132349292,0.491654132349292,-0.324614445169108,0.324614445169108,-0.784626945918092,0.784626945918092,-1.78840586764734,1.78840586764734,-0.446801466561924,0.446801466561924,-0.460394194988569,0.460394194988569,-0.738619084164266,0.738619084164266,-1.55842890149964,1.55842890149964,0.0759308256835082,-0.0759308256835082,1.11344659482807,-1.11344659482807,-0.0935249325184589,0.0935249325184589,-1.33413741082763,1.33413741082763,-1.25513362078394,1.25513362078394,-0.930249116398821,0.930249116398821,-0.21692894904147,0.21692894904147,0.665075801843517,-0.665075801843517,-0.00251298181983218,0.00251298181983218,0.672403818638741,-0.672403818638741,0.490232574804454,-0.490232574804454,2.05397450904522,-2.05397450904522,-0.911127852858645,0.911127852858645,-0.105982488223707,0.105982488223707,1.01864057135526,-1.01864057135526,-0.586838099781572,0.586838099781572,-0.385132272200882,0.385132272200882,0.673354799537788,-0.673354799537788,0.588016298934797,-0.588016298934797,-0.603772922114535,0.603772922114535,-2.94691810202609,2.94691810202609,-0.509595712692483,0.509595712692483,0.707826161551996,-0.707826161551996,-0.766959711384154,0.766959711384154,-2.53281555378765,2.53281555378765,-0.395990213782249,0.395990213782249,-1.36912011130658,1.36912011130658,0.593846582723451,-0.593846582723451,-1.42060698399985,1.42060698399985,0.542501479943058,-0.542501479943058,0.542614534341851,-0.542614534341851,-0.985771297539424,0.985771297539424,-1.0771507478455,1.0771507478455,-0.175475357348749,0.175475357348749,1.11088837153866,-1.11088837153866,-0.0491381717231124,0.0491381717231124,0.407775024814636,-0.407775024814636,-0.736620824960987,0.736620824960987,-0.692915783587086,0.692915783587086,0.77435632485902,-0.77435632485902,-0.35855666860339,0.35855666860339,0.0822102578464341,-0.0822102578464341,-0.0879032036807053,0.0879032036807053,1.57181259120831,-1.57181259120831,-0.262171527675404,0.262171527675404,0.0376737791611863,-0.0376737791611863,0.912395298260827,-0.912395298260827,0.553553664608197,-0.553553664608197,1.33338686506656,-1.33338686506656,-0.542011519904127,0.542011519904127,0.518112312555437,-0.518112312555437,-0.164265967064558,0.164265967064558,1.15534020672893,-1.15534020672893,-0.711155222578465,0.711155222578465,0.092430316751745,-0.092430316751745,-0.0633830702790742,0.0633830702790742,1.91996385422487,-1.91996385422487,0.205041990102676,-0.205041990102676,-0.403581190328819,0.403581190328819,0.692314995293979,-0.692314995293979,0.964357864853952,-0.964357864853952,-0.0994972558544692,0.0994972558544692,0.0184725959586402,-0.0184725959586402,1.71956046926904,-1.71956046926904,-2.49964383479568,2.49964383479568,-0.141433969410276,0.141433969410276,0.0878877806419573,-0.0878877806419573,-0.721668049806898,0.721668049806898,0.277279431863638,-0.277279431863638,0.299965676446031,-0.299965676446031,0.0426153425531409,-0.0426153425531409,-0.1772158365225,0.1772158365225,0.743862251949325,-0.743862251949325,-0.557692586918174,0.557692586918174,-0.113426656335843,0.113426656335843,-1.58310353067245,1.58310353067245,1.07241441531845,-1.07241441531845,0.0811375614661716,-0.0811375614661716,-1.00563449211345,1.00563449211345,1.33522607338163,-1.33522607338163,0.437047867657605,-0.437047867657605,-0.896718392179153,0.896718392179153,0.0563807546506661,-0.0563807546506661,0.402741330116274,-0.402741330116274,-1.75693860691252,1.75693860691252,1.22959672289802,-1.22959672289802,-0.0975765861890865,0.0975765861890865,1.44736854426796,-1.44736854426796,-0.223284987477082,0.223284987477082,-0.36164222520461,0.36164222520461,-0.423657940528062,0.423657940528062,0.251182832431446,-0.251182832431446,-0.837279326657195,0.837279326657195,-0.320638781047067,0.320638781047067,0.971820725434902,-0.971820725434902,1.17115508966874,-1.17115508966874,0.939264689923752,-0.939264689923752,-2.20145000653334,2.20145000653334,0.701781455454879,-0.701781455454879,0.679420527821538,-0.679420527821538,0.368476229205185,-0.368476229205185,-1.47033127383487,1.47033127383487,-0.0959204005663439,0.0959204005663439,-1.16347248897167,1.16347248897167,-0.0875766333197138,0.0875766333197138,0.958968767898639,-0.958968767898639,0.401500891864037,-0.401500891864037,-1.87542480283457,1.87542480283457,-0.647867472731657,0.647867472731657,0.82361149882837,-0.82361149882837,-0.0990069694998045,0.0990069694998045,-0.14416154197652,0.14416154197652,-0.653130285250075,0.653130285250075,-1.31167874765055,1.31167874765055,-0.415918232693088,0.415918232693088,-1.39596744706692,1.39596744706692,0.331250439677407,-0.331250439677407,0.482205993187959,-0.482205993187959,-0.13451309519542,0.13451309519542,0.61693059753079,-0.61693059753079,0.206870913056622,-0.206870913056622,0.00514539088512709,-0.00514539088512709,0.206158444821922,-0.206158444821922,0.109040662441089,-0.109040662441089,-2.03043704852916,2.03043704852916,1.85277185586991,-1.85277185586991,-0.19568743877999,0.19568743877999,0.989042481743406,-0.989042481743406,0.685088056110711,-0.685088056110711,0.412260798374155,-0.412260798374155,-0.822227370471493,0.822227370471493,0.640562135115549,-0.640562135115549,1.69072190038897,-1.69072190038897,0.409205032097198,-0.409205032097198,0.635317677407795,-0.635317677407795,-1.68520453916881,1.68520453916881,-0.582432280630997,0.582432280630997,-0.466459472169796,0.466459472169796,-0.706288512974747,0.706288512974747,0.696812632996381,-0.696812632996381,0.149759372516085,-0.149759372516085,-0.0844238682143594,0.0844238682143594,-0.26540911462623,0.26540911462623,-2.61644291609567,2.61644291609567,0.759709587124462,-0.759709587124462,1.13640845389601,-1.13640845389601,0.610484109723511,-0.610484109723511,0.451082528165396,-0.451082528165396,-0.389492860558776,0.389492860558776,-0.50312607277527,0.50312607277527,-0.890838221144583,0.890838221144583,0.402697490406319,-0.402697490406319,-0.821982163013992,0.821982163013992,-1.13911150861308,1.13911150861308,1.27035621622222,-1.27035621622222,-0.479303847451866,0.479303847451866,-1.13423716554259,1.13423716554259,-1.00312597017236,1.00312597017236,2.17933915881301,-2.17933915881301,-0.727373292296844,0.727373292296844,0.219793253033651,-0.219793253033651,0.232078901088184,-0.232078901088184,1.1309010359633,-1.1309010359633,-0.29324330537387,0.29324330537387,-2.51817249590383,2.51817249590383,-0.151284657031515,0.151284657031515,-2.72766415527347,2.72766415527347,0.837454770266715,-0.837454770266715,0.545335209541259,-0.545335209541259,-0.224261944643499,0.224261944643499,-0.968286341532289,0.968286341532289,-1.79507109938001,1.79507109938001,1.49121084818119,-1.49121084818119,-0.118654695828351,0.118654695828351,1.33937024865891,-1.33937024865891,0.448839651739177,-0.448839651739177,0.255125060076796,-0.255125060076796,0.580456641740039,-0.580456641740039,-0.160256324274858,0.160256324274858,-0.447708817264808,0.447708817264808,-0.813826453142179,0.813826453142179,-1.08465234267541,1.08465234267541,0.64068005124413,-0.64068005124413,-0.171142579855521,0.171142579855521,-1.24039983279661,1.24039983279661,-0.301683176674418,0.301683176674418,-0.136629907376162,0.136629907376162,-0.886268156664788,0.886268156664788,0.382981556682078,-0.382981556682078,-1.27218333851367,1.27218333851367,-0.621433559754006,0.621433559754006,-0.484255497710591,0.484255497710591,0.741811355773971,-0.741811355773971,-1.27994156509516,1.27994156509516,-0.616195682128802,0.616195682128802,0.206798112030655,-0.206798112030655,1.75443216170578,-1.75443216170578,-0.212366950335606,0.212366950335606,-0.300963758118599,0.300963758118599,0.252975834670148,-0.252975834670148,0.499410240727607,-0.499410240727607,1.54255815722456,-1.54255815722456,0.658312929729255,-0.658312929729255,-0.780942890618112,0.780942890618112,-0.786789494537131,0.786789494537131,-0.299068028195436,0.299068028195436,0.63973616996389,-0.63973616996389,-0.870540100042695,0.870540100042695,-1.14623908146815,1.14623908146815,1.86617386465093,-1.86617386465093,-0.774641472725508,0.774641472725508,0.581654998896195,-0.581654998896195,-0.680054119327112,0.680054119327112,-0.327117065107494,0.327117065107494,-1.41220005093969,1.41220005093969,1.85056412224061,-1.85056412224061,0.0722374426710892,-0.0722374426710892,-0.311801612068267,0.311801612068267,0.657074333240889,-0.657074333240889,-0.47373797238526,0.47373797238526,1.1891839535325,-1.1891839535325,-0.468627815351443,0.468627815351443,1.00328860982878,-1.00328860982878,-0.983622750779627,0.983622750779627,-2.20745619867939,2.20745619867939,-0.0492635282684342,0.0492635282684342,0.27501165548714,-0.27501165548714,1.87597607346035,-1.87597607346035,-1.44124643956953,1.44124643956953,1.67797261593905,-1.67797261593905,0.785356673193056,-0.785356673193056,-0.835327513650224,0.835327513650224,-0.539281401949478,0.539281401949478,-0.0400773507533488,0.0400773507533488,-0.458894992540543,0.458894992540543,0.282347636144619,-0.282347636144619,1.62545982209132,-1.62545982209132,-0.526541320490985,0.526541320490985,-0.375833467247872,0.375833467247872,2.56011501642169,-2.56011501642169,-0.807416458422812,0.807416458422812,-0.385060507653272,0.385060507653272,-2.26045430101952,2.26045430101952,-1.09058035576487,1.09058035576487,-0.270712862867916,0.270712862867916,1.43188594943293,-1.43188594943293,-0.424767750427584,0.424767750427584,-1.0267701282063,1.0267701282063,1.40271939861595,-1.40271939861595,-0.0876441500348838,0.0876441500348838,0.419787036356213,-0.419787036356213,-0.838156365974233,0.838156365974233,0.410638005072385,-0.410638005072385,0.144050759704142,-0.144050759704142,0.199450967617901,-0.199450967617901,-1.36954094839158,1.36954094839158,1.01214325260662,-1.01214325260662,-1.3148622827465,1.3148622827465,-1.94678000030425,1.94678000030425,-1.04515605908709,1.04515605908709,2.15830937371009,-2.15830937371009,-1.36060430747045,1.36060430747045,0.916819909632237,-0.916819909632237,0.0430668924160562,-0.0430668924160562,-1.23040964629975,1.23040964629975,0.850140933693918,-0.850140933693918,-1.13931692270278,1.13931692270278,-0.669773046126953,0.669773046126953,-0.477067202643733,0.477067202643733,0.522412594225573,-0.522412594225573,-0.700028679697763,0.700028679697763,0.967079245862963,-0.967079245862963,-0.588918028607712,0.588918028607712,1.71773377160529,-1.71773377160529,1.31558054037336,-1.31558054037336,1.75640787132391,-1.75640787132391,-0.797559816562982,0.797559816562982,1.15527548129158,-1.15527548129158,-0.24215238306614,0.24215238306614,0.617156272960191,-0.617156272960191,-0.711147407329793,0.711147407329793,0.491545337099013,-0.491545337099013,0.853772637833756,-0.853772637833756,-1.37889618074242,1.37889618074242,-0.642882596980426,0.642882596980426,-0.658508552186204,0.658508552186204,1.19839069392782,-1.19839069392782,0.989194959611061,-0.989194959611061,1.06739352217629,-1.06739352217629,0.052088121878397,-0.052088121878397,0.321358637565454,-0.321358637565454,-0.558444896202793,0.558444896202793,-0.514094931117602,0.514094931117602,0.268545371032328,-0.268545371032328,-0.556090346659457,0.556090346659457,-1.56750602717977,1.56750602717977,0.192302707995783,-0.192302707995783,-1.18147165734061,1.18147165734061,-0.581927069450928,0.581927069450928,-1.36505104482253,1.36505104482253,-1.4564273683345,1.4564273683345,0.0371937382405245,-0.0371937382405245,2.02232108558271,-2.02232108558271,-1.10529966845516,1.10529966845516,-0.661239546153784,0.661239546153784,-0.814203727205103,0.814203727205103,0.246214540768119,-0.246214540768119,-1.28414836257772,1.28414836257772,-0.270684392007928,0.270684392007928,0.114489288023695,-0.114489288023695,-0.611390731935132,0.611390731935132,0.478154757401672,-0.478154757401672,0.63380454820206,-0.63380454820206,-1.39957943324353,1.39957943324353,-0.235593626530935,0.235593626530935,-0.783887245937939,0.783887245937939,1.75234305035166,-1.75234305035166,-0.793169928684161,0.793169928684161,1.36236453482745,-1.36236453482745,-0.202303422741794,0.202303422741794,0.544200462988771,-0.544200462988771,-0.208624297951414,0.208624297951414,1.08864222893204,-1.08864222893204,-0.092300774967494,0.092300774967494,-0.34322171925347,0.34322171925347,-0.593907495234917,0.593907495234917,1.19554324801244,-1.19554324801244,0.077642435969871,-0.077642435969871,-0.498387359061284,0.498387359061284,0.73065521100721,-0.73065521100721,0.438373577475565,-0.438373577475565,-1.8025560806403,1.8025560806403,0.837750742985825,-0.837750742985825,-0.0954098299596691,0.0954098299596691,0.0306777043568036,-0.0306777043568036,0.676680721344309,-0.676680721344309,-1.12602025873163,1.12602025873163,-2.10446829923076,2.10446829923076,-0.507115248721796,0.507115248721796,0.757507721301088,-0.757507721301088,1.1078927144008,-1.1078927144008,-1.51330217241401,1.51330217241401,-0.832445796866751,0.832445796866751,-0.479990750799975,0.479990750799975,0.949365833531093,-0.949365833531093,0.208020145142196,-0.208020145142196,0.346796342839923,-0.346796342839923,-0.441134832847237,0.441134832847237,-0.134505810883421,0.134505810883421,0.756740558567761,-0.756740558567761,-0.985969940830815,0.985969940830815,1.12630554367771,-1.12630554367771,-1.26460967423155,1.26460967423155,-0.415292871383244,0.415292871383244,-0.905999833968161,0.905999833968161,0.351592591737592,-0.351592591737592,1.29641861243112,-1.29641861243112,0.330792091280651,-0.330792091280651,1.06941493440762,-1.06941493440762,-0.263923714007997,0.263923714007997,0.503035498729358,-0.503035498729358,0.0397918097196878,-0.0397918097196878,1.75489223399711,-1.75489223399711,-0.428386528232978,0.428386528232978,-0.342465380121159,0.342465380121159,1.08366408740692,-1.08366408740692,-0.728633787462753,0.728633787462753,0.16998513001151,-0.16998513001151,-0.521152973370531,0.521152973370531,-0.501841081162787,0.501841081162787,0.220249788277548,-0.220249788277548,-0.0761748223017882,0.0761748223017882,0.798441203050426,-0.798441203050426,-0.175895466535315,0.175895466535315,2.2453168124059,-2.2453168124059,-0.0489961558886067,0.0489961558886067,-0.475120780603212,0.475120780603212,0.599274687983885,-0.599274687983885,-0.223864533234903,0.223864533234903,-0.0727596436154455,0.0727596436154455,1.44891746638415,-1.44891746638415,-2.31775742614718,2.31775742614718,1.34345873046395,-1.34345873046395,-1.13901583406634,1.13901583406634,-0.297757146378451,0.297757146378451,0.454264079227658,-0.454264079227658,-2.98065199870732,2.98065199870732,1.71105886621783,-1.71105886621783,2.27371319377716,-2.27371319377716,-0.0990007433192337,0.0990007433192337,1.22660977005634,-1.22660977005634,0.382769737762247,-0.382769737762247,1.55290140671371,-1.55290140671371,2.25853555152078,-2.25853555152078,0.953911498030322,-0.953911498030322,0.582797946151761,-0.582797946151761,0.406653066792453,-0.406653066792453,1.17210049404028,-1.17210049404028,3.7365689379739,-3.7365689379739,-2.34705787543302,2.34705787543302,0.575799548828831,-0.575799548828831,-1.45842016125408,1.45842016125408,-0.423012325986111,0.423012325986111,1.32818143637382,-1.32818143637382,-1.3283488348093,1.3283488348093,0.82055083723065,-0.82055083723065,0.729530247800912,-0.729530247800912,-0.622522368199844,0.622522368199844,0.273918705956476,-0.273918705956476,0.452997637893998,-0.452997637893998,-0.993158742223243,0.993158742223243,1.32082325694098,-1.32082325694098,-1.35224922033542,1.35224922033542,0.568640445262971,-0.568640445262971,0.355163332504753,-0.355163332504753,-1.70389714524172,1.70389714524172,0.833294849102922,-0.833294849102922,-0.363256627052617,0.363256627052617,-1.55657022579485,1.55657022579485,-0.969748305027827,0.969748305027827,-0.278168114083747,0.278168114083747,-2.11189068686008,2.11189068686008,1.16160034208442,-1.16160034208442,-0.380734459006601,0.380734459006601,-0.109549390263939,0.109549390263939,-1.45429926649215,1.45429926649215,-1.44161061885654,1.44161061885654,0.743610248660068,-0.743610248660068,0.693395546727922,-0.693395546727922,1.03305278696507,-1.03305278696507,0.824053287006588,-0.824053287006588,0.728478505831697,-0.728478505831697,0.0163147922875196,-0.0163147922875196,1.14529477680414,-1.14529477680414,0.187458858965029,-0.187458858965029,0.623820297977619,-0.623820297977619,0.460248530788491,-0.460248530788491,-0.00749404770798103,0.00749404770798103,-0.348499180927815,0.348499180927815,0.962045181445794,-0.962045181445794,1.24139225491276,-1.24139225491276,-0.621429269825412,0.621429269825412,0.970230550822613,-0.970230550822613,-1.48141102998068,1.48141102998068,-0.290119050528006,0.290119050528006,0.180257999974143,-0.180257999974143,0.18530379214021,-0.18530379214021,-1.18290210465994,1.18290210465994,1.37715301557673,-1.37715301557673,2.45231073182945,-2.45231073182945,-1.40206565431261,1.40206565431261,1.01540649240887,-1.01540649240887,0.578998640958012,-0.578998640958012,0.104911082737722,-0.104911082737722,1.5057495640485,-1.5057495640485,-1.14714593411343,1.14714593411343,1.09129395750793,-1.09129395750793,1.52096302368842,-1.52096302368842,0.786677503548517,-0.786677503548517,-0.927173335637022,0.927173335637022,-0.313481996916185,0.313481996916185,0.978864295603406,-0.978864295603406,-0.55420716379294,0.55420716379294,1.00673222915905,-1.00673222915905,2.75531781347871,-2.75531781347871,-0.00749244873757934,0.00749244873757934,0.511753188545553,-0.511753188545553,0.0587603573988477,-0.0587603573988477,0.04555350981131,-0.04555350981131,-0.781918052575053,0.781918052575053,0.394391285825415,-0.394391285825415,1.73100445231813,-1.73100445231813,-0.951776021582047,0.951776021582047,-0.0478254465282963,0.0478254465282963,0.455027695078735,-0.455027695078735,0.216714700677885,-0.216714700677885,-0.884845930066031,0.884845930066031,-0.697829524301237,0.697829524301237,-0.590383032326979,0.590383032326979,-1.6409925589927,1.6409925589927,0.806580307563322,-0.806580307563322,1.5137679979021,-1.5137679979021,-0.313725517231294,0.313725517231294,0.0636531158573404,-0.0636531158573404,-0.667852974779439,0.667852974779439,0.423323378484805,-0.423323378484805,0.0208314816361153,-0.0208314816361153,0.235902405601258,-0.235902405601258,-1.77314873785638,1.77314873785638,0.831398085747651,-0.831398085747651,0.193980989542633,-0.193980989542633,-0.275391149561498,0.275391149561498,0.368492191228141,-0.368492191228141,0.713306942235538,-0.713306942235538,0.502680557958474,-0.502680557958474,0.099763116015664,-0.099763116015664,1.93972965861896,-1.93972965861896,0.944493367496626,-0.944493367496626,-0.344742290073566,0.344742290073566,0.316504109762236,-0.316504109762236,-0.340964199030186,0.340964199030186,-1.26031041009032,1.26031041009032,-1.11501512632989,1.11501512632989,-1.094144262611,1.094144262611,-1.10563897542235,1.10563897542235,0.289616738597952,-0.289616738597952,0.0887667239890786,-0.0887667239890786,-1.07959751250177,1.07959751250177,-1.42591238592084,1.42591238592084,0.605763328569874,-0.605763328569874,-0.387536376599927,0.387536376599927,0.606522974426289,-0.606522974426289,0.24645905245717,-0.24645905245717,0.39072797638914,-0.39072797638914,0.177359865486427,-0.177359865486427,1.41309746066197,-1.41309746066197,0.206065227169753,-0.206065227169753,-0.786101156359771,0.786101156359771,-0.402562306189029,0.402562306189029,0.713100749939238,-0.713100749939238,0.605803987480277,-0.605803987480277,1.30469383153307,-1.30469383153307,-0.534285981237773,0.534285981237773,0.332891319668614,-0.332891319668614,0.467088963143275,-0.467088963143275,0.379791522474973,-0.379791522474973,-0.410231200748551,0.410231200748551,0.193712394365231,-0.193712394365231,-0.424195644457234,0.424195644457234,1.13085900551643,-1.13085900551643,-1.60887410316543,1.60887410316543,1.34800947363113,-1.34800947363113,0.996115290782778,-0.996115290782778,0.377086016845257,-0.377086016845257,-1.77044917658792,1.77044917658792,-1.47250479404186,1.47250479404186,0.516001837948349,-0.516001837948349,0.619465237308589,-0.619465237308589,-0.862012896443572,0.862012896443572,-0.75891121488796,0.75891121488796,-1.57201028620787,1.57201028620787,-1.85302395746421,1.85302395746421,-2.73812707771619,2.73812707771619,0.777898146138226,-0.777898146138226,0.278453042654356,-0.278453042654356,0.00139819217592666,-0.00139819217592666,-1.29499743753038,1.29499743753038,-0.506802352125751,0.506802352125751,0.207109645405899,-0.207109645405899,-1.41939134019941,1.41939134019941,0.220733277491216,-0.220733277491216,-1.50407544729824,1.50407544729824,-0.767462814991447,0.767462814991447,1.03997725724585,-1.03997725724585,0.582301437352384,-0.582301437352384,-0.107113766571981,0.107113766571981,0.337509426971983,-0.337509426971983,2.55954602739991,-2.55954602739991,-0.37518760043407,0.37518760043407,0.857208205771525,-0.857208205771525,1.35460675466744,-1.35460675466744,-0.220900451082543,0.220900451082543,-0.214265164250209,0.214265164250209,0.608684272875048,-0.608684272875048,-1.33436516548908,1.33436516548908,-0.260893165171111,0.260893165171111,-0.410085413410846,0.410085413410846,1.25515882227773,-1.25515882227773,-0.869422998102105,0.869422998102105,1.00724934743557,-1.00724934743557,0.393313482624322,-0.393313482624322,-0.711686106830701,0.711686106830701,-1.78317097899942,1.78317097899942,2.03748798217714,-2.03748798217714,-0.951095734653264,0.951095734653264,1.45082327143537,-1.45082327143537,-0.346840073513363,0.346840073513363,-0.112852421236245,0.112852421236245,0.914564819653082,-0.914564819653082,0.147200867638987,-0.147200867638987,0.348189578321051,-0.348189578321051,1.06766188063843,-1.06766188063843,-0.0356553061253953,0.0356553061253953,0.223757964755998,-0.223757964755998,-0.642281407618422,0.642281407618422,1.08697546047479,-1.08697546047479,-0.601386958891386,0.601386958891386,0.50977414233309,-0.50977414233309,-0.0794921904470373,0.0794921904470373,-1.09645165907408,1.09645165907408,0.734595258583537,-0.734595258583537,2.2655864995416,-2.2655864995416,1.05521267559829,-1.05521267559829,-0.973655344872065,0.973655344872065,0.761838126764559,-0.761838126764559,1.25064549470402,-1.25064549470402,-0.583506029782417,0.583506029782417,0.388460902350057,-0.388460902350057,-1.38492397500783,1.38492397500783,0.376809131778924,-0.376809131778924,-0.0888278073447347,0.0888278073447347,0.810094006464977,-0.810094006464977,0.289026243637604,-0.289026243637604,-1.28908789376456,1.28908789376456,-1.62112988292385,1.62112988292385,1.06654559039856,-1.06654559039856,-0.00776915220173402,0.00776915220173402,-1.19653752111593,1.19653752111593,1.05875262625677,-1.05875262625677,0.439306967654522,-0.439306967654522,-0.321987575180943,0.321987575180943,-0.102477317799705,0.102477317799705,-1.79950334766194,1.79950334766194,-0.860420318162836,0.860420318162836,0.849083595080866,-0.849083595080866,0.0603852753487186,-0.0603852753487186,0.299009067404854,-0.299009067404854,-0.483742107770335,0.483742107770335,1.22140891578928,-1.22140891578928,0.0472012440595974,-0.0472012440595974,-0.133066056690038,0.133066056690038,-0.766231782911306,0.766231782911306,0.140697586825302,-0.140697586825302,-0.707806948374537,0.707806948374537,-0.0816828728612371,0.0816828728612371,0.602181791472864,-0.602181791472864,-0.149731750646791,0.149731750646791,-0.924454904406351,0.924454904406351,0.382194731617262,-0.382194731617262,3.13029846128794,-3.13029846128794,0.339055376614775,-0.339055376614775,-0.498099625424624,0.498099625424624,-1.37062285619903,1.37062285619903,1.47575683096417,-1.47575683096417,-1.33660151381034,1.33660151381034,-1.2123319100326,1.2123319100326,-0.421859684404778,0.421859684404778,-0.397813735643553,0.397813735643553,0.861622474406147,-0.861622474406147,-2.12873661232829,2.12873661232829,0.753369213191395,-0.753369213191395,-1.04481358066317,1.04481358066317,-0.0189575064473571,0.0189575064473571,-1.07086640052719,1.07086640052719,1.71911284962899,-1.71911284962899,0.136665554317581,-0.136665554317581,-0.909035205425893,0.909035205425893,-0.362610615753896,0.362610615753896,0.540686489475678,-0.540686489475678,-0.922800066404426,0.922800066404426,0.120538590100392,-0.120538590100392,-0.71874127022977,0.71874127022977,1.11682928075548,-1.11682928075548,-0.633273230724754,0.633273230724754,-0.341809188239431,0.341809188239431,-0.249998758495898,0.249998758495898,1.02731621088055,-1.02731621088055,1.8127396014077,-1.8127396014077,-0.191839227044095,0.191839227044095,-1.15792583575926,1.15792583575926,-0.0222573405791722,0.0222573405791722,-0.298355645877547,0.298355645877547,1.68964707041419,-1.68964707041419,-1.25350427727312,1.25350427727312,-0.664463023259601,0.664463023259601,-0.934423068898905,0.934423068898905,-1.1760133995274,1.1760133995274,-0.305828049900979,0.305828049900979,1.61002815335204,-1.61002815335204,1.74043099245079,-1.74043099245079,1.58058073282846,-1.58058073282846,0.597181405167124,-0.597181405167124,-1.24017526031663,1.24017526031663,-1.94303385826982,1.94303385826982,0.144757196360284,-0.144757196360284,1.25432698820275,-1.25432698820275,-1.06590444693787,1.06590444693787,1.74531350712368,-1.74531350712368,0.277247657541287,-0.277247657541287,1.95825123131355,-1.95825123131355,-1.15982828172137,1.15982828172137,0.289160800075468,-0.289160800075468,-0.173624080639305,0.173624080639305,2.16558240905137,-2.16558240905137,-0.713059464576981,0.713059464576981,-0.91687239037566,0.91687239037566,2.887275128776,-2.887275128776,0.977064915830723,-0.977064915830723,0.914660050267307,-0.914660050267307,0.903906053812033,-0.903906053812033,-1.6269016987875,1.6269016987875,1.63386962383979,-1.63386962383979,0.914641295261539,-0.914641295261539,1.99520181088775,-1.99520181088775,-0.161141564642198,0.161141564642198,-1.37683268986139,1.37683268986139,-0.257077789328571,0.257077789328571,0.239364501548195,-0.239364501548195,-1.43493359603477,1.43493359603477,-0.732861523142872,0.732861523142872,0.533933179474484,-0.533933179474484,1.56917276915544,-1.56917276915544,-1.04551940981051,1.04551940981051,-0.20576506409785,0.20576506409785,1.37114894140419,-1.37114894140419,-0.784072463758375,0.784072463758375,0.851240208900331,-0.851240208900331,0.337591121115849,-0.337591121115849,0.33962999172895,-0.33962999172895,-0.0039908312534462,0.0039908312534462,0.784192009546519,-0.784192009546519,-1.20663193178697,1.20663193178697,-1.49666576433065,1.49666576433065,-0.715045965001178,0.715045965001178,2.18016161961231,-2.18016161961231,-0.667737890662911,0.667737890662911,-0.101769176309515,0.101769176309515,1.05999635451504,-1.05999635451504,-2.25480513699127,2.25480513699127,1.08965886784682,-1.08965886784682,-0.0273922037200665,0.0273922037200665,-1.04820334239758,1.04820334239758,0.250401805274078,-0.250401805274078,-0.526542067675509,0.526542067675509,1.75857179422527,-1.75857179422527,1.00224891334818,-1.00224891334818,1.83217942153411,-1.83217942153411,-0.1824181035789,0.1824181035789,0.966981951109338,-0.966981951109338,-1.08948673484709,1.08948673484709,3.04806563107337,-3.04806563107337,0.88796526247619,-0.88796526247619,-0.898667581955333,0.898667581955333,1.52469857843939,-1.52469857843939,-1.04898799537468,1.04898799537468,-0.424626208454674,0.424626208454674,1.11891798596087,-1.11891798596087,0.705933673365071,-0.705933673365071,-0.499308270724146,0.499308270724146,0.324119461699373,-0.324119461699373,1.9116721733223,-1.9116721733223,-0.93558451068064,0.93558451068064,1.2391677806928,-1.2391677806928,-0.220701472434177,0.220701472434177,-1.03017468805954,1.03017468805954,0.616419561796723,-0.616419561796723,-0.656320339479495,0.656320339479495,-0.450025927724256,0.450025927724256,0.422878721523336,-0.422878721523336,-2.19186253721305,2.19186253721305,-0.451176795342962,0.451176795342962,-1.12971809826184,1.12971809826184,-1.49209809246984,1.49209809246984,-1.21912229538687,1.21912229538687,0.891851095846556,-0.891851095846556,0.16661377263855,-0.16661377263855,1.57149176428606,-1.57149176428606,-0.607611857115793,0.607611857115793,-0.990933012988227,0.990933012988227,-0.55213034688371,0.55213034688371,-1.12121880578631,1.12121880578631,0.204860082488797,-0.204860082488797,-1.15396579886618,1.15396579886618,0.676569070718046,-0.676569070718046,1.8860151114703,-1.8860151114703,1.27156106239685,-1.27156106239685,1.77756150469437,-1.77756150469437,1.35517514144256,-1.35517514144256,0.540596238893855,-0.540596238893855,-1.12837569664628,1.12837569664628,-0.390830540548037,0.390830540548037,1.4956880122964,-1.4956880122964,1.245862402806,-1.245862402806,-0.0390505938622579,0.0390505938622579,0.730861815650263,-0.730861815650263,-0.822466439919103,0.822466439919103,0.723088054128057,-0.723088054128057,-0.228538245880059,0.228538245880059,2.37959662573662,-2.37959662573662,-0.453334544299071,0.453334544299071,0.919994560225317,-0.919994560225317,-2.16837513728422,2.16837513728422,0.633746652249654,-0.633746652249654,0.308649100108864,-0.308649100108864,-1.95190076482288,1.95190076482288,-0.0793221521776912,0.0793221521776912,0.197934139887568,-0.197934139887568,-0.699393086445786,0.699393086445786,0.389324052140282,-0.389324052140282,0.186678804439137,-0.186678804439137,-0.733328130717165,0.733328130717165,0.666740445891877,-0.666740445891877,-0.00405547598896221,0.00405547598896221,0.749435549816372,-0.749435549816372,-0.0299616743628112,0.0299616743628112,2.9291029375286,-2.9291029375286,-0.367469669298029,0.367469669298029,0.887274348064941,-0.887274348064941,-0.659159904588785,0.659159904588785,-0.320676913755638,0.320676913755638,1.84660091764897,-1.84660091764897,0.0514417546440898,-0.0514417546440898,-1.09888399739179,1.09888399739179,-1.20882234893949,1.20882234893949,-0.663920782599604,0.663920782599604,-0.399589836165916,0.399589836165916,0.757646141257309,-0.757646141257309,1.62230836429186,-1.62230836429186,0.808885227610314,-0.808885227610314,0.812183383363362,-0.812183383363362,-0.900303863182526,0.900303863182526,-1.54489764567091,1.54489764567091,1.08895839900271,-1.08895839900271,-1.57606038210479,1.57606038210479,-0.189163475544383,0.189163475544383,0.248615368456159,-0.248615368456159,0.0111339539097859,-0.0111339539097859,0.853012539573947,-0.853012539573947,0.0242440221005604,-0.0242440221005604,-0.177598396182569,0.177598396182569,-1.69189707091507,1.69189707091507,-0.651917146907355,0.651917146907355,-1.76572145912196,1.76572145912196,-0.678839136212305,0.678839136212305,-2.85064536785882,2.85064536785882,-0.168062924278079,0.168062924278079,0.280189312193254,-0.280189312193254,-0.149254902786523,0.149254902786523,0.293905507920176,-0.293905507920176,1.06644288823614,-1.06644288823614,-0.630145345806569,0.630145345806569,0.827815989232651,-0.827815989232651,1.44161434490348,-1.44161434490348,0.0593203645663899,-0.0593203645663899,-0.747176565617963,0.747176565617963,-0.212090867683542,0.212090867683542,-0.848039201105371,0.848039201105371,-0.0418239713687586,0.0418239713687586,0.668486986002317,-0.668486986002317,-0.147249543617596,0.147249543617596,-0.7046756837121,0.7046756837121,0.656746572099457,-0.656746572099457,-1.50527605607887,1.50527605607887,0.149302220832796,-0.149302220832796,-1.27277355537586,1.27277355537586,-0.854290654853364,0.854290654853364,-1.86297448932869,1.86297448932869,0.0426615589830705,-0.0426615589830705,0.791405888172584,-0.791405888172584,-0.63191440165955,0.63191440165955,0.0987057553762925,-0.0987057553762925,-0.421363171159309,0.421363171159309,-0.206838795243126,0.206838795243126,0.293172331442993,-0.293172331442993,0.215684573946457,-0.215684573946457,0.759674185102385,-0.759674185102385,-0.171325115081462,0.171325115081462,0.725942856989984,-0.725942856989984,0.313450329431058,-0.313450329431058,-1.25226790283646,1.25226790283646,0.90167524419815,-0.90167524419815,1.28869238232938,-1.28869238232938,-1.14960227899599,1.14960227899599,-1.23102541448696,1.23102541448696,1.89062946199564,-1.89062946199564,0.114034994973368,-0.114034994973368,0.165245140373718,-0.165245140373718,1.48491465629368,-1.48491465629368,0.205613852866891,-0.205613852866891,0.0280221816858297,-0.0280221816858297,-0.458123622692926,0.458123622692926,0.481404393453846,-0.481404393453846,-1.42320678549076,1.42320678549076,-0.767895641580371,0.767895641580371,-0.603300075802808,0.603300075802808,1.93061574158402,-1.93061574158402,2.32580194491667,-2.32580194491667,1.15917966904726,-1.15917966904726,-0.888061629810107,0.888061629810107,1.18829738197044,-1.18829738197044,0.147342649909438,-0.147342649909438,-0.0621619864491504,0.0621619864491504,0.737806377006721,-0.737806377006721,-0.393609812121769,0.393609812121769,-1.00847483996191,1.00847483996191,0.488758459503528,-0.488758459503528,-0.779994498694691,0.779994498694691,0.289258176738439,-0.289258176738439,1.03638395576976,-1.03638395576976,1.04796806806603,-1.04796806806603,0.512699663687083,-0.512699663687083,-0.573497369280596,0.573497369280596,1.67023939395397,-1.67023939395397,0.141066068439466,-0.141066068439466,-0.969369148939659,0.969369148939659,0.402920538712704,-0.402920538712704,0.707269846283257,-0.707269846283257,-0.386153274633144,0.386153274633144,0.576301922651628,-0.576301922651628,-0.230193969328996,0.230193969328996,-0.759950005784273,0.759950005784273,-0.209788835983348,0.209788835983348,0.0347408530163383,-0.0347408530163383,0.0586483985285544,-0.0586483985285544,1.24312197672047,-1.24312197672047,0.47453992179353,-0.47453992179353,-0.927027115252656,0.927027115252656,1.84790665354139,-1.84790665354139,-0.376800840351885,0.376800840351885,0.201935555243215,-0.201935555243215,-0.606246814428726,0.606246814428726,0.104895432362069,-0.104895432362069,-0.293993845824746,0.293993845824746,0.726847724375935,-0.726847724375935,0.527190555924515,-0.527190555924515,-0.123787461992346,0.123787461992346,-1.27277723692585,1.27277723692585,-1.2114968594373,1.2114968594373,2.44724392321132,-2.44724392321132,-0.326569733832643,0.326569733832643,-0.0459509601607438,0.0459509601607438,0.823896616145988,-0.823896616145988,0.110180031758365,-0.110180031758365,0.817227884350332,-0.817227884350332,-0.933707832599104,0.933707832599104,1.32522892905786,-1.32522892905786,0.39459261185993,-0.39459261185993,-1.25484898136177,1.25484898136177,-0.21519178398164,0.21519178398164,-1.23347851925643,1.23347851925643,-0.678880971480009,0.678880971480009,-0.182963472831235,0.182963472831235,-0.139425786513123,0.139425786513123,0.480831684243309,-0.480831684243309,0.587754688346625,-0.587754688346625,-0.47959928098654,0.47959928098654,0.231807754405031,-0.231807754405031,0.875261385844473,-0.875261385844473,-0.0952464079983843,0.0952464079983843,0.826709902431176,-0.826709902431176,0.372122728089328,-0.372122728089328,-0.413138876168935,0.413138876168935,0.459871988120064,-0.459871988120064,0.503861051567989,-0.503861051567989,1.5976515210774,-1.5976515210774,-0.912108185442064,0.912108185442064,0.481357938886261,-0.481357938886261,-2.00963488843698,2.00963488843698,-0.407214250920408,0.407214250920408,-0.587674377802514,0.587674377802514,0.0968775836890053,-0.0968775836890053,2.96366757300011,-2.96366757300011,-1.1401408198623,1.1401408198623,-0.000730031714671713,0.000730031714671713,-0.490147202532545,0.490147202532545,-0.430280455537268,0.430280455537268,0.101783702248472,-0.101783702248472,2.70739269620826,-2.70739269620826,0.00131761714619383,-0.00131761714619383,-1.26468221687455,1.26468221687455,-0.393736910858182,0.393736910858182,-0.419131632488314,0.419131632488314,0.272813971435137,-0.272813971435137,1.35167625848537,-1.35167625848537,0.760631265449146,-0.760631265449146,-1.06707695770363,1.06707695770363,0.608228501303198,-0.608228501303198,-0.477730510299607,0.477730510299607,-0.796787409509365,0.796787409509365,-0.984708377159981,0.984708377159981,-0.013589848004732,0.013589848004732,-1.76924167827219,1.76924167827219,0.418500443215072,-0.418500443215072,-1.21560406275686,1.21560406275686,1.66442822734505,-1.66442822734505,1.24074612049414,-1.24074612049414,0.186172056641885,-0.186172056641885,0.299628476459594,-0.299628476459594,0.140173449322865,-0.140173449322865,-1.05406955553935,1.05406955553935,0.103501686529918,-0.103501686529918,-0.157328939248002,0.157328939248002,1.25620815142347,-1.25620815142347,-1.35881153654725,1.35881153654725,0.428991505862683,-0.428991505862683,-0.0686744418843999,0.0686744418843999,-0.0653642165391848,0.0653642165391848,0.470740532708161,-0.470740532708161,1.88657911906366,-1.88657911906366,-1.48789957631074,1.48789957631074,1.72533063008353,-1.72533063008353,-0.0889205578630302,0.0889205578630302,0.442926511458373,-0.442926511458373,-0.228869309935845,0.228869309935845,0.724670589018198,-0.724670589018198,-0.0486213366974707,0.0486213366974707,-0.566128470000114,0.566128470000114,-0.356433356976393,0.356433356976393,2.00519159274953,-2.00519159274953,0.131557929525562,-0.131557929525562,-1.2567127382859,1.2567127382859,-0.560949001869461,0.560949001869461,-0.173377545458317,0.173377545458317,0.28255072830913,-0.28255072830913,-0.517235825975825,0.517235825975825,0.291478147549826,-0.291478147549826,0.407996774223724,-0.407996774223724,-0.599744241908008,0.599744241908008,-1.21437846641153,1.21437846641153,-0.613008953260809,0.613008953260809,-0.653394718680191,0.653394718680191,-0.014386942792015,0.014386942792015,0.859576345797964,-0.859576345797964,-0.417792226522168,0.417792226522168,-0.280246110838796,0.280246110838796,1.63358349013575,-1.63358349013575,-0.0202102485216221,0.0202102485216221,-2.26497767946742,2.26497767946742,0.457409282913336,-0.457409282913336,0.0566926325431337,-0.0566926325431337,-2.59498846601197,2.59498846601197,-1.85434161559945,1.85434161559945,0.217054661473461,-0.217054661473461,0.648219341951322,-0.648219341951322,-0.819042219315217,0.819042219315217,1.70671678059691,-1.70671678059691,0.999316463571444,-0.999316463571444,-0.111961085495189,0.111961085495189,0.396352482072439,-0.396352482072439,-1.44055002721176,1.44055002721176,-0.266902621733269,0.266902621733269,0.196798159425735,-0.196798159425735,-1.09847917202163,1.09847917202163,-0.115455919251921,0.115455919251921,1.07019205496893,-1.07019205496893,-0.718152975052437,0.718152975052437,-0.0694967090431657,0.0694967090431657,-0.341654862118221,0.341654862118221,2.28601284715844,-2.28601284715844,2.22083222939725,-2.22083222939725,-0.207275762114023,0.207275762114023,-1.1897798957166,1.1897798957166,-0.012334329805957,0.012334329805957,-0.578419069871762,0.578419069871762,1.41104740829142,-1.41104740829142,0.95446836742328,-0.95446836742328,-0.192956784086908,0.192956784086908,0.891472658629941,-0.891472658629941,1.18370803389627,-1.18370803389627,-1.021653254252,1.021653254252,-0.389213803271471,0.389213803271471,-1.97880822551902,1.97880822551902,0.532986324908645,-0.532986324908645,0.986161045883658,-0.986161045883658,-1.24853076397149,1.24853076397149,1.57198937138168,-1.57198937138168,-2.66799509208997,2.66799509208997,-1.44413772084854,1.44413772084854,-0.203173923990481,0.203173923990481,-0.23130976508965,0.23130976508965,-0.875622857374142,0.875622857374142,-0.634725545715825,0.634725545715825,1.13625266613937,-1.13625266613937,-0.0863228738459544,0.0863228738459544,1.33476295254687,-1.33476295254687,0.634407533457709,-0.634407533457709,-0.0515108325854996,0.0515108325854996,-0.739096261559466,0.739096261559466,1.16371879720944,-1.16371879720944,-0.143144311469261,0.143144311469261,1.87108292528847,-1.87108292528847,-1.14107362438083,1.14107362438083,0.308361440892016,-0.308361440892016,-0.717534679101145,0.717534679101145,-0.850915217678714,0.850915217678714,-1.7572388689705,1.7572388689705,1.55597442752525,-1.55597442752525,-0.618736008854566,0.618736008854566,-0.807369966532831,0.807369966532831,0.01465249455109,-0.01465249455109,0.689410234533197,-0.689410234533197,0.217036508701553,-0.217036508701553,1.35654372261273,-1.35654372261273,-0.52249456164475,0.52249456164475,1.36791443864148,-1.36791443864148,0.312381969230779,-0.312381969230779,0.30119829035672,-0.30119829035672,0.0984341663728454,-0.0984341663728454,-0.441303453282313,0.441303453282313,-0.89192503034535,0.89192503034535,-0.302342321379312,0.302342321379312,0.13376020985609,-0.13376020985609,0.236991372956559,-0.236991372956559,0.885476818855065,-0.885476818855065,1.25020393229333,-1.25020393229333,0.951951796765748,-0.951951796765748,-0.913978438065204,0.913978438065204,-1.4667055810796,1.4667055810796,-1.39122632358486,1.39122632358486,-0.032003227215232,0.032003227215232,-1.44589240763013,1.44589240763013,-0.749138336290776,0.749138336290776,-0.205726967936455,0.205726967936455,1.17850170160558,-1.17850170160558,-0.241722769991815,0.241722769991815,0.976564676569658,-0.976564676569658,-1.03364099678806,1.03364099678806,1.17239842113167,-1.17239842113167,-0.590925945314737,0.590925945314737,0.437527000484536,-0.437527000484536,-1.29615375419088,1.29615375419088,-2.27773141436082,2.27773141436082,-1.25048523387291,1.25048523387291,-1.78527281733391,1.78527281733391,-2.48823725003013,2.48823725003013,0.473113846419218,-0.473113846419218,-0.676235023652708,0.676235023652708,-0.426816247854638,0.426816247854638,0.015366908243575,-0.015366908243575,-0.914552039168316,0.914552039168316,-0.48329734994896,0.48329734994896,-0.149060862166087,0.149060862166087,0.550568648326878,-0.550568648326878,-0.167462320849591,0.167462320849591,-0.24133571835853,0.24133571835853,-0.553527982621693,0.553527982621693,-1.35733101069482,1.35733101069482,-1.454362648408,1.454362648408,0.838427577893773,-0.838427577893773,0.460094238723111,-0.460094238723111,0.562569960472401,-0.562569960472401,-1.2400002935102,1.2400002935102,0.739843982844668,-0.739843982844668,1.43537424966661,-1.43537424966661,0.268191715940103,-0.268191715940103,-1.31395130980009,1.31395130980009,-0.235203987332107,0.235203987332107,0.136633917219573,-0.136633917219573,-2.17055022940156,2.17055022940156,-2.05187228228073,2.05187228228073,0.47751378699063,-0.47751378699063,-1.99677463249267,1.99677463249267,0.632340611740423,-0.632340611740423,-0.734910465007182,0.734910465007182,0.677686976780406,-0.677686976780406,-1.09955581903039,1.09955581903039,-0.270001947140579,0.270001947140579,1.80711183227649,-1.80711183227649,-0.172118637011438,0.172118637011438,-0.0936089949208946,0.0936089949208946,0.658540486420106,-0.658540486420106,-0.470088974770811,0.470088974770811,0.655567560335969,-0.655567560335969,1.41570659680852,-1.41570659680852,1.89024819426355,-1.89024819426355,-0.380987918067625,0.380987918067625,0.211331673173358,-0.211331673173358,0.378745291946764,-0.378745291946764,-1.48793086076702,1.48793086076702,-1.19250738656329,1.19250738656329,-1.01853826100213,1.01853826100213,-1.43882560917665,1.43882560917665,0.0661522597414981,-0.0661522597414981,-1.01837612262109,1.01837612262109,1.73978597223255,-1.73978597223255,-1.5397132033173,1.5397132033173,1.02896440003013,-1.02896440003013,-1.29448666275827,1.29448666275827,1.6972464258047,-1.6972464258047,0.627879018701657,-0.627879018701657,-0.889145223682191,0.889145223682191,1.40461702391598,-1.40461702391598,-0.718236824471575,0.718236824471575,-0.451609454210207,0.451609454210207,0.926911944831588,-0.926911944831588,0.769500953884348,-0.769500953884348,0.37751977451205,-0.37751977451205,0.241152298341676,-0.241152298341676,-0.468904565870071,0.468904565870071,-0.547579714618377,0.547579714618377,1.42264696954355,-1.42264696954355,0.938024981829094,-0.938024981829094,2.09188191475742,-2.09188191475742,-0.658843452936457,0.658843452936457,0.315799108200525,-0.315799108200525,-0.109071973290675,0.109071973290675,0.636733561529284,-0.636733561529284,0.553053231634392,-0.553053231634392,-0.914025618996877,0.914025618996877,-1.55644368891909,1.55644368891909,-1.07576157126236,1.07576157126236,-0.846969560993365,0.846969560993365,0.128087869852367,-0.128087869852367,1.270363240752,-1.270363240752,-0.294332789690107,0.294332789690107,-0.510650039075717,0.510650039075717,1.24321344971632,-1.24321344971632,0.316827285270926,-0.316827285270926,0.93583617572328,-0.93583617572328,0.42445069015326,-0.42445069015326,-0.782232329241207,0.782232329241207,-1.37474954379707,1.37474954379707,0.139928313816303,-0.139928313816303,1.24345616645231,-1.24345616645231,0.907998992486795,-0.907998992486795,0.973304272228414,-0.973304272228414,1.22012243038319,-1.22012243038319,0.453679945914847,-0.453679945914847,0.555115051253739,-0.555115051253739,1.61319979699112,-1.61319979699112,-0.51176403097895,0.51176403097895,0.172257978469918,-0.172257978469918,-0.38256086015878,0.38256086015878,-0.0110508858396575,0.0110508858396575,0.818312848008243,-0.818312848008243,-1.0262816914342,1.0262816914342,-1.1184972733814,1.1184972733814,-1.69340806784961,1.69340806784961,0.57189041749559,-0.57189041749559,-0.509488452523692,0.509488452523692,-0.725910972043621,0.725910972043621,-1.66796931946366,1.66796931946366,0.577095901126451,-0.577095901126451,1.00581841907564,-1.00581841907564,0.745613771528162,-0.745613771528162,-0.22824659909609,0.22824659909609,-1.14341235844974,1.14341235844974,-0.295600620304023,0.295600620304023,-0.464889721170609,0.464889721170609,-0.491840969083998,0.491840969083998,0.563455094068661,-0.563455094068661,-1.27189654669244,1.27189654669244,1.06805651112592,-1.06805651112592,0.138906829588693,-0.138906829588693,-1.14556760570545,1.14556760570545,-0.485385957169891,0.485385957169891,0.492710544019778,-0.492710544019778,-0.553659047153829,0.553659047153829,0.386374067570062,-0.386374067570062,-0.0810016584076513,0.0810016584076513,-0.366552346054239,0.366552346054239,0.930558949139603,-0.930558949139603,1.15809375499828,-1.15809375499828,0.586404113300773,-0.586404113300773,-0.793160747589231,0.793160747589231,-0.887087195982342,0.887087195982342,-0.302282951489523,0.302282951489523,0.348394244766345,-0.348394244766345,2.63055183222595,-2.63055183222595,0.788069034338539,-0.788069034338539,0.0247859787861352,-0.0247859787861352,0.518002185347145,-0.518002185347145,1.87625307458315,-1.87625307458315,-0.0774887111274568,0.0774887111274568,-1.18673363215528,1.18673363215528,0.0768903662685971,-0.0768903662685971,-0.0357113600401039,0.0357113600401039,0.262397214467246,-0.262397214467246,-0.332006697092224,0.332006697092224,0.156419126899838,-0.156419126899838,-1.52670972313436,1.52670972313436,1.3813928723317,-1.3813928723317,0.349078182780486,-0.349078182780486,0.892194582459382,-0.892194582459382,-0.160950030294624,0.160950030294624,0.761782603093062,-0.761782603093062,0.486014224535535,-0.486014224535535,-0.297433112346295,0.297433112346295,0.175779134167063,-0.175779134167063,0.507231615408379,-0.507231615408379,2.1312056106888,-2.1312056106888,1.10256859999332,-1.10256859999332,0.750684466269941,-0.750684466269941,-0.329965305760084,0.329965305760084,-1.99227302516598,1.99227302516598,0.578451706353977,-0.578451706353977,0.335189235033959,-0.335189235033959,-0.202054639914918,0.202054639914918,0.532354359962748,-0.532354359962748,0.753265771480992,-0.753265771480992,-1.38526707545542,1.38526707545542,1.14334105240618,-1.14334105240618,1.33584578645725,-1.33584578645725,0.430568820231243,-0.430568820231243,0.440990147303624,-0.440990147303624,-1.98953049539604,1.98953049539604,0.49130497382707,-0.49130497382707,-0.382316293612708,0.382316293612708,0.952041110455339,-0.952041110455339,-0.376403418590794,0.376403418590794,0.417547005412559,-0.417547005412559,0.322267924068878,-0.322267924068878,-1.3651045524378,1.3651045524378,0.176498097406295,-0.176498097406295,-0.652510866559772,0.652510866559772,-1.03821654043643,1.03821654043643,0.0972456079712432,-0.0972456079712432,0.892105749031868,-0.892105749031868,0.33809678401137,-0.33809678401137,-0.678808265126428,0.678808265126428,1.38262327447106,-1.38262327447106,0.815149807326431,-0.815149807326431,0.935945403672282,-0.935945403672282,-1.17432919628169,1.17432919628169,-1.8488460266563,1.8488460266563,-1.28891724607001,1.28891724607001,-0.273649884222326,0.273649884222326,-2.25373820707378,2.25373820707378,-0.54007487260156,0.54007487260156,1.37815935302933,-1.37815935302933,-1.13950694554609,1.13950694554609,0.513198819071416,-0.513198819071416,1.222512687481,-1.222512687481,1.12136664528203,-1.12136664528203,0.630683951514595,-0.630683951514595,-1.19226455756776,1.19226455756776,-0.0994782522318053,0.0994782522318053,0.408664050856248,-0.408664050856248,-2.17897447328802,2.17897447328802,1.72412419273335,-1.72412419273335,0.643760482612981,-0.643760482612981,-0.757535538470894,0.757535538470894,2.45307666698224,-2.45307666698224,-1.07916023892331,1.07916023892331,0.0183995736879967,-0.0183995736879967,0.863629634672697,-0.863629634672697,0.773594552148719,-0.773594552148719,1.21005943462182,-1.21005943462182,-0.295166426244437,0.295166426244437,1.77798722483566,-1.77798722483566,0.319146932512322,-0.319146932512322,-0.936275052830898,0.936275052830898,-0.624442639878426,0.624442639878426,-1.17023525403396,1.17023525403396,-0.608492194116337,0.608492194116337,0.0410632932541221,-0.0410632932541221,0.560294911367047,-0.560294911367047,1.56217583941977,-1.56217583941977,-0.873178965687415,0.873178965687415,-2.72746513692591,2.72746513692591,-0.300913574610669,0.300913574610669,-1.0817512770295,1.0817512770295,-1.1958442958718,1.1958442958718,-1.08411948509514,1.08411948509514,-0.606144218682151,0.606144218682151,-1.33148381894181,1.33148381894181,0.328413226895001,-0.328413226895001,2.82382595196357,-2.82382595196357,1.32983747181591,-1.32983747181591,0.782199950117927,-0.782199950117927,-2.06833654805086,2.06833654805086,0.970598045203341,-0.970598045203341,-1.03895884259512,1.03895884259512,0.332591919890125,-0.332591919890125,1.39243487205079,-1.39243487205079,-0.849569519833759,0.849569519833759,1.08099323107279,-1.08099323107279,-0.267020174165895,0.267020174165895,-0.0589880422725044,0.0589880422725044,1.078930053921,-1.078930053921,0.298350760204099,-0.298350760204099,-0.873461818869081,0.873461818869081,0.536617875521071,-0.536617875521071,-0.993273442769864,0.993273442769864,-1.69611787138221,1.69611787138221,0.631169411991991,-0.631169411991991,0.819898053741977,-0.819898053741977,0.119475491678066,-0.119475491678066,1.00195137139712,-1.00195137139712,-1.15020096667492,1.15020096667492,-0.355822203740001,0.355822203740001,-0.68358438013385,0.68358438013385,0.772238853482159,-0.772238853482159,-1.3106195009195,1.3106195009195,0.664329908100211,-0.664329908100211,0.308193941603837,-0.308193941603837,-1.83391876319308,1.83391876319308,-0.902713969727014,0.902713969727014,1.42139337101052,-1.42139337101052,-0.542052924611842,0.542052924611842,2.40673948864254,-2.40673948864254,1.11043021081739,-1.11043021081739,1.83754602809166,-1.83754602809166,-0.893406884797546,0.893406884797546,0.0299039792375762,-0.0299039792375762,1.19401353710261,-1.19401353710261,0.449723440133899,-0.449723440133899,-0.466533216757287,0.466533216757287,-0.104623701156223,0.104623701156223,-0.506370024133097,0.506370024133097,0.390130322803693,-0.390130322803693,-1.08294930004666,1.08294930004666,-0.754154266339085,0.754154266339085,1.75310839874268,-1.75310839874268,-0.439409788165354,0.439409788165354,1.13888900923023,-1.13888900923023,1.34860524214875,-1.34860524214875,-0.113666773906071,0.113666773906071,0.767996258721319,-0.767996258721319,0.850535221321803,-0.850535221321803,-2.86172731623874,2.86172731623874,-1.20430242197257,1.20430242197257,-1.2963505168645,1.2963505168645,-0.549093421151811,0.549093421151811,-0.0243321320666853,0.0243321320666853,-2.06471572341065,2.06471572341065,2.03468963229616,-2.03468963229616,-0.271827987185418,0.271827987185418,-2.21173807630419,2.21173807630419,0.283315318902115,-0.283315318902115,0.667577667751296,-0.667577667751296,1.29715095798421,-1.29715095798421,-1.42189676150286,1.42189676150286,1.14349194717349,-1.14349194717349,-0.992120609892151,0.992120609892151,1.70268344934014,-1.70268344934014,0.627913917784157,-0.627913917784157,-0.235953539872484,0.235953539872484,-3.81926689258776,3.81926689258776,-0.0151119259664486,0.0151119259664486,-0.229169021044151,0.229169021044151,0.363615754499022,-0.363615754499022,-0.627762187190772,0.627762187190772,1.58031025065063,-1.58031025065063,0.415582905306258,-0.415582905306258,0.0138403762844533,-0.0138403762844533,-0.87039611305062,0.87039611305062,-1.43340163179958,1.43340163179958,-0.179889907841287,0.179889907841287,-0.584001764181154,0.584001764181154,-0.360844690177166,0.360844690177166,0.46928430632964,-0.46928430632964,1.26911375569603,-1.26911375569603,0.0954473842188877,-0.0954473842188877,0.620759284519053,-0.620759284519053,-0.938167499504697,0.938167499504697,0.726292230238843,-0.726292230238843,0.14815717633874,-0.14815717633874,1.47721100480288,-1.47721100480288,2.37861884642859,-2.37861884642859,-1.33419883642747,1.33419883642747,-0.480566180072484,0.480566180072484,1.36843998045888,-1.36843998045888,-0.37933215152647,0.37933215152647,-1.4943099337982,1.4943099337982,0.444475066528624,-0.444475066528624,0.588390504572633,-0.588390504572633,1.8231147212234,-1.8231147212234,1.60720288367625,-1.60720288367625,-0.26573567520543,0.26573567520543,0.663502813245569,-0.663502813245569,0.223562899394141,-0.223562899394141,0.267344984907252,-0.267344984907252,0.077426378427629,-0.077426378427629,-0.878320947208634,0.878320947208634,1.3543788163979,-1.3543788163979,0.736850287587163,-0.736850287587163,0.285591880447909,-0.285591880447909,0.614026118917008,-0.614026118917008,-2.53611166905713,2.53611166905713,1.80919412231855,-1.80919412231855,-0.630424434808584,0.630424434808584,0.247063690788459,-0.247063690788459,1.53519895133316,-1.53519895133316,-0.819977812624407,0.819977812624407,-0.0318548258634204,0.0318548258634204,1.61168728922672,-1.61168728922672,0.685441052788,-0.685441052788,-0.473753580560691,0.473753580560691,-0.276273653345609,0.276273653345609,0.349720406375076,-0.349720406375076,1.32500632499645,-1.32500632499645,-0.0785704467674823,0.0785704467674823,-1.24748021711874,1.24748021711874,0.0436318726803341,-0.0436318726803341,0.492311266491687,-0.492311266491687,0.696444178596412,-0.696444178596412,0
