0.494598839898622,-0.494598839898622,-2.17956651058878,2.17956651058878,0.382284200333813,-0.382284200333813,-0.926550368127501,0.926550368127501,-0.54062434094345,0.54062434094345,-0.452566458038958,0.452566458038958,-0.796197366238339,0.796197366238339,0.552948891378011,-0.552948891378011,-0.603680918390886,0.603680918390886,0.0496523427665431,-0.0496523427665431,-0.776856302666871,0.776856302666871,-0.126690877204101,0.126690877204101,0.607595910165304,-0.607595910165304,-0.491749864424288,0.491749864424288,-0.606598766616962,0.606598766616962,-1.21252572451796,1.21252572451796,0.952875972147901,-0.952875972147901,-0.803419510958735,0.803419510958735,-1.30204203001064,1.30204203001064,-0.739918478840264,0.739918478840264,1.83410015389742,-1.83410015389742,0.0416782145542399,-0.0416782145542399,-0.977301853130901,0.977301853130901,2.01964803527098,-2.01964803527098,0.599509940552059,-0.599509940552059,-0.491425284810918,0.491425284810918,0.655837566977936,-0.655837566977936,-0.242629905471847,0.242629905471847,0.549629194191503,-0.549629194191503,0.727985510640444,-0.727985510640444,0.00381874980851309,-0.00381874980851309,0.867247393731033,-0.867247393731033,0.252165075624496,-0.252165075624496,-0.17734413482406,0.17734413482406,0.477159040540957,-0.477159040540957,0.0118000339076234,-0.0118000339076234,0.580304153640022,-0.580304153640022,0.717036422201591,-0.717036422201591,-0.428952525027075,0.428952525027075,-0.985050799414548,0.985050799414548,0.241203165265764,-0.241203165265764,0.241403206742895,-0.241403206742895,0.969707570104664,-0.969707570104664,0.238276159579516,-0.238276159579516,0.274867097082764,-0.274867097082764,0.279597717239517,-0.279597717239517,0.319609115698478,-0.319609115698478,0.706381712984424,-0.706381712984424,-1.06591586209902,1.06591586209902,-0.823529466683683,0.823529466683683,-1.35210384120696,1.35210384120696,-0.402648097515816,0.402648097515816,-0.717219089953261,0.717219089953261,-0.577048084806929,0.577048084806929,0.709257328754561,-0.709257328754561,0.688814318113025,-0.688814318113025,1.95966304867021,-1.95966304867021,-0.28265119288707,0.28265119288707,-0.102186053627052,0.102186053627052,-0.360485907656064,0.360485907656064,0.773581801216278,-0.773581801216278,-0.81008406929611,0.81008406929611,-2.20148745585657,2.20148745585657,-0.944024884409351,0.944024884409351,0.917211028546222,-0.917211028546222,-0.143801404345716,0.143801404345716,-0.199251261113804,0.199251261113804,-0.636095018057557,0.636095018057557,-1.33231022658357,1.33231022658357,1.35915217511588,-1.35915217511588,0.846509590565958,-0.846509590565958,-0.342737521266285,0.342737521266285,1.31730993439677,-1.31730993439677,-0.701144770158608,0.701144770158608,0.579294574062363,-0.579294574062363,-0.865210733792919,0.865210733792919,0.520651803672176,-0.520651803672176,-2.0057193426155,2.0057193426155,0.550798853506867,-0.550798853506867,1.13715057891671,-1.13715057891671,1.31074471941532,-1.31074471941532,0.951835493582296,-0.951835493582296,0.208372571348252,-0.208372571348252,-2.22501906592632,2.22501906592632,0.638650409321489,-0.638650409321489,-0.662517104793898,0.662517104793898,1.97540846779705,-1.97540846779705,0.89849746019184,-0.89849746019184,0.0836305147569983,-0.0836305147569983,-2.89955511369191,2.89955511369191,-1.40688048357174,1.40688048357174,0.428831810289095,-0.428831810289095,-1.29755203133557,1.29755203133557,-1.84346004395373,1.84346004395373,0.866267853050863,-0.866267853050863,0.40372745142132,-0.40372745142132,0.62718779875522,-0.62718779875522,-0.0137630498286893,0.0137630498286893,0.912504766051889,-0.912504766051889,0.608379851073677,-0.608379851073677,-0.0682025854048138,0.0682025854048138,-0.0580949697934699,0.0580949697934699,-0.26649620741846,0.26649620741846,-1.08445874374071,1.08445874374071,0.0338661913478453,-0.0338661913478453,-1.97038361311386,1.97038361311386,0.50064783117423,-0.50064783117423,-0.364334019210695,0.364334019210695,-0.733770595337631,0.733770595337631,-0.681853544483214,0.681853544483214,0.432971293647679,-0.432971293647679,-0.757156777589574,0.757156777589574,0.213361126688396,-0.213361126688396,-0.286140015922386,0.286140015922386,-0.0897574578742051,0.0897574578742051,1.81625903617731,-1.81625903617731,0.294180245835224,-0.294180245835224,0.738260972605879,-0.738260972605879,-1.19022926294802,1.19022926294802,3.44834806445564,-3.44834806445564,0.591679627575967,-0.591679627575967,-0.0897994666295712,0.0897994666295712,-0.406954120469688,0.406954120469688,-0.38616336608123,0.38616336608123,-0.194102659671472,0.194102659671472,0.745337018432009,-0.745337018432009,-0.440816549704104,0.440816549704104,0.442686900475425,-0.442686900475425,-0.317478617673349,0.317478617673349,1.52924714330066,-1.52924714330066,0.454023935958568,-0.454023935958568,-1.56208022744164,1.56208022744164,-1.03188106365263,1.03188106365263,0.93531289410702,-0.93531289410702,-0.680380043986328,0.680380043986328,-0.345356130946375,0.345356130946375,1.43046352050585,-1.43046352050585,1.42099090299639,-1.42099090299639,0.287577061916476,-0.287577061916476,-1.58879343874122,1.58879343874122,-0.097539261690675,0.097539261690675,-0.832905817663125,0.832905817663125,0.856698223460299,-0.856698223460299,-0.262306088613128,0.262306088613128,0.335687800692223,-0.335687800692223,0.0266188292588423,-0.0266188292588423,-0.0400158388239545,0.0400158388239545,-0.577816117635391,0.577816117635391,1.7392982966402,-1.7392982966402,-1.34020536261997,1.34020536261997,0.311670383019669,-0.311670383019669,-1.00736702102437,1.00736702102437,1.35770315574537,-1.35770315574537,0.230905314462289,-0.230905314462289,1.04026764126289,-1.04026764126289,1.10742136338199,-1.10742136338199,0.834797675380231,-0.834797675380231,-0.736005712085653,0.736005712085653,0.733654143329124,-0.733654143329124,-0.122040087043717,0.122040087043717,1.96866755200792,-1.96866755200792,-0.0960535843583037,0.0960535843583037,0.141160946598993,-0.141160946598993,0.240215981223863,-0.240215981223863,0.98758946093022,-0.98758946093022,0.386108464463885,-0.386108464463885,0.786658756194686,-0.786658756194686,-3.43232033857038,3.43232033857038,0.415458991989085,-0.415458991989085,0.586538874539267,-0.586538874539267,-0.687740613272992,0.687740613272992,-0.992359448886123,0.992359448886123,0.0491335577313329,-0.0491335577313329,0.240226290953476,-0.240226290953476,0.464691883745181,-0.464691883745181,-0.536482806410868,0.536482806410868,0.833112706940034,-0.833112706940034,-0.290470379535786,0.290470379535786,-0.075416936231557,0.075416936231557,-0.57450515220776,0.57450515220776,0.736295133509838,-0.736295133509838,-0.149185487888669,0.149185487888669,-1.2537772487477,1.2537772487477,-0.288827548467239,0.288827548467239,-0.525236156857352,0.525236156857352,0.762568697722112,-0.762568697722112,-0.274663321677499,0.274663321677499,1.35785076950015,-1.35785076950015,0.327852595623497,-0.327852595623497,0.758170326241118,-0.758170326241118,2.02699100191067,-2.02699100191067,1.35799199759843,-1.35799199759843,-0.832750479148363,0.832750479148363,2.23137702300937,-2.23137702300937,-1.54386267218599,1.54386267218599,1.20070906344605,-1.20070906344605,0.83177762442626,-0.83177762442626,1.05914546326959,-1.05914546326959,-0.895452934230694,0.895452934230694,-1.10873843727199,1.10873843727199,-0.626063322741335,0.626063322741335,0.6135348198205,-0.6135348198205,1.28741294567524,-1.28741294567524,0.652354477554992,-0.652354477554992,0.838791701542746,-0.838791701542746,-0.675392629825388,0.675392629825388,2.68606254374932,-2.68606254374932,0.370426433032079,-0.370426433032079,0.657038535731861,-0.657038535731861,0.308927846982396,-0.308927846982396,0.820911249245133,-0.820911249245133,-0.793192872687062,0.793192872687062,0.40144461595306,-0.40144461595306,-0.192516214638866,0.192516214638866,-0.398132092293831,0.398132092293831,-1.5236798151785,1.5236798151785,0.836336348975552,-0.836336348975552,-1.49202331391203,1.49202331391203,-2.82609480759487,2.82609480759487,1.02718443472099,-1.02718443472099,-0.3734756355055,0.3734756355055,-0.506320076371568,0.506320076371568,-0.00867840708594122,0.00867840708594122,-1.62089647193837,1.62089647193837,0.136479801026986,-0.136479801026986,0.149185256637057,-0.149185256637057,-1.48631543279,1.48631543279,-1.96496144840176,1.96496144840176,0.227344420513739,-0.227344420513739,1.60468639158679,-1.60468639158679,1.4503430158713,-1.4503430158713,-0.595182621300153,0.595182621300153,-0.323581103234372,0.323581103234372,-1.95578651084499,1.95578651084499,1.74377521334049,-1.74377521334049,-0.643588633842343,0.643588633842343,2.92446371813579,-2.92446371813579,-0.916631454730663,0.916631454730663,-0.64358697734949,0.64358697734949,-1.17609232091925,1.17609232091925,-0.571695715069255,0.571695715069255,0.792043283573492,-0.792043283573492,0.612152909684746,-0.612152909684746,-1.07416835052689,1.07416835052689,0.456378575809958,-0.456378575809958,-0.542864367374044,0.542864367374044,0.717996606893426,-0.717996606893426,-0.120858570503956,0.120858570503956,-0.225163536830713,0.225163536830713,-1.79655797929496,1.79655797929496,0.435518626326506,-0.435518626326506,1.42921544020615,-1.42921544020615,0.61228177148614,-0.61228177148614,0.865895049977059,-0.865895049977059,0.0113995658520307,-0.0113995658520307,0.152012960678635,-0.152012960678635,-0.802362198135675,0.802362198135675,1.36942518649532,-1.36942518649532,0.0534829658963769,-0.0534829658963769,-0.603781239682558,0.603781239682558,0.321789520666046,-0.321789520666046,1.51052888414987,-1.51052888414987,0.486207084054391,-0.486207084054391,-0.540068687614184,0.540068687614184,-0.51109709724572,0.51109709724572,0.0954519784278639,-0.0954519784278639,-0.586584262599468,0.586584262599468,0.0682882258638089,-0.0682882258638089,0.614843668460384,-0.614843668460384,-0.696704070579122,0.696704070579122,-0.554584062039246,0.554584062039246,0.455959727724174,-0.455959727724174,0.350373022773408,-0.350373022773408,0.106545597900009,-0.106545597900009,0.0347416910198175,-0.0347416910198175,-0.878964783521776,0.878964783521776,-0.537545519934249,0.537545519934249,-0.994756723303359,0.994756723303359,-2.28236366878052,2.28236366878052,2.31169978558035,-2.31169978558035,-0.773904964043675,0.773904964043675,-0.938678614196905,0.938678614196905,0.77122734824761,-0.77122734824761,0.0341467731552791,-0.0341467731552791,0.297780766587751,-0.297780766587751,-0.840909594520837,0.840909594520837,1.5356679013264,-1.5356679013264,-0.0978270136434927,0.0978270136434927,0.308746904185024,-0.308746904185024,0.330504576915448,-0.330504576915448,-0.681691340803446,0.681691340803446,-0.048952223317916,0.048952223317916,-1.9137948273331,1.9137948273331,-1.35626511403773,1.35626511403773,-0.0664459067432753,0.0664459067432753,0.0427274712057342,-0.0427274712057342,0.00821166245966,-0.00821166245966,-0.178346922157216,0.178346922157216,-0.060679696883606,0.060679696883606,0.624582075950577,-0.624582075950577,0.139281665727159,-0.139281665727159,-1.47964818734296,1.47964818734296,0.743768015802209,-0.743768015802209,-0.641443897095869,0.641443897095869,-1.71443633447643,1.71443633447643,1.03595556275479,-1.03595556275479,-0.466446126054296,0.466446126054296,-0.985393024661707,0.985393024661707,-1.63915809863108,1.63915809863108,1.76354615454559,-1.76354615454559,-0.104343976599229,0.104343976599229,0.557347897705939,-0.557347897705939,-0.0737578260180229,0.0737578260180229,-0.353215057689142,0.353215057689142,-1.39902064768168,1.39902064768168,1.12513861370956,-1.12513861370956,0.29761645626372,-0.29761645626372,-1.14232451542134,1.14232451542134,0.585494209231011,-0.585494209231011,0.512615769399221,-0.512615769399221,-1.29892534912534,1.29892534912534,0.00638027275752568,-0.00638027275752568,0.580193892594932,-0.580193892594932,0.259811700246807,-0.259811700246807,0.860078426285129,-0.860078426285129,-0.289100188462426,0.289100188462426,1.24427611393041,-1.24427611393041,-0.332555372026372,0.332555372026372,0.213909203135053,-0.213909203135053,0.00979172974209189,-0.00979172974209189,0.835682400944309,-0.835682400944309,-2.05103198952138,2.05103198952138,-0.488211184634306,0.488211184634306,1.49256153985239,-1.49256153985239,-0.430033231840893,0.430033231840893,1.26128427073125,-1.26128427073125,1.50179365801095,-1.50179365801095,0.199632884476095,-0.199632884476095,1.25520407572697,-1.25520407572697,-0.0789582290539358,0.0789582290539358,-1.3265137627589,1.3265137627589,0.254162393849066,-0.254162393849066,0.596124904512915,-0.596124904512915,-0.142960165095034,0.142960165095034,1.10739996653701,-1.10739996653701,0.24198374969236,-0.24198374969236,1.81858074003406,-1.81858074003406,-0.860514600339017,0.860514600339017,-1.20529623681763,1.20529623681763,1.10731893492363,-1.10731893492363,0.169912069944964,-0.169912069944964,-2.07845066491004,2.07845066491004,-0.998327668932225,0.998327668932225,0.159431185949873,-0.159431185949873,-0.0893996648526026,0.0893996648526026,-1.03305973116812,1.03305973116812,0.486553746400871,-0.486553746400871,0.346440673677556,-0.346440673677556,-0.837273187174612,0.837273187174612,-1.50457625912174,1.50457625912174,0.257273235879369,-0.257273235879369,1.56204848513724,-1.56204848513724,-0.561517271310853,0.561517271310853,1.68351918897799,-1.68351918897799,2.14602591759458,-2.14602591759458,0.822650159686596,-0.822650159686596,0.0497827131314792,-0.0497827131314792,-0.732194338932204,0.732194338932204,0.232885041023458,-0.232885041023458,-0.00852734458289754,0.00852734458289754,-0.9735782326021,0.9735782326021,-1.25172765183944,1.25172765183944,-0.487235783683587,0.487235783683587,-0.637564414489967,0.637564414489967,2.92532925182969,-2.92532925182969,1.70065728995608,-1.70065728995608,0.00513778013513543,-0.00513778013513543,-0.214157826056847,0.214157826056847,-2.87921309753678,2.87921309753678,-1.35117058643228,1.35117058643228,0.465889867702154,-0.465889867702154,-0.00112970448632346,0.00112970448632346,-0.94911331212029,0.94911331212029,-2.01166438980156,2.01166438980156,0.938924329488312,-0.938924329488312,1.25220649488154,-1.25220649488154,-0.904969197406698,0.904969197406698,1.40687982189432,-1.40687982189432,-1.04665031583411,1.04665031583411,0.845508087051363,-0.845508087051363,-1.56015132590786,1.56015132590786,0.243428755209348,-0.243428755209348,0.410840260827011,-0.410840260827011,1.13163966600131,-1.13163966600131,1.39138440061128,-1.39138440061128,2.28381187358755,-2.28381187358755,-0.779475774484701,0.779475774484701,0.534188812660901,-0.534188812660901,-0.21299959588159,0.21299959588159,1.45349876475463,-1.45349876475463,0.254746799820261,-0.254746799820261,1.2995719306579,-1.2995719306579,0.119675431557112,-0.119675431557112,0.165133550898396,-0.165133550898396,-0.81854902679538,0.81854902679538,-1.16176387313244,1.16176387313244,-0.988867317638746,0.988867317638746,-0.547449075591281,0.547449075591281,0.583512848479474,-0.583512848479474,-0.595913509535995,0.595913509535995,0.410620728892835,-0.410620728892835,-0.427038953518856,0.427038953518856,0.536652793163937,-0.536652793163937,-2.23865070169958,2.23865070169958,-0.711194071404531,0.711194071404531,0.361860243439724,-0.361860243439724,0.438681264839608,-0.438681264839608,-0.832322318804952,0.832322318804952,-0.91869367458577,0.91869367458577,0.56646000988748,-0.56646000988748,-2.31184267475356,2.31184267475356,-1.50923523648534,1.50923523648534,-2.16259329170007,2.16259329170007,-0.0102654957656878,0.0102654957656878,-1.52583596529295,1.52583596529295,0.478173670571265,-0.478173670571265,0.816713794093752,-0.816713794093752,0.411049181862582,-0.411049181862582,-0.414842954994563,0.414842954994563,-0.509990399436189,0.509990399436189,0.269232020883648,-0.269232020883648,0.135966314127138,-0.135966314127138,0.033072263365024,-0.033072263365024,1.054343657413,-1.054343657413,1.13169509110667,-1.13169509110667,0.371115811634064,-0.371115811634064,0.854619805728212,-0.854619805728212,0.758468237052659,-0.758468237052659,0.113484300830336,-0.113484300830336,0.472296163845526,-0.472296163845526,-0.419593536743002,0.419593536743002,1.11041126759995,-1.11041126759995,1.50463676501759,-1.50463676501759,-0.141301832607101,0.141301832607101,-1.80133614229919,1.80133614229919,0.433481098496509,-0.433481098496509,0.480903128043967,-0.480903128043967,1.29266869361317,-1.29266869361317,-1.29582488229203,1.29582488229203,1.42297484889816,-1.42297484889816,-0.673418608969851,0.673418608969851,-0.49572850620268,0.49572850620268,1.64144044561719,-1.64144044561719,0.965699620210381,-0.965699620210381,-0.700669089559445,0.700669089559445,-0.301273023916907,0.301273023916907,-0.409555585249541,0.409555585249541,-0.339046893666337,0.339046893666337,0.321641762494719,-0.321641762494719,-1.15246811030583,1.15246811030583,0.860958322501197,-0.860958322501197,-0.564249491182099,0.564249491182099,-0.374918055986147,0.374918055986147,0.487602572878619,-0.487602572878619,-0.18228531096334,0.18228531096334,1.12228060372576,-1.12228060372576,-0.350653492058423,0.350653492058423,1.71974613022914,-1.71974613022914,-0.212409412354735,0.212409412354735,0.156092618220368,-0.156092618220368,1.67807148652878,-1.67807148652878,0.213745992617089,-0.213745992617089,0.991464581017509,-0.991464581017509,0.923772764960074,-0.923772764960074,-0.343304021849139,0.343304021849139,0.0225757524809571,-0.0225757524809571,0.177594699402883,-0.177594699402883,0.310607878572766,-0.310607878572766,-1.02217719877804,1.02217719877804,-0.133622286764667,0.133622286764667,2.04527633834656,-2.04527633834656,0.692384658226576,-0.692384658226576,0.99364181000733,-0.99364181000733,0.346130230300309,-0.346130230300309,0.727531274399028,-0.727531274399028,0.31206411188049,-0.31206411188049,0.579189972681042,-0.579189972681042,-0.942692137524868,0.942692137524868,-0.155926109224765,0.155926109224765,-0.867288075782477,0.867288075782477,-0.813075460089288,0.813075460089288,-1.18747764543086,1.18747764543086,1.19602236295038,-1.19602236295038,0.682222501728737,-0.682222501728737,0.845931233184796,-0.845931233184796,0.0726332267505166,-0.0726332267505166,-0.584936584639896,0.584936584639896,0.711500806569022,-0.711500806569022,1.27495158854678,-1.27495158854678,1.22500368320254,-1.22500368320254,1.6997487731415,-1.6997487731415,0.977316077676101,-0.977316077676101,1.14568885259517,-1.14568885259517,0.448127248469715,-0.448127248469715,0.55054708645697,-0.55054708645697,-1.57276283028938,1.57276283028938,0.469372501065058,-0.469372501065058,1.67628825065235,-1.67628825065235,0.380199675717718,-0.380199675717718,0.716674460700369,-0.716674460700369,-0.916713610651885,0.916713610651885,0.35289560217444,-0.35289560217444,0.0890435654949752,-0.0890435654949752,-0.711674900630836,0.711674900630836,2.26884106234538,-2.26884106234538,1.15739541895429,-1.15739541895429,-0.679674409994196,0.679674409994196,-0.0943452885739734,0.0943452885739734,0.245989215032118,-0.245989215032118,0.363625938974738,-0.363625938974738,-0.256743697792099,0.256743697792099,-0.470949749435854,0.470949749435854,-0.533648476003706,0.533648476003706,0.0719362965432878,-0.0719362965432878,-1.17103106782539,1.17103106782539,1.3483414954897,-1.3483414954897,0.560151843807522,-0.560151843807522,-0.0285278431909314,0.0285278431909314,0.417725557251919,-0.417725557251919,-0.0238848944282181,0.0238848944282181,-0.422711393028636,0.422711393028636,0.0871333761748452,-0.0871333761748452,-1.41437884136892,1.41437884136892,1.11564989755603,-1.11564989755603,-0.939254562547708,0.939254562547708,-1.39211061197512,1.39211061197512,0.929528357706053,-0.929528357706053,0.939532707109521,-0.939532707109521,-0.103138625131903,0.103138625131903,0.073459305699363,-0.073459305699363,0.0874439756711077,-0.0874439756711077,-0.808892898022609,0.808892898022609,-0.53721135145528,0.53721135145528,0.174377280823229,-0.174377280823229,1.10315295355876,-1.10315295355876,-0.0903961431097379,0.0903961431097379,-0.34224223597929,0.34224223597929,-1.13599672938152,1.13599672938152,-0.880888112205555,0.880888112205555,0.0377308730054179,-0.0377308730054179,0.995901754395877,-0.995901754395877,-1.90467193706113,1.90467193706113,-0.904569896624015,0.904569896624015,0.471135590815988,-0.471135590815988,0.310556287574308,-0.310556287574308,-0.920731296820392,0.920731296820392,1.09549970554816,-1.09549970554816,0.950278137847367,-0.950278137847367,-1.25789071298737,1.25789071298737,0.697490707016501,-0.697490707016501,0.62155031990031,-0.62155031990031,-1.07988017246997,1.07988017246997,1.35718969623954,-1.35718969623954,0.386059649854867,-0.386059649854867,-0.521200973140886,0.521200973140886,-2.10145152378729,2.10145152378729,2.3226770072235,-2.3226770072235,-0.0703264779222239,0.0703264779222239,0.0170865493625634,-0.0170865493625634,-0.73376448486251,0.73376448486251,0.953343107651056,-0.953343107651056,-1.38844328979257,1.38844328979257,-0.677178917522767,0.677178917522767,-0.264118482952432,0.264118482952432,1.16247019487036,-1.16247019487036,-0.213823299532147,0.213823299532147,1.71514612847891,-1.71514612847891,2.79935002807993,-2.79935002807993,0.911368565562582,-0.911368565562582,-1.63073367933972,1.63073367933972,1.24017394456993,-1.24017394456993,-1.41898055532939,1.41898055532939,-2.09729931176806,2.09729931176806,-0.00883093770499809,0.00883093770499809,-1.00067907347657,1.00067907347657,-0.0654350382044551,0.0654350382044551,0.621354525044195,-0.621354525044195,0.314037534854019,-0.314037534854019,0.0353986632350122,-0.0353986632350122,-1.50295383405482,1.50295383405482,0.417840842374748,-0.417840842374748,-1.7756981144784,1.7756981144784,-0.337907836098134,0.337907836098134,0.546494990228797,-0.546494990228797,0.896804865181767,-0.896804865181767,-0.276213445018059,0.276213445018059,-0.305123303469459,0.305123303469459,-0.263185471580632,0.263185471580632,0.821804328138338,-0.821804328138338,0.314428469891625,-0.314428469891625,1.4305326323131,-1.4305326323131,0.61642970454732,-0.61642970454732,0.136262187714705,-0.136262187714705,-1.32529991689226,1.32529991689226,-0.520444756518705,0.520444756518705,-0.0378017670372882,0.0378017670372882,-0.426791376958391,0.426791376958391,0.753779414372939,-0.753779414372939,0.860830815610265,-0.860830815610265,1.06747347319962,-1.06747347319962,-1.75950672366876,1.75950672366876,0.317532821008988,-0.317532821008988,0.737373633216017,-0.737373633216017,0.550503161223865,-0.550503161223865,-0.34593973875184,0.34593973875184,0.0677534717733597,-0.0677534717733597,-1.80908764528018,1.80908764528018,-0.132991085163555,0.132991085163555,0.765438294579143,-0.765438294579143,0.197569551712897,-0.197569551712897,0.503663146030958,-0.503663146030958,-0.913495683349211,0.913495683349211,0.861631132741044,-0.861631132741044,0.402196373751645,-0.402196373751645,-0.730405145468178,0.730405145468178,0.561009016245045,-0.561009016245045,-0.173301776672807,0.173301776672807,0.559178666501996,-0.559178666501996,0.939475503993809,-0.939475503993809,-1.5593894860333,1.5593894860333,1.02397347117553,-1.02397347117553,-0.709727001879001,0.709727001879001,0.96764405697215,-0.96764405697215,0.680555131597551,-0.680555131597551,1.24301254793032,-1.24301254793032,0.93229366959913,-0.93229366959913,0.138449824773974,-0.138449824773974,-0.323332790509287,0.323332790509287,2.422557179105,-2.422557179105,-0.578634885336015,0.578634885336015,0.869868352267366,-0.869868352267366,-1.08857402113567,1.08857402113567,0.104508576957573,-0.104508576957573,-1.60248790431479,1.60248790431479,1.70212002246527,-1.70212002246527,-0.43745003385022,0.43745003385022,-0.738723555435917,0.738723555435917,0.0362507336768253,-0.0362507336768253,1.4363258832095,-1.4363258832095,1.60589881624237,-1.60589881624237,0.156463480112582,-0.156463480112582,0.831111363693819,-0.831111363693819,-0.272634332161627,0.272634332161627,0.332592322193583,-0.332592322193583,0.859775169411032,-0.859775169411032,0.140800621017518,-0.140800621017518,-0.860022430123285,0.860022430123285,-1.05788816099474,1.05788816099474,0.377446307734162,-0.377446307734162,0.579683941133167,-0.579683941133167,-1.8767774616337,1.8767774616337,2.04138017642233,-2.04138017642233,-0.224406987425112,0.224406987425112,1.38144913684536,-1.38144913684536,0.230883381076509,-0.230883381076509,-0.581024581583169,0.581024581583169,-0.12182381141358,0.12182381141358,0.368013656114468,-0.368013656114468,-2.22576966243136,2.22576966243136,1.73731387351815,-1.73731387351815,0.984158793241085,-0.984158793241085,0.402079399603248,-0.402079399603248,0.36796680465996,-0.36796680465996,0.374513763530507,-0.374513763530507,0.00568022046749259,-0.00568022046749259,0.207731424909183,-0.207731424909183,-1.11146567170619,1.11146567170619,0.427679300797618,-0.427679300797618,0.185892152597266,-0.185892152597266,-0.257705282171447,0.257705282171447,1.28006364868762,-1.28006364868762,1.54690282884484,-1.54690282884484,0.0844974874510949,-0.0844974874510949,2.43089305679545,-2.43089305679545,0.542387697117285,-0.542387697117285,-1.12684473170912,1.12684473170912,-0.932003189994489,0.932003189994489,-0.167737012669439,0.167737012669439,-0.607117291680369,0.607117291680369,-0.167434173245086,0.167434173245086,-0.898488225018376,0.898488225018376,1.17638782961932,-1.17638782961932,-0.227701685739164,0.227701685739164,0.755890809592287,-0.755890809592287,-0.555205538823805,0.555205538823805,-0.980019206776858,0.980019206776858,0.378384178737228,-0.378384178737228,-0.250165031910646,0.250165031910646,0.859659182229153,-0.859659182229153,1.33237854857232,-1.33237854857232,-0.413354516889752,0.413354516889752,0.807107956337303,-0.807107956337303,1.22445043130171,-1.22445043130171,0.0204594546022218,-0.0204594546022218,1.09907426652596,-1.09907426652596,1.84111044128383,-1.84111044128383,-0.155982719177344,0.155982719177344,1.92314350798304,-1.92314350798304,0.08866543257061,-0.08866543257061,0.852719310827448,-0.852719310827448,1.98840416791293,-1.98840416791293,-0.374874953597949,0.374874953597949,-1.66627464862264,1.66627464862264,0.955046193134754,-0.955046193134754,-0.0201694916124931,0.0201694916124931,-0.324729912349046,0.324729912349046,0.973317890696928,-0.973317890696928,-0.039175675290365,0.039175675290365,-0.0103132864275022,0.0103132864275022,-0.293918554954946,0.293918554954946,-0.680567632190469,0.680567632190469,0.493884736366106,-0.493884736366106,-0.537066996190758,0.537066996190758,0.514323583875679,-0.514323583875679,0.400265483996841,-0.400265483996841,0.300731013709999,-0.300731013709999,-0.800764643667805,0.800764643667805,0.0870628438396316,-0.0870628438396316,0.140469043352646,-0.140469043352646,1.09748740941776,-1.09748740941776,0.226840465631212,-0.226840465631212,0.175441492982915,-0.175441492982915,0.598580214567911,-0.598580214567911,1.19999092312874,-1.19999092312874,0.23236354812189,-0.23236354812189,0.766354394652945,-0.766354394652945,0.258764066438539,-0.258764066438539,-0.498543441406035,0.498543441406035,0.559400583040714,-0.559400583040714,1.01815758395638,-1.01815758395638,-0.156224132526851,0.156224132526851,0.616926898332122,-0.616926898332122,0.266485196241022,-0.266485196241022,1.21425364377062,-1.21425364377062,-1.13615839682681,1.13615839682681,1.08939287794343,-1.08939287794343,0.34424319166353,-0.34424319166353,0.739100239503666,-0.739100239503666,-0.678565402363522,0.678565402363522,0.696054559493472,-0.696054559493472,0.44982967861125,-0.44982967861125,0.0672474294454025,-0.0672474294454025,0.191650624634203,-0.191650624634203,0.268997121997725,-0.268997121997725,-0.697454221147428,0.697454221147428,-1.18184930968429,1.18184930968429,0.563021346254203,-0.563021346254203,0.0321196272467966,-0.0321196272467966,0.126637918015865,-0.126637918015865,-0.756825468217321,0.756825468217321,0.638404745235863,-0.638404745235863,-0.709432765421698,0.709432765421698,1.61923420964698,-1.61923420964698,-0.265628552914775,0.265628552914775,2.18522711276816,-2.18522711276816,-0.183295847735762,0.183295847735762,0.183031441994186,-0.183031441994186,-1.17865103327389,1.17865103327389,-0.198476750302468,0.198476750302468,0.489302872958583,-0.489302872958583,0.956728335859133,-0.956728335859133,-2.35301094492248,2.35301094492248,-0.792222579932202,0.792222579932202,-1.5704646629366,1.5704646629366,0.244844767890112,-0.244844767890112,-0.115660850887616,0.115660850887616,-1.35905624697016,1.35905624697016,0.526758503925774,-0.526758503925774,1.67019602729511,-1.67019602729511,0.185293146327693,-0.185293146327693,1.22159022749663,-1.22159022749663,0.435050992412448,-0.435050992412448,-0.403709082622657,0.403709082622657,-0.114189077312121,0.114189077312121,0.471721389399601,-0.471721389399601,1.37975574312733,-1.37975574312733,-0.967531003711727,0.967531003711727,-0.783031048957999,0.783031048957999,0.00147235700063601,-0.00147235700063601,0.142073680063849,-0.142073680063849,1.13410877271059,-1.13410877271059,0.785879936787673,-0.785879936787673,0.438146489250337,-0.438146489250337,1.28387161019859,-1.28387161019859,-0.778598974298266,0.778598974298266,0.309961757241783,-0.309961757241783,-1.13044986564799,1.13044986564799,-0.181745879839871,0.181745879839871,-0.0462295881784263,0.0462295881784263,1.00556053423292,-1.00556053423292,-0.427432521727582,0.427432521727582,-0.0299810831780794,0.0299810831780794,0.0929576554661446,-0.0929576554661446,0.600933408266492,-0.600933408266492,2.55703193931357,-2.55703193931357,-0.0164967115951281,0.0164967115951281,0.640253790292781,-0.640253790292781,0.636833609646667,-0.636833609646667,0.656766321508816,-0.656766321508816,0.545050253728063,-0.545050253728063,1.73889539382088,-1.73889539382088,0.57828362963049,-0.57828362963049,-1.26050965338116,1.26050965338116,0.71906299264436,-0.71906299264436,0.163178983991041,-0.163178983991041,0.441136409207542,-0.441136409207542,0.32069106868555,-0.32069106868555,-1.1806313390277,1.1806313390277,0.61431975017245,-0.61431975017245,-0.925220708720842,0.925220708720842,-0.0962798365566788,0.0962798365566788,-0.0819548218527888,0.0819548218527888,-0.0477020871092053,0.0477020871092053,0.153282900758881,-0.153282900758881,1.87119335173466,-1.87119335173466,0.744180247965931,-0.744180247965931,0.540137588380459,-0.540137588380459,0.457340029338395,-0.457340029338395,0.951555627849953,-0.951555627849953,0.266077572330648,-0.266077572330648,-0.777949026429512,0.777949026429512,-3.29337692176259,3.29337692176259,-0.859596572900863,0.859596572900863,-0.880558644350041,0.880558644350041,-0.544751969988908,0.544751969988908,0.293513325848171,-0.293513325848171,0.0810214491655131,-0.0810214491655131,-1.25097762450602,1.25097762450602,-1.85957728833282,1.85957728833282,1.6078735339271,-1.6078735339271,-0.70132939967686,0.70132939967686,0.172834637905292,-0.172834637905292,0.657252293958974,-0.657252293958974,1.20368030349852,-1.20368030349852,1.61117111750929,-1.61117111750929,-0.532551143822304,0.532551143822304,1.40923915144565,-1.40923915144565,-1.09846975315045,1.09846975315045,-0.698830342058792,0.698830342058792,0.725042929021992,-0.725042929021992,-0.219674108404171,0.219674108404171,-2.9483980416196,2.9483980416196,-0.880221082364523,0.880221082364523,-0.535678258006393,0.535678258006393,-0.613975341787839,0.613975341787839,0.916622678019343,-0.916622678019343,-0.400701237499257,0.400701237499257,-1.56223552681599,1.56223552681599,-0.986752117160041,0.986752117160041,1.89214523083509,-1.89214523083509,-0.678609193337207,0.678609193337207,-1.34945149110815,1.34945149110815,-0.0186276492591991,0.0186276492591991,-0.139378932914996,0.139378932914996,-0.123091126948411,0.123091126948411,-0.252203889440085,0.252203889440085,-0.247685279001547,0.247685279001547,-0.505010693335849,0.505010693335849,1.3562869435799,-1.3562869435799,0.254922853843867,-0.254922853843867,1.0704279046755,-1.0704279046755,1.60327756118923,-1.60327756118923,-1.22135517612547,1.22135517612547,-0.194116761057058,0.194116761057058,-0.202099135094014,0.202099135094014,0.407567554069205,-0.407567554069205,0.286283834083181,-0.286283834083181,-0.262968499233021,0.262968499233021,0.17223851676492,-0.17223851676492,-1.44229714046113,1.44229714046113,-0.803268222994515,0.803268222994515,-0.363102533165764,0.363102533165764,-1.45300102935883,1.45300102935883,0.676984014236789,-0.676984014236789,0.938209683297949,-0.938209683297949,-1.19578870770156,1.19578870770156,-1.41126597472329,1.41126597472329,-0.589087861028492,0.589087861028492,0.515693674205483,-0.515693674205483,1.42724885685695,-1.42724885685695,1.06496639650761,-1.06496639650761,-2.00704514173933,2.00704514173933,0.971640362171167,-0.971640362171167,-0.181155940726414,0.181155940726414,2.39290185411171,-2.39290185411171,-1.83249638955585,1.83249638955585,-0.835053965896646,0.835053965896646,-1.56441254540873,1.56441254540873,-0.271705065418057,0.271705065418057,-0.773704522403903,0.773704522403903,0.504290171202029,-0.504290171202029,-0.443976117458979,0.443976117458979,1.68754378055817,-1.68754378055817,0.067117856719009,-0.067117856719009,0.216336628161025,-0.216336628161025,1.88505933263333,-1.88505933263333,1.28313645245245,-1.28313645245245,-0.250772007824927,0.250772007824927,-0.873577875408273,0.873577875408273,-0.300077037412995,0.300077037412995,0.202003859780868,-0.202003859780868,-0.279093353528085,0.279093353528085,1.55898225007434,-1.55898225007434,-0.708297877396452,0.708297877396452,1.73128358613594,-1.73128358613594,-0.399930666673785,0.399930666673785,-0.893106120809173,0.893106120809173,-1.8067073220438,1.8067073220438,1.85162906069765,-1.85162906069765,-0.323941895670499,0.323941895670499,-0.114792240342561,0.114792240342561,-0.0496151504547263,0.0496151504547263,0.538766040388054,-0.538766040388054,0.0668213358383246,-0.0668213358383246,0.300911684472565,-0.300911684472565,0.746994833333281,-0.746994833333281,0.365265685177993,-0.365265685177993,1.08862536651513,-1.08862536651513,-0.519583157486979,0.519583157486979,0.623602649160742,-0.623602649160742,0.30396296065756,-0.30396296065756,1.81925277674331,-1.81925277674331,0.21686225977762,-0.21686225977762,-0.00972189367064522,0.00972189367064522,-0.220464476130357,0.220464476130357,0.0852956780352198,-0.0852956780352198,1.27424373275539,-1.27424373275539,0.737673687784315,-0.737673687784315,-0.640258704447776,0.640258704447776,0.690994825375638,-0.690994825375638,-1.072709855619,1.072709855619,-1.27116810265638,1.27116810265638,-0.0124958080849818,0.0124958080849818,-0.816020216852853,0.816020216852853,0.611650285891132,-0.611650285891132,-0.734419847186706,0.734419847186706,-1.54104801843237,1.54104801843237,1.62516207275392,-1.62516207275392,-1.16037795842107,1.16037795842107,-0.931919704823173,0.931919704823173,-1.256123194193,1.256123194193,-0.209356750759182,0.209356750759182,-0.773630684004674,0.773630684004674,0.81971455682198,-0.81971455682198,-0.159399206979333,0.159399206979333,-0.505487072374444,0.505487072374444,-0.424552168824746,0.424552168824746,0.0982340911383002,-0.0982340911383002,-1.32744965756597,1.32744965756597,-0.431571311514178,0.431571311514178,0.940790767019012,-0.940790767019012,3.07228301144692,-3.07228301144692,1.13027095154171,-1.13027095154171,0.313530632167257,-0.313530632167257,0.216579566091376,-0.216579566091376,0.589102519484065,-0.589102519484065,1.95568621934644,-1.95568621934644,0.705172538378969,-0.705172538378969,0.600375304255045,-0.600375304255045,1.47518666144463,-1.47518666144463,-0.359164541717514,0.359164541717514,0.442559112598839,-0.442559112598839,-0.402392361360352,0.402392361360352,-0.0754165054621157,0.0754165054621157,1.06771544627033,-1.06771544627033,0.689898054826008,-0.689898054826008,-1.20918196924172,1.20918196924172,0.122835577326608,-0.122835577326608,0.983701046844492,-0.983701046844492,0.543567342025684,-0.543567342025684,0.0671288684854696,-0.0671288684854696,-0.632264095745666,0.632264095745666,-0.571171545335951,0.571171545335951,-0.717643007770749,0.717643007770749,0.673656219607662,-0.673656219607662,-0.454336806573523,0.454336806573523,-1.52502779512171,1.52502779512171,0.24957481702212,-0.24957481702212,1.00485353060787,-1.00485353060787,1.06309244613998,-1.06309244613998,-1.42468620833726,1.42468620833726,0.117443920610261,-0.117443920610261,-0.685317690995341,0.685317690995341,0.0909977307078518,-0.0909977307078518,0.05935209810192,-0.05935209810192,0.950048716693217,-0.950048716693217,1.23938228735709,-1.23938228735709,1.26665124613245,-1.26665124613245,-0.00669863025897668,0.00669863025897668,-0.336180112851436,0.336180112851436,0.226474393637532,-0.226474393637532,1.94815417945281,-1.94815417945281,1.16143263973639,-1.16143263973639,-0.195026117195537,0.195026117195537,-0.584164755569007,0.584164755569007,1.60053910947477,-1.60053910947477,0.111482013967367,-0.111482013967367,-1.67453015608381,1.67453015608381,1.70578823181018,-1.70578823181018,0.696206871916911,-0.696206871916911,0.869135390037326,-0.869135390037326,-0.623983440725196,0.623983440725196,0.0893035017379435,-0.0893035017379435,-0.560798435474232,0.560798435474232,2.76699563023799,-2.76699563023799,1.75910298951022,-1.75910298951022,0.932286229437992,-0.932286229437992,1.34793377002949,-1.34793377002949,1.56781048827905,-1.56781048827905,1.8705591735936,-1.8705591735936,-1.20413636098109,1.20413636098109,0.95508781046654,-0.95508781046654,1.0360859356351,-1.0360859356351,0.0609052863489849,-0.0609052863489849,-1.62128038020979,1.62128038020979,-2.16555413108685,2.16555413108685,-0.274803605652829,0.274803605652829,-0.395945301796789,0.395945301796789,2.17220876335624,-2.17220876335624,-1.36930900275501,1.36930900275501,1.05466867433041,-1.05466867433041,2.5896241398791,-2.5896241398791,1.56199802589602,-1.56199802589602,-0.705582647842558,0.705582647842558,-0.105105839676123,0.105105839676123,0.963527017703457,-0.963527017703457,0.134490419286134,-0.134490419286134,-0.281651069268165,0.281651069268165,0.380740281383943,-0.380740281383943,0.334569343456713,-0.334569343456713,2.07394121458893,-2.07394121458893,-0.940176140675786,0.940176140675786,-1.03516770222988,1.03516770222988,0.308161680019841,-0.308161680019841,0.806672955967282,-0.806672955967282,0.457618030937969,-0.457618030937969,1.30052022014325,-1.30052022014325,0.451358157182907,-0.451358157182907,1.95221103685791,-1.95221103685791,2.49110512127262,-2.49110512127262,0.429594735166132,-0.429594735166132,-1.11586236650071,1.11586236650071,1.45902956020408,-1.45902956020408,0.272582761409889,-0.272582761409889,0.406841152106714,-0.406841152106714,-1.45449170458592,1.45449170458592,1.39383059089042,-1.39383059089042,0.256490344418452,-0.256490344418452,-0.198321363472054,0.198321363472054,-1.25447383215806,1.25447383215806,-0.204437669876714,0.204437669876714,-0.566112837008995,0.566112837008995,-1.9645537315831,1.9645537315831,-0.0651106307694757,0.0651106307694757,-1.19633542368145,1.19633542368145,-1.7594863698268,1.7594863698268,3.73144008429987,-3.73144008429987,-0.0969562584127381,0.0969562584127381,0.496561909310675,-0.496561909310675,0.300774304823312,-0.300774304823312,0.144459757081019,-0.144459757081019,-1.13882459293508,1.13882459293508,-0.51686230232942,0.51686230232942,1.10488711285277,-1.10488711285277,-0.406981219998853,0.406981219998853,1.01678632866865,-1.01678632866865,0.535842599268482,-0.535842599268482,-2.31374460951484,2.31374460951484,-0.664669830389443,0.664669830389443,0.175362493159602,-0.175362493159602,-0.443012115992529,0.443012115992529,-0.378922087518411,0.378922087518411,-1.93783009623278,1.93783009623278,0.329196618788791,-0.329196618788791,0.429139517372323,-0.429139517372323,-0.12714911550786,0.12714911550786,-0.0254920593548689,0.0254920593548689,-0.28506891166539,0.28506891166539,-0.308728080064221,0.308728080064221,0.730065203044915,-0.730065203044915,-0.493087430742091,0.493087430742091,0.264487582710993,-0.264487582710993,-0.785410753029528,0.785410753029528,-0.938150620791503,0.938150620791503,-0.207573128536701,0.207573128536701,1.22949155912138,-1.22949155912138,2.15746762073423,-2.15746762073423,-0.44580104951012,0.44580104951012,-0.917243139444255,0.917243139444255,0.556476319270527,-0.556476319270527,-0.262673486654474,0.262673486654474,-0.2087886241669,0.2087886241669,-1.69259835679262,1.69259835679262,-0.373507030226174,0.373507030226174,-0.624543212709439,0.624543212709439,0.215741462679751,-0.215741462679751,-0.519216741881683,0.519216741881683,-0.43309277139425,0.43309277139425,1.00857752283271,-1.00857752283271,0.44550216381328,-0.44550216381328,0.134223443683704,-0.134223443683704,0.63890807948849,-0.63890807948849,-0.344396868377072,0.344396868377072,-0.920897403074204,0.920897403074204,1.25215345856175,-1.25215345856175,-1.78316360479846,1.78316360479846,-0.0466187119898063,0.0466187119898063,0.736819111364169,-0.736819111364169,1.69842919932577,-1.69842919932577,0.628214360506056,-0.628214360506056,0.561354104003896,-0.561354104003896,-1.89693277114622,1.89693277114622,-0.548143059783806,0.548143059783806,0.915907977525767,-0.915907977525767,0.400328126883682,-0.400328126883682,0.434786877984772,-0.434786877984772,1.12104727289985,-1.12104727289985,0.423811936710315,-0.423811936710315,-1.25543387436206,1.25543387436206,0.0964943696854537,-0.0964943696854537,-0.674658263547307,0.674658263547307,-0.349441571078424,0.349441571078424,0.976479285994528,-0.976479285994528,-0.136328802365085,0.136328802365085,0.462015737847612,-0.462015737847612,-0.652662801638702,0.652662801638702,-1.34586534523926,1.34586534523926,1.48418152315232,-1.48418152315232,-0.256343277448313,0.256343277448313,-0.246996500935155,0.246996500935155,0.387824948891818,-0.387824948891818,0.461209129414678,-0.461209129414678,0.154981183408414,-0.154981183408414,1.06724130844243,-1.06724130844243,-0.870946529935977,0.870946529935977,-0.0896712336841911,0.0896712336841911,-1.26852888482843,1.26852888482843,-0.97538124695566,0.97538124695566,0.140268193764996,-0.140268193764996,0.346741969422186,-0.346741969422186,-0.038092287743535,0.038092287743535,0.770295201085975,-0.770295201085975,-0.319128927111535,0.319128927111535,-0.778791322904657,0.778791322904657,0.406514488617577,-0.406514488617577,0.739706606734012,-0.739706606734012,-0.186974712867883,0.186974712867883,-0.914777941267804,0.914777941267804,0.410697764829514,-0.410697764829514,0.214209807401947,-0.214209807401947,-0.921315565520481,0.921315565520481,-0.796642037985162,0.796642037985162,1.84355939330084,-1.84355939330084,0.370644489550031,-0.370644489550031,1.08223384401479,-1.08223384401479,-0.457730049986297,0.457730049986297,0.150953463043483,-0.150953463043483,-0.658714630894834,0.658714630894834,0.173390218464717,-0.173390218464717,1.17612433229676,-1.17612433229676,0.870163983693905,-0.870163983693905,1.22279622253517,-1.22279622253517,-1.2763827164355,1.2763827164355,0.103353283061561,-0.103353283061561,0.680448658020498,-0.680448658020498,-1.12006536905082,1.12006536905082,0.725046759436564,-0.725046759436564,0.925289916890367,-0.925289916890367,-0.525194019536622,0.525194019536622,1.41105067639669,-1.41105067639669,0.17601334032137,-0.17601334032137,-0.882417350643023,0.882417350643023,0.0413956509271748,-0.0413956509271748,-0.543935294714098,0.543935294714098,-0.0170918837608762,0.0170918837608762,-1.42442648947351,1.42442648947351,-0.595474196450069,0.595474196450069,-1.39127466775501,1.39127466775501,-1.16145013481199,1.16145013481199,0.408609665240049,-0.408609665240049,1.01723646168872,-1.01723646168872,1.02391455797948,-1.02391455797948,1.02440766170563,-1.02440766170563,0.462523285553126,-0.462523285553126,0.909277943156214,-0.909277943156214,1.45678986960608,-1.45678986960608,-0.742907354287442,0.742907354287442,0.559653881629651,-0.559653881629651,0.199835341327061,-0.199835341327061,-1.61445384817683,1.61445384817683,0.0407853795080377,-0.0407853795080377,-0.611014959990857,0.611014959990857,-0.760772280488609,0.760772280488609,-0.96080551242547,0.96080551242547,-1.13932100875002,1.13932100875002,0.904520452790588,-0.904520452790588,-0.529334064799146,0.529334064799146,0.269485236847362,-0.269485236847362,-0.106393466561555,0.106393466561555,-0.068338154036739,0.068338154036739,-1.5866836754349,1.5866836754349,2.91299601794643,-2.91299601794643,0.757017167731304,-0.757017167731304,-1.19919678115923,1.19919678115923,-1.37590089383828,1.37590089383828,0.825402814213832,-0.825402814213832,0.330606465704022,-0.330606465704022,-1.92252399571026,1.92252399571026,0.0433032018385655,-0.0433032018385655,-0.100739866816231,0.100739866816231,0.280209510785813,-0.280209510785813,1.13693039235837,-1.13693039235837,-1.73958665658703,1.73958665658703,0.302411688647479,-0.302411688647479,0.51977261873333,-0.51977261873333,-0.198161859546097,0.198161859546097,-1.73092788894266,1.73092788894266,-0.638244461946454,0.638244461946454,0.523472883509782,-0.523472883509782,1.01789455871566,-1.01789455871566,1.45394112731052,-1.45394112731052,1.20397589546329,-1.20397589546329,0.301164594676314,-0.301164594676314,-0.837646853265586,0.837646853265586,-0.330865761426411,0.330865761426411,0.798511608983491,-0.798511608983491,0.69650244507077,-0.69650244507077,2.68244993374019,-2.68244993374019,-0.588608998475275,0.588608998475275,-1.46011756636309,1.46011756636309,-1.2121848955935,1.2121848955935,-0.238639178988368,0.238639178988368,-1.13516032430729,1.13516032430729,-1.43078948775437,1.43078948775437,-0.993908484348578,0.993908484348578,0.674439418912442,-0.674439418912442,-0.258431873770117,0.258431873770117,-1.0888803951126,1.0888803951126,-0.466026176147452,0.466026176147452,1.72075699688189,-1.72075699688189,-0.618843286397469,0.618843286397469,-0.186390560441907,0.186390560441907,-1.66503372668601,1.66503372668601,-1.34800254188516,1.34800254188516,0.457517720239228,-0.457517720239228,-0.282434998686905,0.282434998686905,-0.190203177716171,0.190203177716171,-0.070156306033002,0.070156306033002,-0.873500625383802,0.873500625383802,-0.279550617304974,0.279550617304974,-0.446204617111052,0.446204617111052,2.2061508011541,-2.2061508011541,0.55519438973855,-0.55519438973855,0.464025765571878,-0.464025765571878,-1.31035110340616,1.31035110340616,-0.0840611659699931,0.0840611659699931,0.117893034980683,-0.117893034980683,-0.656158941960354,0.656158941960354,-2.12972126419778,2.12972126419778,-0.430014767229103,0.430014767229103,-2.44909850181289,2.44909850181289,-0.604636209587741,0.604636209587741,-1.38967883140386,1.38967883140386,-0.161695398940753,0.161695398940753,0.0355401590320449,-0.0355401590320449,-0.189710847977019,0.189710847977019,-1.90263302943033,1.90263302943033,0.278053783923132,-0.278053783923132,-0.414346000653286,0.414346000653286,-2.37942754233793,2.37942754233793,1.37507217081142,-1.37507217081142,1.15576407728235,-1.15576407728235,0.49532195850021,-0.49532195850021,1.24217433727114,-1.24217433727114,0.871998784786449,-0.871998784786449,0.196643150446655,-0.196643150446655,-1.12922082019227,1.12922082019227,-0.373143137602433,0.373143137602433,0.996206065438443,-0.996206065438443,0.908519360596758,-0.908519360596758,-0.688068884165703,0.688068884165703,-2.37687855429727,2.37687855429727,-0.711828523265021,0.711828523265021,-0.213914041303636,0.213914041303636,-1.2184403238036,1.2184403238036,-0.426270780006786,0.426270780006786,0.200295905451576,-0.200295905451576,0.0231762582664632,-0.0231762582664632,-0.585783594011913,0.585783594011913,0.519502868140868,-0.519502868140868,-0.116886157576255,0.116886157576255,0.734162129744945,-0.734162129744945,0.228818240460225,-0.228818240460225,1.7151634591553,-1.7151634591553,1.10834286580259,-1.10834286580259,-0.00749774579843795,0.00749774579843795,-1.33191904422842,1.33191904422842,-0.04191044137401,0.04191044137401,-0.00487328756958397,0.00487328756958397,0.0055555104586249,-0.0055555104586249,-0.623683806292782,0.623683806292782,1.59976346328526,-1.59976346328526,1.28760455893156,-1.28760455893156,-0.821124486305645,0.821124486305645,0.551489010835214,-0.551489010835214,0.89903530234096,-0.89903530234096,-0.35903035352935,0.35903035352935,-0.301397288521135,0.301397288521135,1.44223674007875,-1.44223674007875,-2.93162590893998,2.93162590893998,-0.0612493562174921,0.0612493562174921,-0.775026297138862,0.775026297138862,1.75558187943838,-1.75558187943838,-0.26385316424997,0.26385316424997,-1.37926894600571,1.37926894600571,-0.311093062043258,0.311093062043258,0.515965799500519,-0.515965799500519,-1.25626875377487,1.25626875377487,-0.569671606752453,0.569671606752453,-0.436879935120442,0.436879935120442,-0.220842994857251,0.220842994857251,-0.195002061962595,0.195002061962595,-0.38952629635161,0.38952629635161,-0.394233320774767,0.394233320774767,1.30033906883016,-1.30033906883016,-0.35736748512155,0.35736748512155,0.146259255823748,-0.146259255823748,-1.01594619613038,1.01594619613038,0.0444512995200483,-0.0444512995200483,-0.690033443310955,0.690033443310955,0.463787823639421,-0.463787823639421,-1.01563297297679,1.01563297297679,-1.13426284154353,1.13426284154353,0.158855700899388,-0.158855700899388,-0.497247412484205,0.497247412484205,-0.454614894106028,0.454614894106028,0.639091465999203,-0.639091465999203,-1.08678440921799,1.08678440921799,0.311858892497642,-0.311858892497642,-0.21439750692365,0.21439750692365,-0.0554621437596539,0.0554621437596539,0.447592459350246,-0.447592459350246,-1.01042238391106,1.01042238391106,0.131684460818544,-0.131684460818544,-0.972762087103717,0.972762087103717,1.45389318391238,-1.45389318391238,0.638049887970242,-0.638049887970242,1.92520514204109,-1.92520514204109,0.923104119289364,-0.923104119289364,-0.108683112723359,0.108683112723359,0.793173626909867,-0.793173626909867,-0.787641614700742,0.787641614700742,1.48317070742063,-1.48317070742063,-1.03907184719372,1.03907184719372,0.212817513186706,-0.212817513186706,1.83311633624111,-1.83311633624111,0.953318455710015,-0.953318455710015,0.10199360573032,-0.10199360573032,-0.197125173563384,0.197125173563384,0.305911122781787,-0.305911122781787,-0.656320400593032,0.656320400593032,0.005120836770742,-0.005120836770742,1.89891614693522,-1.89891614693522,2.15141567992974,-2.15141567992974,-0.286144134281045,0.286144134281045,-1.06859771641976,1.06859771641976,0.531445856840857,-0.531445856840857,-0.810007876322268,0.810007876322268,0.128515548722228,-0.128515548722228,-1.34589513492149,1.34589513492149,-1.58409343354324,1.58409343354324,-0.682134870692035,0.682134870692035,-0.225719037137296,0.225719037137296,-0.216358985200989,0.216358985200989,0.919537108922615,-0.919537108922615,-1.0434756708679,1.0434756708679,1.51171221292288,-1.51171221292288,0.641965109794335,-0.641965109794335,1.15448364609955,-1.15448364609955,-0.137069531240175,0.137069531240175,0.162890208125041,-0.162890208125041,-0.763418438197104,0.763418438197104,1.18036042955233,-1.18036042955233,1.68276517157597,-1.68276517157597,-0.110229552458444,0.110229552458444,-0.0685049268542289,0.0685049268542289,-1.27645186541124,1.27645186541124,0.131851698273535,-0.131851698273535,-0.65915884339506,0.65915884339506,-1.0732004762699,1.0732004762699,-0.831505563770851,0.831505563770851,0.335313946540439,-0.335313946540439,0.34422400494104,-0.34422400494104,0.898819707290413,-0.898819707290413,0.640297272551605,-0.640297272551605,-1.57429137194945,1.57429137194945,0.685852387274598,-0.685852387274598,-1.27979606018377,1.27979606018377,2.27731606762297,-2.27731606762297,0.751766199234419,-0.751766199234419,0.038380412523275,-0.038380412523275,0.875033863032424,-0.875033863032424,-0.894567034533605,0.894567034533605,-0.185848038400854,0.185848038400854,0.721991104112614,-0.721991104112614,0.897984334367977,-0.897984334367977,0.0084997191686017,-0.0084997191686017,0.769194694089737,-0.769194694089737,-0.00785595349448689,0.00785595349448689,1.46825902727432,-1.46825902727432,0.20089575965228,-0.20089575965228,0.227630731174615,-0.227630731174615,-0.465349225694479,0.465349225694479,0.235369777241565,-0.235369777241565,1.01117143921955,-1.01117143921955,-1.39730990113497,1.39730990113497,-0.296429612656878,0.296429612656878,1.36398370501561,-1.36398370501561,-0.782047322864212,0.782047322864212,1.03117641799522,-1.03117641799522,0.853796496060256,-0.853796496060256,0.175219958474568,-0.175219958474568,0.331691776604416,-0.331691776604416,-1.15007747829851,1.15007747829851,1.21877924282734,-1.21877924282734,-0.137645594565038,0.137645594565038,0.582294141818683,-0.582294141818683,0.496390950078766,-0.496390950078766,2.06211982278893,-2.06211982278893,0.377596866169512,-0.377596866169512,2.05961844827566,-2.05961844827566,0.0265468722882044,-0.0265468722882044,-0.159751456808825,0.159751456808825,0.831829072067534,-0.831829072067534,-0.916623680554168,0.916623680554168,1.40750881466599,-1.40750881466599,-1.30224267748503,1.30224267748503,-1.43352714666238,1.43352714666238,0.0157332000450308,-0.0157332000450308,-1.17756986150479,1.17756986150479,2.58698844158836,-2.58698844158836,-0.822025163964971,0.822025163964971,-0.303703159481207,0.303703159481207,-0.330103199130395,0.330103199130395,0.70471524570885,-0.70471524570885,-0.493606008745243,0.493606008745243,-0.516337842950364,0.516337842950364,1.20635959267623,-1.20635959267623,1.56268554671011,-1.56268554671011,-1.04428417752091,1.04428417752091,-0.62227515981667,0.62227515981667,0.0660160671444514,-0.0660160671444514,-0.961801913662381,0.961801913662381,0.54322781611488,-0.54322781611488,0.661699234027592,-0.661699234027592,0.343733492362321,-0.343733492362321,1.67672404585153,-1.67672404585153,-2.11618655620666,2.11618655620666,1.2852256374456,-1.2852256374456,0.339661424266815,-0.339661424266815,1.19548002843908,-1.19548002843908,-1.1502800784174,1.1502800784174,-0.665985320868918,0.665985320868918,0.0471218892276176,-0.0471218892276176,-0.409995024949502,0.409995024949502,-1.2112792069733,1.2112792069733,0.744032388128408,-0.744032388128408,-0.949227091196982,0.949227091196982,-0.432522774023687,0.432522774023687,-1.02787643674544,1.02787643674544,1.19283543214847,-1.19283543214847,1.68683034938617,-1.68683034938617,1.25986488073291,-1.25986488073291,0.998452400981367,-0.998452400981367,-0.952090902888133,0.952090902888133,0.148725349429541,-0.148725349429541,0.753058361144048,-0.753058361144048,0.952040248567904,-0.952040248567904,-1.42319245509289,1.42319245509289,0.53372908049783,-0.53372908049783,-0.390642759680475,0.390642759680475,0.76345164526587,-0.76345164526587,0.468452192165558,-0.468452192165558,1.23718804577523,-1.23718804577523,-0.822782645220877,0.822782645220877,-0.280057927722934,0.280057927722934,-0.549418648134197,0.549418648134197,-0.0881085744901523,0.0881085744901523,0.00124623811221755,-0.00124623811221755,-0.328681010495491,0.328681010495491,0.0354241588123199,-0.0354241588123199,-0.108401802015357,0.108401802015357,-0.653019500847326,0.653019500847326,0.296523095918182,-0.296523095918182,-1.56175741648765,1.56175741648765,-0.387551304987761,0.387551304987761,-0.819248079975923,0.819248079975923,1.53873223681532,-1.53873223681532,0.686424508238248,-0.686424508238248,0.499496938086754,-0.499496938086754,0.381643065976379,-0.381643065976379,2.99949267226574,-2.99949267226574,-0.46545095427827,0.46545095427827,0.719418113968134,-0.719418113968134,0.138245264887266,-0.138245264887266,-1.25803227866035,1.25803227866035,-0.372179286077296,0.372179286077296,-0.169454821705718,0.169454821705718,0.688574231408788,-0.688574231408788,0.347545970259109,-0.347545970259109,-0.65230282365381,0.65230282365381,-1.44274811993691,1.44274811993691,0.28455785004615,-0.28455785004615,1.32839122020038,-1.32839122020038,0.343492834587956,-0.343492834587956,-1.36805108585315,1.36805108585315,1.72819733843379,-1.72819733843379,1.04660305300856,-1.04660305300856,-1.67896834172854,1.67896834172854,-1.05787647786142,1.05787647786142,0.591950809140874,-0.591950809140874,-0.616407194834721,0.616407194834721,-0.852935662932831,0.852935662932831,0.700812841329435,-0.700812841329435,0.261980835256636,-0.261980835256636,1.24111965204312,-1.24111965204312,-0.857014723493883,0.857014723493883,-0.728558537108289,0.728558537108289,-1.66840847527552,1.66840847527552,-1.10897992704935,1.10897992704935,0.390985414656192,-0.390985414656192,-0.167025576709351,0.167025576709351,-0.395591325687504,0.395591325687504,0.0755649373586247,-0.0755649373586247,-0.0684985912565395,0.0684985912565395,-0.225795331919983,0.225795331919983,-0.240227056629168,0.240227056629168,0.281934205835241,-0.281934205835241,0.318041386630666,-0.318041386630666,-0.785488620826417,0.785488620826417,1.89870230363732,-1.89870230363732,1.2777149381601,-1.2777149381601,1.25115247625714,-1.25115247625714,-0.197621782014603,0.197621782014603,1.06324142218954,-1.06324142218954,-0.621467681951679,0.621467681951679,-0.78130107012525,0.78130107012525,0.699575342618826,-0.699575342618826,0.730326714781781,-0.730326714781781,0.434071712116109,-0.434071712116109,-1.46265261755405,1.46265261755405,2.06664321245173,-2.06664321245173,-0.0224049788874116,0.0224049788874116,-1.72799624766633,1.72799624766633,0.0965934191909019,-0.0965934191909019,-1.58709442181104,1.58709442181104,0.270908324533633,-0.270908324533633,1.943141149012,-1.943141149012,-0.251947128021629,0.251947128021629,-0.209909685240629,0.209909685240629,-0.473678941046378,0.473678941046378,-1.40832956879515,1.40832956879515,-0.999549724383856,0.999549724383856,0.892838553659798,-0.892838553659798,-0.453762416200469,0.453762416200469,-0.329328661391789,0.329328661391789,-0.999893685841294,0.999893685841294,-0.496795338503725,0.496795338503725,1.32708927466172,-1.32708927466172,0.226758738799225,-0.226758738799225,-0.247984112583699,0.247984112583699,0.162452046813015,-0.162452046813015,1.12366085710384,-1.12366085710384,0.112888598627709,-0.112888598627709,0.878100283195874,-0.878100283195874,0.322156299503246,-0.322156299503246,-1.3115364209118,1.3115364209118,-0.798949867957739,0.798949867957739,1.22672139364717,-1.22672139364717,-1.97729948555517,1.97729948555517,-1.32698130765165,1.32698130765165,1.13632737712678,-1.13632737712678,-1.81296203008712,1.81296203008712,-0.184632759352466,0.184632759352466,0.0819337690582362,-0.0819337690582362,-0.972244723108189,0.972244723108189,1.59261547395739,-1.59261547395739,0.0933821498253299,-0.0933821498253299,1.03212791427386,-1.03212791427386,-0.244644291089696,0.244644291089696,0.523617757566486,-0.523617757566486,-1.34281976943749,1.34281976943749,-1.80629174366212,1.80629174366212,-0.976659362119187,0.976659362119187,-0.0356081808049325,0.0356081808049325,-1.48853802048802,1.48853802048802,-0.403025744993394,0.403025744993394,0.571989236620258,-0.571989236620258,-0.168797796467409,0.168797796467409,-0.0610144743925322,0.0610144743925322,-1.83109032336096,1.83109032336096,-1.33282912930609,1.33282912930609,-0.285924460817977,0.285924460817977,-0.951458540188227,0.951458540188227,-0.817136837088698,0.817136837088698,-0.113186284753528,0.113186284753528,-1.30244775374459,1.30244775374459,0.582433577847723,-0.582433577847723,-1.1129495855647,1.1129495855647,-0.422356797117401,0.422356797117401,0.178989237877454,-0.178989237877454,-0.559787399099754,0.559787399099754,-0.369832168727431,0.369832168727431,-1.49772932343063,1.49772932343063,1.80435467088521,-1.80435467088521,0.388774537494444,-0.388774537494444,1.16200462145098,-1.16200462145098,-1.49974085769483,1.49974085769483,-0.0967038159167873,0.0967038159167873,-1.16706370283567,1.16706370283567,-0.394070539380644,0.394070539380644,1.08724898545056,-1.08724898545056,-0.925433283046537,0.925433283046537,-0.799078260127054,0.799078260127054,1.37289629053506,-1.37289629053506,-0.09800524412896,0.09800524412896,-0.752155760795019,0.752155760795019,1.0671444417732,-1.0671444417732,-1.22141538613248,1.22141538613248,1.31181183512764,-1.31181183512764,0.899144898227818,-0.899144898227818,-0.494573489827522,0.494573489827522,0.801319707752952,-0.801319707752952,1.33491124905493,-1.33491124905493,-0.708619299359346,0.708619299359346,1.04989616427657,-1.04989616427657,-0.960473685635114,0.960473685635114,0.641038975084527,-0.641038975084527,0.887353135187488,-0.887353135187488,-0.882493204545397,0.882493204545397,0.0923887127561699,-0.0923887127561699,1.1526190131896,-1.1526190131896,1.6297729756932,-1.6297729756932,-2.31201488522529,2.31201488522529,-2.31227654301943,2.31227654301943,-0.137925859129161,0.137925859129161,-1.53977502956061,1.53977502956061,-0.298895758378418,0.298895758378418,-0.521033880593238,0.521033880593238,-1.3008369062898,1.3008369062898,0.0749080217358259,-0.0749080217358259,0.356736291716607,-0.356736291716607,0.644962031559777,-0.644962031559777,0.244768602998337,-0.244768602998337,-1.57225343088524,1.57225343088524,-0.0615135821564828,0.0615135821564828,-1.40726499927376,1.40726499927376,0.68715865411427,-0.68715865411427,0.047474992547909,-0.047474992547909,0.652927726986233,-0.652927726986233,-1.02431568294867,1.02431568294867,-0.74537841792058,0.74537841792058,-2.34473484981889,2.34473484981889,-0.881652648936361,0.881652648936361,0.338870768284132,-0.338870768284132,0.334419205118989,-0.334419205118989,-1.41270347994491,1.41270347994491,1.48158235135973,-1.48158235135973,-0.368444040446969,0.368444040446969,-0.188554232459046,0.188554232459046,-0.63707989894125,0.63707989894125,-0.361578522477837,0.361578522477837,0.357964663729805,-0.357964663729805,-1.77131345458413,1.77131345458413,0.6276061822368,-0.6276061822368,0.241860885404416,-0.241860885404416,0.622283377493605,-0.622283377493605,-0.576039671010166,0.576039671010166,-1.15662266559232,1.15662266559232,-0.901838116703791,0.901838116703791,0.0823114538901881,-0.0823114538901881,-1.23292640822793,1.23292640822793,1.26842284881436,-1.26842284881436,-0.974411409527057,0.974411409527057,1.80116638196339,-1.80116638196339,0.690874670411026,-0.690874670411026,-0.599302289404796,0.599302289404796,0.226985810985655,-0.226985810985655,1.08136485672385,-1.08136485672385,0.165698356432075,-0.165698356432075,0.354111025596253,-0.354111025596253,-0.284522168673951,0.284522168673951,0.963446143636428,-0.963446143636428,-0.135448429074207,0.135448429074207,-0.742152622034606,0.742152622034606,-2.22482285355516,2.22482285355516,-0.994498278865157,0.994498278865157,1.4930271252939,-1.4930271252939,1.60524797701222,-1.60524797701222,0.575989902609066,-0.575989902609066,1.3221043275649,-1.3221043275649,0.0236930385506346,-0.0236930385506346,-1.32076444646161,1.32076444646161,2.06016828306167,-2.06016828306167,1.07517639708174,-1.07517639708174,-0.595338038357444,0.595338038357444,-0.504521955964309,0.504521955964309,1.52995370462359,-1.52995370462359,1.96782621684835,-1.96782621684835,0.555067686366272,-0.555067686366272,0.591425686384153,-0.591425686384153,-1.71421892876581,1.71421892876581,-0.85625548742909,0.85625548742909,-0.512676672488079,0.512676672488079,0.358477223025728,-0.358477223025728,0.20233982719626,-0.20233982719626,2.22302098795408,-2.22302098795408,1.90989225283106,-1.90989225283106,-1.26995953827709,1.26995953827709,-1.02776055948779,1.02776055948779,2.04164335201047,-2.04164335201047,0.665540711960472,-0.665540711960472,-1.45336989817773,1.45336989817773,-0.36552210280787,0.36552210280787,0.325095542298335,-0.325095542298335,-1.04069598068889,1.04069598068889,-0.0154699477997074,0.0154699477997074,1.70842442144955,-1.70842442144955,0.0558853728078396,-0.0558853728078396,-0.0875364885797663,0.0875364885797663,-1.35338868621101,1.35338868621101,-0.478024832544914,0.478024832544914,2.33092494980433,-2.33092494980433,-1.47565723558043,1.47565723558043,-0.343033738753348,0.343033738753348,-0.667590200833001,0.667590200833001,1.27943280763121,-1.27943280763121,0.0979652464740243,-0.0979652464740243,-2.06289271722544,2.06289271722544,-0.146609315245053,0.146609315245053,-1.19721050002569,1.19721050002569,1.13955474582175,-1.13955474582175,-1.78351250730584,1.78351250730584,0.471759631998899,-0.471759631998899,1.10630750168076,-1.10630750168076,-1.32682907137601,1.32682907137601,-0.309824920662044,0.309824920662044,-1.80783961400206,1.80783961400206,1.17379236050459,-1.17379236050459,0.313680377290328,-0.313680377290328,-0.682242907977223,0.682242907977223,1.14675234570154,-1.14675234570154,0.10479992293374,-0.10479992293374,1.00871111483162,-1.00871111483162,-1.86546575799897,1.86546575799897,0.722154356516988,-0.722154356516988,-1.42597907525472,1.42597907525472,-1.2711370896065,1.2711370896065,0.737519604861121,-0.737519604861121,-0.599994573158354,0.599994573158354,1.64666939918379,-1.64666939918379,1.13618794765024,-1.13618794765024,-0.143042339613282,0.143042339613282,-2.7128797031747,2.7128797031747,-0.157418312333708,0.157418312333708,-0.466513952906087,0.466513952906087,-0.630168212640273,0.630168212640273,-0.621395937281442,0.621395937281442,-0.0470662758145089,0.0470662758145089,-1.92009735035988,1.92009735035988,0.578174846080056,-0.578174846080056,-0.732267975412104,0.732267975412104,0.0030899130083789,-0.0030899130083789,0.223092207485432,-0.223092207485432,0.328973777464428,-0.328973777464428,-0.0193722798255259,0.0193722798255259,0.864303922129695,-0.864303922129695,1.24211812438025,-1.24211812438025,-1.50131836156232,1.50131836156232,0.428816554412226,-0.428816554412226,-0.0368115951471975,0.0368115951471975,1.27753182625394,-1.27753182625394,1.52240637206436,-1.52240637206436,-1.67634324668911,1.67634324668911,-0.749395746633826,0.749395746633826,-0.402425094231043,0.402425094231043,-1.67524187882115,1.67524187882115,-0.746481558859358,0.746481558859358,0.837363643550994,-0.837363643550994,1.0642246491774,-1.0642246491774,-1.0333167245219,1.0333167245219,1.90963927279847,-1.90963927279847,-0.607355563025486,0.607355563025486,-1.07293086733618,1.07293086733618,0.897238503612437,-0.897238503612437,-0.633766202520461,0.633766202520461,-0.89974875451732,0.89974875451732,-0.43626812691021,0.43626812691021,-0.0270555011995736,0.0270555011995736,-1.41585771859893,1.41585771859893,1.15016376160418,-1.15016376160418,-1.64153258034153,1.64153258034153,0.434674282767363,-0.434674282767363,1.05492664923,-1.05492664923,-0.41122865185927,0.41122865185927,0.982903903729739,-0.982903903729739,-1.15072900282303,1.15072900282303,-1.06105391660749,1.06105391660749,-0.0317560287928262,0.0317560287928262,-0.650260836851413,0.650260836851413,-0.0585133556447746,0.0585133556447746,1.02034930487032,-1.02034930487032,-0.165563511754451,0.165563511754451,-0.94648911130276,0.94648911130276,0.722812044046758,-0.722812044046758,-0.296899992069156,0.296899992069156,-1.80777688531953,1.80777688531953,-1.62127039725257,1.62127039725257,-0.13394334445105,0.13394334445105,-0.0739059830919047,0.0739059830919047,0.11530054941569,-0.11530054941569,0.847218364983367,-0.847218364983367,0.512243151310465,-0.512243151310465,0.907844755845858,-0.907844755845858,0.159029145038628,-0.159029145038628,0.493146400540482,-0.493146400540482,1.03559628855907,-1.03559628855907,-0.645036303408804,0.645036303408804,1.74865793484007,-1.74865793484007,0.346445651488853,-0.346445651488853,-1.74856155643725,1.74856155643725,-0.509617501412243,0.509617501412243,0.172316537699233,-0.172316537699233,2.04849703312894,-2.04849703312894,-0.491212617803605,0.491212617803605,-0.829931030891269,0.829931030891269,1.11971444528034,-1.11971444528034,0.427101971725092,-0.427101971725092,0.190718445130817,-0.190718445130817,-1.41946262775175,1.41946262775175,-0.311084586127209,0.311084586127209,1.91040384832598,-1.91040384832598,-0.335754567303181,0.335754567303181,-0.105456791984691,0.105456791984691,-1.0084701335437,1.0084701335437,-0.18112845692084,0.18112845692084,-0.250827197811453,0.250827197811453,-0.390546205060029,0.390546205060029,1.0214851294274,-1.0214851294274,1.23667175557868,-1.23667175557868,-2.88165544427448,2.88165544427448,1.35575742637108,-1.35575742637108,-0.176733917417914,0.176733917417914,-1.19199588019589,1.19199588019589,-1.6183913814306,1.6183913814306,-0.394987776464854,0.394987776464854,-0.833309265464972,0.833309265464972,-0.659254224172811,0.659254224172811,1.33097043334544,-1.33097043334544,-1.76403777641085,1.76403777641085,0.52580739036559,-0.52580739036559,-0.37891793860807,0.37891793860807,-0.593565980876874,0.593565980876874,0.608618796276207,-0.608618796276207,1.64870467554446,-1.64870467554446,0.845997893308056,-0.845997893308056,-1.09979606687007,1.09979606687007,0.519337772220482,-0.519337772220482,0.235597670434106,-0.235597670434106,-0.422276011375639,0.422276011375639,0.691201434983874,-0.691201434983874,-1.25725972805453,1.25725972805453,-0.728502528256018,0.728502528256018,2.4467764381792,-2.4467764381792,-1.2897487307799,1.2897487307799,1.57371253525155,-1.57371253525155,-0.111213231650231,0.111213231650231,-1.35978880094005,1.35978880094005,0.142840484369825,-0.142840484369825,0.394067848363723,-0.394067848363723,-0.850651821478239,0.850651821478239,1.31436223960962,-1.31436223960962,-0.00945042578656633,0.00945042578656633,0.496787392267429,-0.496787392267429,-1.47988941348104,1.47988941348104,-0.202571952977036,0.202571952977036,-1.16623677459783,1.16623677459783,1.10270398097971,-1.10270398097971,0.983086242576569,-0.983086242576569,0.485730341028087,-0.485730341028087,0.0046323699935584,-0.0046323699935584,2.19059250147573,-2.19059250147573,0.141639275830967,-0.141639275830967,0.534857294529307,-0.534857294529307,0.043149196162922,-0.043149196162922,-0.168725487338505,0.168725487338505,1.00402039979594,-1.00402039979594,1.13221367405712,-1.13221367405712,-0.499141360450711,0.499141360450711,1.12489439320841,-1.12489439320841,0.0698109454657333,-0.0698109454657333,-1.05303595831712,1.05303595831712,-0.315753986650847,0.315753986650847,2.30669120220638,-2.30669120220638,-0.334744666782952,0.334744666782952,-0.183014715435657,0.183014715435657,0.617903472512853,-0.617903472512853,1.13119305044879,-1.13119305044879,1.09642377275064,-1.09642377275064,0.456153063190963,-0.456153063190963,-1.03758296318461,1.03758296318461,1.10649910582981,-1.10649910582981,0.994129876680591,-0.994129876680591,0.510983176394491,-0.510983176394491,1.2137185333066,-1.2137185333066,1.36076517169182,-1.36076517169182,-0.764747991410573,0.764747991410573,0.656587608634474,-0.656587608634474,0.0210943259250966,-0.0210943259250966,1.14207307540781,-1.14207307540781,1.71717969094679,-1.71717969094679,1.78105037483267,-1.78105037483267,-0.552118208026054,0.552118208026054,0.768799468595192,-0.768799468595192,0.111317807028985,-0.111317807028985,-1.74975197915872,1.74975197915872,1.02302496802559,-1.02302496802559,2.05188346761724,-2.05188346761724,-0.546547412933428,0.546547412933428,-1.0366205059899,1.0366205059899,-0.549854494799163,0.549854494799163,0.615919671973198,-0.615919671973198,1.36761931258104,-1.36761931258104,-1.38855552576514,1.38855552576514,0.775835160509489,-0.775835160509489,0.135572116885396,-0.135572116885396,-0.291644830909366,0.291644830909366,-0.454894340042608,0.454894340042608,-0.817108135768174,0.817108135768174,-0.290423543015748,0.290423543015748,-0.67213053432245,0.67213053432245,-0.541285484209817,0.541285484209817,-0.770080863110405,0.770080863110405,-0.147904532909168,0.147904532909168,1.54893564088591,-1.54893564088591,0.318089290885919,-0.318089290885919,-0.689879605294268,0.689879605294268,0.237141994255418,-0.237141994255418,-0.699122388752649,0.699122388752649,0.190753770070212,-0.190753770070212,1.06079514038837,-1.06079514038837,-1.77487059717227,1.77487059717227,-0.982284338509051,0.982284338509051,0.704633967928162,-0.704633967928162,-0.147506400755837,0.147506400755837,-0.550825687843392,0.550825687843392,2.0038616266322,-2.0038616266322,-0.197101520053506,0.197101520053506,-0.553929880921718,0.553929880921718,-0.411163435130962,0.411163435130962,1.16742693296986,-1.16742693296986,-0.936829714609283,0.936829714609283,-1.50256856937084,1.50256856937084,2.68843127953913,-2.68843127953913,-0.67973814579637,0.67973814579637,0.796497769288046,-0.796497769288046,-0.150679955098698,0.150679955098698,0.842734306528069,-0.842734306528069,1.56033691787756,-1.56033691787756,0.35849006632159,-0.35849006632159,0.522160070691102,-0.522160070691102,1.60725938610083,-1.60725938610083,0.212100985954771,-0.212100985954771,0.297947718328413,-0.297947718328413,-1.16695712175615,1.16695712175615,1.13139095998152,-1.13139095998152,-0.0787925700774425,0.0787925700774425,1.41676820828142,-1.41676820828142,1.60829674630718,-1.60829674630718,0.248495163850243,-0.248495163850243,-1.37152312202985,1.37152312202985,0.28888451006859,-0.28888451006859,-1.27224995896417,1.27224995896417,1.53032591086904,-1.53032591086904,-1.15444335235544,1.15444335235544,-1.62671887244231,1.62671887244231,-0.264298992244243,0.264298992244243,-1.26589743852267,1.26589743852267,-0.0907092245659925,0.0907092245659925,0.845058328363116,-0.845058328363116,1.05772811867259,-1.05772811867259,0.765299695813493,-0.765299695813493,-1.51674615543725,1.51674615543725,-0.44691249761288,0.44691249761288,0.403658803402146,-0.403658803402146,-0.357618043158564,0.357618043158564,-0.689852376416604,0.689852376416604,0.257631206470338,-0.257631206470338,0.26918983514036,-0.26918983514036,0.676040431018897,-0.676040431018897,-0.75577492147634,0.75577492147634,0.0857681325520554,-0.0857681325520554,0.538722235580943,-0.538722235580943,-1.48891009586824,1.48891009586824,-0.210953747426426,0.210953747426426,-0.0658922600440106,0.0658922600440106,-0.247753403108791,0.247753403108791,0.600261066013008,-0.600261066013008,-1.23646783922664,1.23646783922664,0.221260128954922,-0.221260128954922,0.101657630709816,-0.101657630709816,0.916075075059879,-0.916075075059879,-0.894067042224743,0.894067042224743,-1.20585241615909,1.20585241615909,-1.45667821313656,1.45667821313656,0.129470407866966,-0.129470407866966,-2.5263715850827,2.5263715850827,-0.458080789945667,0.458080789945667,2.15609522067911,-2.15609522067911,-0.194729963137674,0.194729963137674,0.452176766541145,-0.452176766541145,-0.835528287644991,0.835528287644991,0.0793026892846936,-0.0793026892846936,-0.540415809275438,0.540415809275438,1.22954212549886,-1.22954212549886,0.269355386828469,-0.269355386828469,1.81813535057569,-1.81813535057569,-0.0668223267717596,0.0668223267717596,-0.997214783747327,0.997214783747327,-0.345210488630907,0.345210488630907,-0.692148922061323,0.692148922061323,2.10803886921228,-2.10803886921228,0.394018642506921,-0.394018642506921,0.0622924404875354,-0.0622924404875354,0.282293680612331,-0.282293680612331,-2.1653894454177,2.1653894454177,1.19959887943719,-1.19959887943719,0.224588542241342,-0.224588542241342,0.060889385045969,-0.060889385045969,1.0809257339553,-1.0809257339553,1.59895038015128,-1.59895038015128,0.0238926497766274,-0.0238926497766274,0.76066828512659,-0.76066828512659,-1.19351029860486,1.19351029860486,0.0758171407260834,-0.0758171407260834,2.72397738856412,-2.72397738856412,0.377000309171895,-0.377000309171895,-0.874236601234038,0.874236601234038,0.565635665973721,-0.565635665973721,-0.815110343377404,0.815110343377404,-0.381437771408001,0.381437771408001,0.526289254828989,-0.526289254828989,-0.166020594855166,0.166020594855166,-0.76914579491551,0.76914579491551,-1.79963340597284,1.79963340597284,0.953611828238775,-0.953611828238775,1.19631150680025,-1.19631150680025,-0.498755452672707,0.498755452672707,0.388758396114692,-0.388758396114692,0.890110403617781,-0.890110403617781,1.0708218593586,-1.0708218593586,-1.4101977462796,1.4101977462796,-1.67796357373171,1.67796357373171,1.02139428041709,-1.02139428041709,0.0686547968844745,-0.0686547968844745,1.07586787974581,-1.07586787974581,0.322815675747916,-0.322815675747916,0.127853729082203,-0.127853729082203,-0.0129456386955347,0.0129456386955347,-1.83096854381466,1.83096854381466,-0.505299954692465,0.505299954692465,1.5607216978549,-1.5607216978549,0.546046818593673,-0.546046818593673,0.420112501645479,-0.420112501645479,-1.69749676436284,1.69749676436284,-0.443194684969552,0.443194684969552,1.29517191567244,-1.29517191567244,0.141319240217662,-0.141319240217662,-0.382765324855116,0.382765324855116,-1.78516227378608,1.78516227378608,-0.0573968903122857,0.0573968903122857,0.275848728930551,-0.275848728930551,0.869077755519186,-0.869077755519186,-0.655190613097265,0.655190613097265,1.53849848726034,-1.53849848726034,-0.841009535658293,0.841009535658293,1.35405870936935,-1.35405870936935,-1.69611275538233,1.69611275538233,2.12245109068686,-2.12245109068686,-1.83471896919883,1.83471896919883,0.16176271770009,-0.16176271770009,1.0807600308731,-1.0807600308731,-0.403303438005939,0.403303438005939,-0.464084183126969,0.464084183126969,-0.957391476869555,0.957391476869555,-0.340366599116217,0.340366599116217,-1.70035501867038,1.70035501867038,0.264561737893386,-0.264561737893386,-0.599141489409288,0.599141489409288,0.708660631765247,-0.708660631765247,-0.448209016154819,0.448209016154819,1.46656785176356,-1.46656785176356,0.911789549810124,-0.911789549810124,-0.185291190087502,0.185291190087502,-0.52570445883359,0.52570445883359,1.49274954287272,-1.49274954287272,-0.35263056265404,0.35263056265404,0.0319282851580988,-0.0319282851580988,-0.0340266751422958,0.0340266751422958,0.383204462096404,-0.383204462096404,-0.857001172240388,0.857001172240388,-0.0787804185470633,0.0787804185470633,0.736161469021993,-0.736161469021993,-0.835828394701852,0.835828394701852,0.85221692534471,-0.85221692534471,0.901396447999098,-0.901396447999098,1.06049640723527,-1.06049640723527,-0.152030897459352,0.152030897459352,2.24580270324423,-2.24580270324423,-0.764856963224954,0.764856963224954,-1.57755551750269,1.57755551750269,0.29425873182625,-0.29425873182625,-1.41277697198842,1.41277697198842,0.700640745556125,-0.700640745556125,0.914569934967024,-0.914569934967024,0.00208009012054558,-0.00208009012054558,0.809420187403063,-0.809420187403063,0.0203295975749998,-0.0203295975749998,-2.04097005236428,2.04097005236428,-0.439519915897545,0.439519915897545,-0.261752770146913,0.261752770146913,0.594116970712366,-0.594116970712366,-0.615810013575404,0.615810013575404,-1.62889721211934,1.62889721211934,0.139276457070748,-0.139276457070748,0.322038069592067,-0.322038069592067,1.04884539636251,-1.04884539636251,-2.77332534645632,2.77332534645632,-0.898338090959027,0.898338090959027,0.888717228669537,-0.888717228669537,0.817925402902757,-0.817925402902757,-0.345072345072274,0.345072345072274,-0.932988536467157,0.932988536467157,1.36969225153591,-1.36969225153591,-0.697739735373984,0.697739735373984,0.47925241150179,-0.47925241150179,1.41321274782693,-1.41321274782693,-1.65325726840637,1.65325726840637,1.07064080725881,-1.07064080725881,0.231473988063827,-0.231473988063827,0.895699858859928,-0.895699858859928,1.09860111457875,-1.09860111457875,0.747211928705199,-0.747211928705199,-1.2778354188007,1.2778354188007,1.24910824710771,-1.24910824710771,0.193969325893144,-0.193969325893144,1.02196646105019,-1.02196646105019,1.22290436412616,-1.22290436412616,0.556123392142004,-0.556123392142004,0.711740905506313,-0.711740905506313,-1.3208783539322,1.3208783539322,-0.235494506456026,0.235494506456026,0.318835484974557,-0.318835484974557,-0.685974928686957,0.685974928686957,-1.21977383929712,1.21977383929712,-0.535971093721558,0.535971093721558,0.591218572244689,-0.591218572244689,1.24416062818819,-1.24416062818819,0.843259382422239,-0.843259382422239,0.639862838602069,-0.639862838602069,-0.25315443830996,0.25315443830996,-0.600083822203596,0.600083822203596,-1.53500518765035,1.53500518765035,-0.335572454177239,0.335572454177239,1.64267493228984,-1.64267493228984,-0.450802007519091,0.450802007519091,-0.131795273266035,0.131795273266035,0.619578727621196,-0.619578727621196,1.16393335609473,-1.16393335609473,0.764988364342569,-0.764988364342569,-0.802665741022356,0.802665741022356,0.046282943930819,-0.046282943930819,-1.1914880891279,1.1914880891279,0.730086593170225,-0.730086593170225,-0.619759420995969,0.619759420995969,0.183822086650475,-0.183822086650475,2.1436932846153,-2.1436932846153,-0.32850221425864,0.32850221425864,2.42296038910053,-2.42296038910053,0.409258484963287,-0.409258484963287,-0.689741715863231,0.689741715863231,-0.09873138789121,0.09873138789121,-1.46989313046911,1.46989313046911,0.0187981082842696,-0.0187981082842696,0.902610404615944,-0.902610404615944,-0.318747372580852,0.318747372580852,0.791033790113928,-0.791033790113928,-0.441093267656988,0.441093267656988,-0.53649309457544,0.53649309457544,-1.5732944272223,1.5732944272223,-0.229022286442215,0.229022286442215,0.417172274423679,-0.417172274423679,-0.175744648743,0.175744648743,-0.60162159784296,0.60162159784296,0.197412005385521,-0.197412005385521,-1.71162515261206,1.71162515261206,-0.498039954486773,0.498039954486773,0.71582018334827,-0.71582018334827,-0.933922594426629,0.933922594426629,0.332893028949571,-0.332893028949571,0.486726081832431,-0.486726081832431,-0.00811843459806902,0.00811843459806902,0.422838145167768,-0.422838145167768,2.78408817571332,-2.78408817571332,-0.90547211893826,0.90547211893826,0.889582648903113,-0.889582648903113,0.386866496539298,-0.386866496539298,-1.54482911268715,1.54482911268715,-0.754537527747944,0.754537527747944,0.0651668755782984,-0.0651668755782984,-1.15265118984709,1.15265118984709,0.374942491184618,-0.374942491184618,0.902551437205248,-0.902551437205248,0.0237697538946357,-0.0237697538946357,1.21988033868767,-1.21988033868767,-1.90115604243034,1.90115604243034,0.17921570654952,-0.17921570654952,0.253313777465202,-0.253313777465202,1.1546562011634,-1.1546562011634,1.38280170868826,-1.38280170868826,2.50763629033822,-2.50763629033822,0.486837044403008,-0.486837044403008,1.11805137835557,-1.11805137835557,1.04078736147091,-1.04078736147091,0.104578508241184,-0.104578508241184,0.106846980474913,-0.106846980474913,0.823437616441149,-0.823437616441149,-1.0472426052523,1.0472426052523,0.509348332135168,-0.509348332135168,-0.0659546309981108,0.0659546309981108,0.255790519962026,-0.255790519962026,-0.885050623905628,0.885050623905628,-1.00159784354507,1.00159784354507,0.100062935235179,-0.100062935235179,1.34889307270714,-1.34889307270714,-0.383829197250215,0.383829197250215,0.757513730501943,-0.757513730501943,-0.0205752513727816,0.0205752513727816,0.715517689244567,-0.715517689244567,1.08064832413071,-1.08064832413071,0.88120406773475,-0.88120406773475,-1.9866180188155,1.9866180188155,0.943334049962632,-0.943334049962632,0.473502742058952,-0.473502742058952,-1.90480035095976,1.90480035095976,-0.697602932606373,0.697602932606373,0.132485132289592,-0.132485132289592,-0.178126208756647,0.178126208756647,1.10863724270388,-1.10863724270388,1.38357077334046,-1.38357077334046,0.244112675880534,-0.244112675880534,-1.22774784418732,1.22774784418732,-0.873206166383554,0.873206166383554,0.708245808423447,-0.708245808423447,0.12879912203674,-0.12879912203674,-0.692816707586565,0.692816707586565,-0.677022303727704,0.677022303727704,0.571049557014939,-0.571049557014939,-2.58457924176759,2.58457924176759,-0.00757339190983676,0.00757339190983676,0.0548981059188856,-0.0548981059188856,-2.07245908115925,2.07245908115925,-1.32001195604637,1.32001195604637,0.344106854998774,-0.344106854998774,-0.174002560130255,0.174002560130255,-0.839443419592652,0.839443419592652,-0.536461577611848,0.536461577611848,0.25719758009942,-0.25719758009942,-0.976336945764279,0.976336945764279,-0.267369963747117,0.267369963747117,0.193958040150273,-0.193958040150273,-1.9090017020465,1.9090017020465,-1.21185480738064,1.21185480738064,-0.227853683214595,0.227853683214595,0.0667037634316153,-0.0667037634316153,1.78796982038544,-1.78796982038544,-0.0263438333042799,0.0263438333042799,0.87977737534702,-0.87977737534702,-0.484483254691652,0.484483254691652,-1.38472041289359,1.38472041289359,0.23472946771678,-0.23472946771678,-0.306798460541898,0.306798460541898,2.93197013868537,-2.93197013868537,-0.534563621922434,0.534563621922434,1.4391686744489,-1.4391686744489,1.19822061108697,-1.19822061108697,-0.714735729944486,0.714735729944486,0.0810767769599048,-0.0810767769599048,-0.705628262663962,0.705628262663962,2.7270354617123,-2.7270354617123,0.46343204650568,-0.46343204650568,-0.484510156818635,0.484510156818635,-0.598637358695814,0.598637358695814,0.819859674363675,-0.819859674363675,-0.410043600011968,0.410043600011968,-0.479779918077994,0.479779918077994,-0.0651872645373562,0.0651872645373562,0.379827484058255,-0.379827484058255,0.753029537337219,-0.753029537337219,-0.265732178954234,0.265732178954234,-0.949664858399509,0.949664858399509,-0.528627221258641,0.528627221258641,0.0786185821205985,-0.0786185821205985,-0.176006559682448,0.176006559682448,-2.01749767490923,2.01749767490923,0.519222982635997,-0.519222982635997,-0.776639423926727,0.776639423926727,-0.706069302321457,0.706069302321457,1.00198764274456,-1.00198764274456,1.06514770161688,-1.06514770161688,1.50532255064908,-1.50532255064908,0.429945463408495,-0.429945463408495,-0.966483551050511,0.966483551050511,-0.146533123203418,0.146533123203418,-0.503627247890835,0.503627247890835,-0.96903512929442,0.96903512929442,1.10131754076735,-1.10131754076735,0.986463169272866,-0.986463169272866,-0.218069423981356,0.218069423981356,-0.871553703608632,0.871553703608632,-0.780107865335809,0.780107865335809,-0.607427684960075,0.607427684960075,1.21254024440102,-1.21254024440102,-1.15687398392655,1.15687398392655,-0.425855935018788,0.425855935018788,-0.0212401346380046,0.0212401346380046,-2.2327420203746,2.2327420203746,0.344593441236778,-0.344593441236778,-0.359265841746959,0.359265841746959,0.127479267658414,-0.127479267658414,-0.235974580176676,0.235974580176676,-0.80105450192597,0.80105450192597,0.329889578270019,-0.329889578270019,-0.441286474500416,0.441286474500416,-0.43814572177342,0.43814572177342,-0.729563832203225,0.729563832203225,0.282113005013595,-0.282113005013595,-0.137777488784645,0.137777488784645,1.63561969843778,-1.63561969843778,-0.611577407579511,0.611577407579511,1.06789839783297,-1.06789839783297,-0.600653563675329,0.600653563675329,-0.520712466286803,0.520712466286803,0.312077396570535,-0.312077396570535,-0.544126342834678,0.544126342834678,-0.635922208037335,0.635922208037335,0.779876118363149,-0.779876118363149,0.639986571420926,-0.639986571420926,0.479043496583127,-0.479043496583127,-0.0668876085195501,0.0668876085195501,1.45032263198213,-1.45032263198213,0.993352019432747,-0.993352019432747,-0.577050827337368,0.577050827337368,-1.75339666680982,1.75339666680982,-0.105869990158818,0.105869990158818,0.909617598184905,-0.909617598184905,-0.056551581992893,0.056551581992893,-1.12903431318868,1.12903431318868,-1.39242442393654,1.39242442393654,-1.52847665326968,1.52847665326968,-0.732728727125503,0.732728727125503,-1.07099051835519,1.07099051835519,2.2075958974257,-2.2075958974257,0.766052406829415,-0.766052406829415,-0.429333364369343,0.429333364369343,-1.35595293732808,1.35595293732808,0.64357465773388,-0.64357465773388,0.113333539451418,-0.113333539451418,-1.11263192893046,1.11263192893046,0.890004192809095,-0.890004192809095,0.847119815062087,-0.847119815062087,-0.740056928333516,0.740056928333516,-0.841290469148669,0.841290469148669,1.54441985076649,-1.54441985076649,-0.129848992237527,0.129848992237527,0.728183422085033,-0.728183422085033,0.870984754167962,-0.870984754167962,0.513892676168281,-0.513892676168281,-0.657140428666931,0.657140428666931,-0.0837495360442146,0.0837495360442146,-0.579805220237102,0.579805220237102,-0.311482071715979,0.311482071715979,-0.766868830410354,0.766868830410354,1.59606139641646,-1.59606139641646,1.63037801721615,-1.63037801721615,1.19612856827389,-1.19612856827389,0.849467112131824,-0.849467112131824,-0.373931428014692,0.373931428014692,-1.78554506724441,1.78554506724441,0.702244703303524,-0.702244703303524,0.78147069464098,-0.78147069464098,-0.811976501469386,0.811976501469386,-0.0805787909682012,0.0805787909682012,-0.590700214873353,0.590700214873353,-1.32609922791758,1.32609922791758,-1.54617318421868,1.54617318421868,-1.4497642454204,1.4497642454204,-0.191273146459464,0.191273146459464,0.704960831105024,-0.704960831105024,0.457226712000854,-0.457226712000854,0.879798318459689,-0.879798318459689,-0.784426647725712,0.784426647725712,1.4260145955897,-1.4260145955897,-0.534636907096467,0.534636907096467,0.52819603751576,-0.52819603751576,-0.241073945923389,0.241073945923389,-1.03691154042281,1.03691154042281,-0.303187596049627,0.303187596049627,0.946818097434558,-0.946818097434558,-0.975166822067031,0.975166822067031,0.114648218175415,-0.114648218175415,-0.629025039106275,0.629025039106275,0.319673850203134,-0.319673850203134,0.485303218072173,-0.485303218072173,-2.10659027573017,2.10659027573017,1.20154459652949,-1.20154459652949,-0.299544528782895,0.299544528782895,1.23777896753838,-1.23777896753838,-1.06338401500997,1.06338401500997,0.615031007561818,-0.615031007561818,-0.283563816015248,0.283563816015248,0.3317385916815,-0.3317385916815,-1.91439197569949,1.91439197569949,0.483928893292687,-0.483928893292687,-0.218422072565899,0.218422072565899,1.31193154525757,-1.31193154525757,-0.630048946717165,0.630048946717165,0.165087260960259,-0.165087260960259,0.655128827774606,-0.655128827774606,0.898695820836634,-0.898695820836634,-0.428759907671852,0.428759907671852,-0.930336965527212,0.930336965527212,0.370538837715119,-0.370538837715119,1.49043651645528,-1.49043651645528,-0.517061542162194,0.517061542162194,-0.797301753875162,0.797301753875162,0.589298708378151,-0.589298708378151,-0.279268357578759,0.279268357578759,1.12455924472115,-1.12455924472115,-0.571372044735816,0.571372044735816,0.148685937663963,-0.148685937663963,1.35705189109336,-1.35705189109336,0.47665895515119,-0.47665895515119,-0.286302245620349,0.286302245620349,-0.98624073177053,0.98624073177053,1.26007626781354,-1.26007626781354,-0.992869049769286,0.992869049769286,-0.824615740022817,0.824615740022817,-0.104765158731719,0.104765158731719,1.48433863126159,-1.48433863126159,-1.63958969719544,1.63958969719544,-0.736793332100379,0.736793332100379,-1.2530773532419,1.2530773532419,1.40034039767449,-1.40034039767449,0.104794874697981,-0.104794874697981,0.757915879212406,-0.757915879212406,0.573030012364241,-0.573030012364241,-0.258927382911221,0.258927382911221,0.72239072271777,-0.72239072271777,0.224787926270721,-0.224787926270721,1.05147740049491,-1.05147740049491,-0.680075782839771,0.680075782839771,1.17758416673321,-1.17758416673321,0.319288980072487,-0.319288980072487,-0.628611423234582,0.628611423234582,-0.742458189886557,0.742458189886557,-0.592174190273629,0.592174190273629,-0.507978879647826,0.507978879647826,1.12669412397711,-1.12669412397711,1.09543434420499,-1.09543434420499,0.216395307631544,-0.216395307631544,0.371601617532863,-0.371601617532863,1.77312022093336,-1.77312022093336,-0.565086085103585,0.565086085103585,-0.788460715636718,0.788460715636718,-0.196481061198244,0.196481061198244,1.45706041000174,-1.45706041000174,0.264719787855899,-0.264719787855899,-0.188980125707565,0.188980125707565,0.698456632231475,-0.698456632231475,0.753546261168505,-0.753546261168505,-0.364121377431214,0.364121377431214,0.540593534672499,-0.540593534672499,2.17771460900876,-2.17771460900876,1.16741430796045,-1.16741430796045,1.30764968911803,-1.30764968911803,0.746186302059714,-0.746186302059714,-1.12350707060643,1.12350707060643,-2.13271613555967,2.13271613555967,-0.0436876667027906,0.0436876667027906,0.179570509842181,-0.179570509842181,-1.68364109785862,1.68364109785862,1.06300555747355,-1.06300555747355,-0.505301432707547,0.505301432707547,0.401475811990139,-0.401475811990139,-0.0284831939526961,0.0284831939526961,0.460660783815373,-0.460660783815373,-0.790657844344597,0.790657844344597,-1.26580915988009,1.26580915988009,0.202501334194417,-0.202501334194417,-1.10612581697146,1.10612581697146,-1.36554551143242,1.36554551143242,-1.22918948084015,1.22918948084015,0.564132070556429,-0.564132070556429,0.795194512744391,-0.795194512744391,-1.17050313502898,1.17050313502898,-1.6351884221134,1.6351884221134,-0.211858630987606,0.211858630987606,-1.79694585219259,1.79694585219259,0.555381522033495,-0.555381522033495,-0.102931838642748,0.102931838642748,0.0769170392296997,-0.0769170392296997,1.06372050362451,-1.06372050362451,0.789834451820819,-0.789834451820819,-1.35778575343126,1.35778575343126,1.49881024214994,-1.49881024214994,0.980756892427046,-0.980756892427046,2.58238168248084,-2.58238168248084,1.94573980853025,-1.94573980853025,-0.964118979439735,0.964118979439735,0.0372787573244344,-0.0372787573244344,-0.243058163980929,0.243058163980929,0.632426350551753,-0.632426350551753,0.797008213300116,-0.797008213300116,1.27726352085485,-1.27726352085485,2.61262381438779,-2.61262381438779,1.01252876096775,-1.01252876096775,1.14167568030384,-1.14167568030384,-0.00554093008837504,0.00554093008837504,0.604853917431887,-0.604853917431887,0.582700907059886,-0.582700907059886,0.0915521524718924,-0.0915521524718924,-1.52218154389783,1.52218154389783,-0.353159344139006,0.353159344139006,0.291095577083179,-0.291095577083179,0.385969835488501,-0.385969835488501,-2.59305785420516,2.59305785420516,2.37283439324627,-2.37283439324627,1.30722546384465,-1.30722546384465,-1.21855315004687,1.21855315004687,-0.808203165641553,0.808203165641553,-0.193864215602711,0.193864215602711,0.177527611280599,-0.177527611280599,-0.33051705430647,0.33051705430647,2.12392308977538,-2.12392308977538,0.277040553112209,-0.277040553112209,-0.13234149492548,0.13234149492548,0.189862755756625,-0.189862755756625,-1.6204253045792,1.6204253045792,-1.20889674292119,1.20889674292119,0.19912516972442,-0.19912516972442,0.448354508569612,-0.448354508569612,1.36686120745907,-1.36686120745907,-1.85957761309038,1.85957761309038,-0.479898460011569,0.479898460011569,0.825805613236432,-0.825805613236432,-0.0599262268183118,0.0599262268183118,-0.574603036007103,0.574603036007103,-0.366997836103432,0.366997836103432,-0.117014580860552,0.117014580860552,-1.10387097679173,1.10387097679173,0.799148314421384,-0.799148314421384,-0.803144782684194,0.803144782684194,0.247800000957049,-0.247800000957049,-0.270943554691425,0.270943554691425,0.638034629246447,-0.638034629246447,-0.145822255832777,0.145822255832777,-1.14913231455039,1.14913231455039,0.364640141585153,-0.364640141585153,0.0430855856325403,-0.0430855856325403,1.48314590688048,-1.48314590688048,0.438250317877606,-0.438250317877606,2.01387807994644,-2.01387807994644,0.675901027155061,-0.675901027155061,-0.0131131843961664,0.0131131843961664,-0.734987094118644,0.734987094118644,1.12728688757247,-1.12728688757247,0.805334422792543,-0.805334422792543,-0.339295466303293,0.339295466303293,0.45077190006496,-0.45077190006496,0.373671683487162,-0.373671683487162,0.387186057180307,-0.387186057180307,-0.769910845054727,0.769910845054727,-0.253387373599722,0.253387373599722,0.219350944269693,-0.219350944269693,-0.611679534596337,0.611679534596337,-0.0372337470127866,0.0372337470127866,-0.800783051794154,0.800783051794154,1.02166600501377,-1.02166600501377,-0.485449388046225,0.485449388046225,0.0816911602276765,-0.0816911602276765,1.18677183594181,-1.18677183594181,0.383331399096714,-0.383331399096714,-0.675069326020888,0.675069326020888,1.62782361808022,-1.62782361808022,1.12312384044612,-1.12312384044612,0.492442417088801,-0.492442417088801,0.0555986259296353,-0.0555986259296353,0.72481343016697,-0.72481343016697,-0.106050371075035,0.106050371075035,-0.492207983387377,0.492207983387377,-0.582604512700079,0.582604512700079,1.28976637156708,-1.28976637156708,1.18579255641007,-1.18579255641007,0.336418001530939,-0.336418001530939,-0.212476506142326,0.212476506142326,-0.620354651860361,0.620354651860361,-0.402767676214074,0.402767676214074,0.89286534837501,-0.89286534837501,-1.51116799327276,1.51116799327276,0.909804326041806,-0.909804326041806,0.479162484001767,-0.479162484001767,-0.382008500728683,0.382008500728683,1.46247433181734,-1.46247433181734,0.112495034899793,-0.112495034899793,0.425763697405971,-0.425763697405971,-1.24953812084514,1.24953812084514,-0.535136495308164,0.535136495308164,-0.188861711248961,0.188861711248961,-0.404080706558784,0.404080706558784,0.994051924832969,-0.994051924832969,0.78020060930713,-0.78020060930713,-0.666013581745967,0.666013581745967,1.22154473904087,-1.22154473904087,-0.635489495032328,0.635489495032328,-0.313265979861962,0.313265979861962,1.16550757705167,-1.16550757705167,-0.298086857657381,0.298086857657381,0.190870730223673,-0.190870730223673,0.164761887837443,-0.164761887837443,-0.848724567366574,0.848724567366574,-1.41065374175974,1.41065374175974,-2.07559963300042,2.07559963300042,-2.04501938866875,2.04501938866875,0.987209843616286,-0.987209843616286,-0.720513629568224,0.720513629568224,-0.405750239957921,0.405750239957921,0.26047560127444,-0.26047560127444,-1.92862129589632,1.92862129589632,-1.91030656141264,1.91030656141264,-0.651047909264752,0.651047909264752,0.884242286027519,-0.884242286027519,0.393819187815759,-0.393819187815759,1.10649293486043,-1.10649293486043,-0.857399894792913,0.857399894792913,-0.575478509765231,0.575478509765231,-0.275058283155795,0.275058283155795,2.12839041401553,-2.12839041401553,1.39752592748756,-1.39752592748756,-0.170695341211686,0.170695341211686,-0.333923103113185,0.333923103113185,0.636442411289934,-0.636442411289934,1.08603642698875,-1.08603642698875,0.477643234117772,-0.477643234117772,-1.09586291629738,1.09586291629738,0.350808178131152,-0.350808178131152,-1.38482300125574,1.38482300125574,-0.357232521934179,0.357232521934179,-1.6718309205552,1.6718309205552,-1.74843835311889,1.74843835311889,-0.228675600860559,0.228675600860559,0.582182496604493,-0.582182496604493,2.09723038105762,-2.09723038105762,-0.937721446611435,0.937721446611435,1.00971853380959,-1.00971853380959,-1.23773549174363,1.23773549174363,2.63230997538802,-2.63230997538802,-2.48957048163673,2.48957048163673,1.10748575816284,-1.10748575816284,0.474433462851018,-0.474433462851018,0.552364101913605,-0.552364101913605,0.0774495797641397,-0.0774495797641397,0.610344625127122,-0.610344625127122,0.685079034377558,-0.685079034377558,-0.512749088935763,0.512749088935763,-0.61856703442497,0.61856703442497,0.39614052607201,-0.39614052607201,-0.210465457729773,0.210465457729773,0.582520178811406,-0.582520178811406,1.26745258470019,-1.26745258470019,0.475168408062606,-0.475168408062606,2.23323386285091,-2.23323386285091,-0.0345217843301391,0.0345217843301391,1.50072741736845,-1.50072741736845,0.142786710109593,-0.142786710109593,-0.568409138440956,0.568409138440956,2.02628946965409,-2.02628946965409,0.565328214129556,-0.565328214129556,1.89078946979587,-1.89078946979587,-2.07833273873986,2.07833273873986,0.807352755354361,-0.807352755354361,0.756961901524281,-0.756961901524281,-0.0978375126247406,0.0978375126247406,1.30170045874522,-1.30170045874522,-0.0452997662044571,0.0452997662044571,-0.139305129914617,0.139305129914617,0.463879483361231,-0.463879483361231,0.0370866709313134,-0.0370866709313134,1.31074032939605,-1.31074032939605,0.880540985439936,-0.880540985439936,-0.139357147269191,0.139357147269191,-0.0849875865976839,0.0849875865976839,-0.584058068575188,0.584058068575188,-0.993448864738318,0.993448864738318,0.671925655436823,-0.671925655436823,-1.32773879520361,1.32773879520361,-1.64214725274002,1.64214725274002,1.49122525244744,-1.49122525244744,-0.584618834034234,0.584618834034234,-2.43266024690289,2.43266024690289,-0.269463060425819,0.269463060425819,-0.000410335873540045,0.000410335873540045,1.69561791865241,-1.69561791865241,0.718093751556337,-0.718093751556337,1.55485605033717,-1.55485605033717,-2.14830796869933,2.14830796869933,0.0480741190326636,-0.0480741190326636,-0.162050809646715,0.162050809646715,-0.256087912866518,0.256087912866518,0.472046012896293,-0.472046012896293,0.472066875898114,-0.472066875898114,0.129079362625141,-0.129079362625141,0.698815093231328,-0.698815093231328,-0.405779644126582,0.405779644126582,0.135977687690196,-0.135977687690196,2.4895397634395,-2.4895397634395,0.580732055017632,-0.580732055017632,0.167378568158969,-0.167378568158969,1.34710539955241,-1.34710539955241,-0.181085795277455,0.181085795277455,0.57122647841713,-0.57122647841713,-0.817243905238276,0.817243905238276,0.452839533180087,-0.452839533180087,-0.259478981335645,0.259478981335645,-2.31975182384236,2.31975182384236,-0.0794733733273166,0.0794733733273166,2.28604291155094,-2.28604291155094,-0.0400029681372016,0.0400029681372016,-0.812012533586717,0.812012533586717,-0.91721487279242,0.91721487279242,0.00170464768334004,-0.00170464768334004,-1.17476915501766,1.17476915501766,2.05390175092971,-2.05390175092971,-0.911348403357647,0.911348403357647,0.776193406760943,-0.776193406760943,-0.329452797845991,0.329452797845991,-0.241208212990671,0.241208212990671,-0.84333061916824,0.84333061916824,-0.482697310460439,0.482697310460439,0.0184591616151755,-0.0184591616151755,-0.926298322677471,0.926298322677471,-0.606578036906334,0.606578036906334,-0.672321658408696,0.672321658408696,-1.06478922940571,1.06478922940571,-0.15613794415576,0.15613794415576,0.4359074097,-0.4359074097,-1.04964632723913,1.04964632723913,0.309466388131438,-0.309466388131438,-0.261111118424543,0.261111118424543,-1.46274090292215,1.46274090292215,-1.17970742525934,1.17970742525934,-0.516836167763257,0.516836167763257,0.523541106846442,-0.523541106846442,-1.21000776173221,1.21000776173221,1.60735936476014,-1.60735936476014,0.653057502856542,-0.653057502856542,-1.92865973051677,1.92865973051677,-0.124313752619207,0.124313752619207,-0.608014595221795,0.608014595221795,-0.649395380588731,0.649395380588731,-1.24195752170197,1.24195752170197,-0.750647331953163,0.750647331953163,0.890055515873674,-0.890055515873674,-0.599838227665995,0.599838227665995,0.509053234253303,-0.509053234253303,1.02778935123721,-1.02778935123721,0.389611627220419,-0.389611627220419,0.132107408899702,-0.132107408899702,-2.18245780100627,2.18245780100627,1.01004822749667,-1.01004822749667,-0.177990366115871,0.177990366115871,-1.69913646563551,1.69913646563551,-0.131618499606193,0.131618499606193,1.90769770574198,-1.90769770574198,0.165251896729519,-0.165251896729519,1.89948439160047,-1.89948439160047,0.930468928374192,-0.930468928374192,0.87398011459461,-0.87398011459461,1.57198763444543,-1.57198763444543,-0.768683918331143,0.768683918331143,1.00565062062024,-1.00565062062024,-1.73052035432646,1.73052035432646,-0.0583052719616143,0.0583052719616143,0.788412863827311,-0.788412863827311,0.00459995370581135,-0.00459995370581135,0.205359637367003,-0.205359637367003,0.339988516625995,-0.339988516625995,0.140912664212535,-0.140912664212535,-1.04814300471519,1.04814300471519,0.112095166566277,-0.112095166566277,0.279582058166191,-0.279582058166191,0.0839912902633762,-0.0839912902633762,0.758451508066859,-0.758451508066859,-1.01628080588261,1.01628080588261,0.560326594894926,-0.560326594894926,-0.504246392694945,0.504246392694945,0.153927903297389,-0.153927903297389,-0.28967432365845,0.28967432365845,0.36977700243838,-0.36977700243838,0.0637042160312171,-0.0637042160312171,0.952238966261422,-0.952238966261422,-1.41610389698973,1.41610389698973,1.49889308542438,-1.49889308542438,0.886770386149431,-0.886770386149431,1.34759528642292,-1.34759528642292,0.845464251994561,-0.845464251994561,1.11659973272602,-1.11659973272602,0.339063580981258,-0.339063580981258,0.643014918874097,-0.643014918874097,-2.68465402536238,2.68465402536238,1.97593280465573,-1.97593280465573,-0.442324193846657,0.442324193846657,0.36356879550895,-0.36356879550895,-1.71275278080274,1.71275278080274,-0.849778402883619,0.849778402883619,-1.40188208526002,1.40188208526002,-0.856230390104027,0.856230390104027,-0.08715176694648,0.08715176694648,-0.0584025357517608,0.0584025357517608,0.125165854818568,-0.125165854818568,-0.0567934903007697,0.0567934903007697,1.49147761365355,-1.49147761365355,-1.00881281403044,1.00881281403044,-0.779326267557659,0.779326267557659,0.93642774805589,-0.93642774805589,0.283884975040297,-0.283884975040297,0.462928454429809,-0.462928454429809,0.078517483261286,-0.078517483261286,-0.799142099095526,0.799142099095526,-0.927782694579008,0.927782694579008,0.411058323018443,-0.411058323018443,0.339165883002297,-0.339165883002297,0.647850509479794,-0.647850509479794,-0.85543899923909,0.85543899923909,0.601259110594889,-0.601259110594889,-0.0368303576392434,0.0368303576392434,0.625770196055795,-0.625770196055795,2.49341653976956,-2.49341653976956,-1.2045940904757,1.2045940904757,0.246275096603073,-0.246275096603073,-0.8049430438273,0.8049430438273,1.30798187921691,-1.30798187921691,-1.54656568163962,1.54656568163962,-0.0434415568647663,0.0434415568647663,-0.127809591784919,0.127809591784919,-0.397149020224232,0.397149020224232,0.148171611232602,-0.148171611232602,-1.47145304322095,1.47145304322095,0.457566874381635,-0.457566874381635,0.723066377959027,-0.723066377959027,0.960483359450706,-0.960483359450706,-0.555592775022101,0.555592775022101,3.28427535676534,-3.28427535676534,1.18679607091862,-1.18679607091862,0.0727381952923542,-0.0727381952923542,0.845129632391793,-0.845129632391793,0.209006893133378,-0.209006893133378,1.59742892883854,-1.59742892883854,0.731204281105677,-0.731204281105677,-0.726993181131586,0.726993181131586,-1.3532697532567,1.3532697532567,0.327568235808342,-0.327568235808342,0.126086772162575,-0.126086772162575,-0.397051882567246,0.397051882567246,0.637425920127699,-0.637425920127699,0.0650715036823767,-0.0650715036823767,0.515801850234877,-0.515801850234877,1.59785877695387,-1.59785877695387,1.3032092918387,-1.3032092918387,-2.28979540809362,2.28979540809362,1.08322862454074,-1.08322862454074,1.27242536022378,-1.27242536022378,-0.0519879752492598,0.0519879752492598,1.08921774681893,-1.08921774681893,1.00299242453571,-1.00299242453571,-0.0781934012371437,0.0781934012371437,-0.531332784238754,0.531332784238754,-1.05662877666341,1.05662877666341,-2.01586913728258,2.01586913728258,-0.476559070797664,0.476559070797664,-1.11511288921166,1.11511288921166,0.646412210910009,-0.646412210910009,-0.678723650731797,0.678723650731797,0.439923630236485,-0.439923630236485,0.668991248663292,-0.668991248663292,0.28712669457599,-0.28712669457599,-1.86414434929432,1.86414434929432,-0.392947822770032,0.392947822770032,-0.985474987117125,0.985474987117125,0.386069575732325,-0.386069575732325,-0.637719790449412,0.637719790449412,-0.917022729547478,0.917022729547478,-0.391059321717885,0.391059321717885,-1.72716356210857,1.72716356210857,-0.153244970894966,0.153244970894966,0.493598557115574,-0.493598557115574,-0.307455170316416,0.307455170316416,0.872464702082786,-0.872464702082786,0.573118856301908,-0.573118856301908,-0.42649173755638,0.42649173755638,1.24500324358456,-1.24500324358456,0.435651484145833,-0.435651484145833,0.17521586261263,-0.17521586261263,-0.196892666744998,0.196892666744998,1.7430647621811,-1.7430647621811,-1.46681117796932,1.46681117796932,-1.93801406296933,1.93801406296933,-1.05242141958205,1.05242141958205,-1.55648787853238,1.55648787853238,1.95638463931182,-1.95638463931182,-0.42348552400641,0.42348552400641,-0.653225917419655,0.653225917419655,1.15270708645409,-1.15270708645409,1.62524199785883,-1.62524199785883,-0.475547639532986,0.475547639532986,-0.446608401544389,0.446608401544389,-0.201023088358569,0.201023088358569,-0.341565972664925,0.341565972664925,-0.174088210230051,0.174088210230051,1.06339300603014,-1.06339300603014,-0.0169051518129752,0.0169051518129752,-0.828459167894925,0.828459167894925,-0.147105824920484,0.147105824920484,-1.33605874526343,1.33605874526343,-1.91856240701539,1.91856240701539,-1.21419265160481,1.21419265160481,-1.03675573318976,1.03675573318976,-0.118037766402168,0.118037766402168,0.276260992503274,-0.276260992503274,-1.79516384726657,1.79516384726657,-0.488198811943067,0.488198811943067,-0.271527404880291,0.271527404880291,-1.54524059901699,1.54524059901699,0.157503301342181,-0.157503301342181,-1.30447854929448,1.30447854929448,0.666445693928364,-0.666445693928364,0.503645938775142,-0.503645938775142,0.806237733857563,-0.806237733857563,-0.944573207832676,0.944573207832676,-0.0121953160768595,0.0121953160768595,-2.40205427083619,2.40205427083619,-0.258250407395782,0.258250407395782,0.0610297985025736,-0.0610297985025736,-0.0450404122965976,0.0450404122965976,1.06022021054541,-1.06022021054541,0.492314434421335,-0.492314434421335,-0.644347730708684,0.644347730708684,-0.0555836397034268,0.0555836397034268,1.76657246277076,-1.76657246277076,1.37938928305553,-1.37938928305553,0.578592297399476,-0.578592297399476,-0.0959978491795024,0.0959978491795024,-1.17204336632361,1.17204336632361,-0.795922175431973,0.795922175431973,0.649157731981391,-0.649157731981391,0.541175513869036,-0.541175513869036,-0.121253176578256,0.121253176578256,0.738356735553424,-0.738356735553424,1.81939566286533,-1.81939566286533,0.675844531091859,-0.675844531091859,-1.61906488384767,1.61906488384767,0.248574845267267,-0.248574845267267,2.35711119926968,-2.35711119926968,-1.42821524493462,1.42821524493462,0.162758017536878,-0.162758017536878,0.565111834159015,-0.565111834159015,0.569074273155295,-0.569074273155295,0.577908387971656,-0.577908387971656,-1.50079674868182,1.50079674868182,-1.34042913681165,1.34042913681165,-0.284415812900765,0.284415812900765,1.35924873157653,-1.35924873157653,2.11258075484411,-2.11258075484411,1.08717932137895,-1.08717932137895,-0.121898006910412,0.121898006910412,-0.652764545797276,0.652764545797276,-0.810008750038668,0.810008750038668,-0.822102485108345,0.822102485108345,0.126927455653213,-0.126927455653213,1.79245056204447,-1.79245056204447,0.321846187734599,-0.321846187734599,-2.02142030116606,2.02142030116606,0.278596674059209,-0.278596674059209,1.33634141044441,-1.33634141044441,0.248093197163693,-0.248093197163693,0.953633228410396,-0.953633228410396,0.462099725786061,-0.462099725786061,-0.359305919427995,0.359305919427995,-0.254648694800782,0.254648694800782,-0.162432582051884,0.162432582051884,-0.805075313370726,0.805075313370726,0.745680877098108,-0.745680877098108,-0.794248102411547,0.794248102411547,-1.15223554767817,1.15223554767817,-0.223305844093035,0.223305844093035,1.1749767567779,-1.1749767567779,0.530938523046815,-0.530938523046815,-0.285767590958791,0.285767590958791,-1.64882374966278,1.64882374966278,-1.02130159101625,1.02130159101625,0.402181434176957,-0.402181434176957,-0.985970346231536,0.985970346231536,1.28656003524646,-1.28656003524646,-1.17425245333521,1.17425245333521,-0.719017895256321,0.719017895256321,0.358132449769127,-0.358132449769127,0.607817497892996,-0.607817497892996,-1.04999213059079,1.04999213059079,1.80146463493135,-1.80146463493135,-0.0634224218548369,0.0634224218548369,0.169969843957717,-0.169969843957717,1.36570544056814,-1.36570544056814,0.835503085300595,-0.835503085300595,0.795401042929485,-0.795401042929485,-0.228640986492681,0.228640986492681,0.440602011924858,-0.440602011924858,0.765799092486663,-0.765799092486663,-1.5369437546914,1.5369437546914,-0.967618454384427,0.967618454384427,-0.0181678205458558,0.0181678205458558,-1.52639386263541,1.52639386263541,-1.22167218217459,1.22167218217459,-1.59989446510651,1.59989446510651,-2.25419780856398,2.25419780856398,0.940219507540255,-0.940219507540255,-0.264398337798399,0.264398337798399,1.96598677628935,-1.96598677628935,0.663945348563924,-0.663945348563924,1.04199834819914,-1.04199834819914,0.748705219950171,-0.748705219950171,-1.90505432626371,1.90505432626371,0.682764308528681,-0.682764308528681,-0.204228666000509,0.204228666000509,1.41603066320149,-1.41603066320149,1.1421283431164,-1.1421283431164,0.181888282382032,-0.181888282382032,-0.149778072013498,0.149778072013498,1.87739368785023,-1.87739368785023,-0.154481568212817,0.154481568212817,-0.322802932995062,0.322802932995062,-0.811641960139307,0.811641960139307,-2.18616168753359,2.18616168753359,1.55454971533676,-1.55454971533676,-0.0295607102078732,0.0295607102078732,-0.378021393350794,0.378021393350794,1.1031788791716,-1.1031788791716,1.28494801585253,-1.28494801585253,0.212494070107509,-0.212494070107509,0.676705412781098,-0.676705412781098,0.220384512028464,-0.220384512028464,-0.881504260525698,0.881504260525698,0.0888339735177546,-0.0888339735177546,0.878783429013953,-0.878783429013953,-0.203640840014642,0.203640840014642,-0.0210842777845397,0.0210842777845397,0.036553826473371,-0.036553826473371,-0.637276263460653,0.637276263460653,2.03868818259996,-2.03868818259996,-0.474372281093144,0.474372281093144,-0.670360484385013,0.670360484385013,0.108928213733495,-0.108928213733495,-0.580069687571728,0.580069687571728,-0.42478102584079,0.42478102584079,-2.04759788034234,2.04759788034234,-0.401490785029369,0.401490785029369,0.658189907722191,-0.658189907722191,-0.145349332735092,0.145349332735092,0.631515412023206,-0.631515412023206,0.560513021093673,-0.560513021093673,0.0669917448241951,-0.0669917448241951,-0.769458290632313,0.769458290632313,1.02786777701756,-1.02786777701756,1.56794001476711,-1.56794001476711,0.38870146319947,-0.38870146319947,-0.181055045603342,0.181055045603342,-1.15893316758014,1.15893316758014,1.60663565571804,-1.60663565571804,-0.876039776163827,0.876039776163827,2.44508549270903,-2.44508549270903,0.961037149446218,-0.961037149446218,-1.76733618550809,1.76733618550809,-1.06719070779262,1.06719070779262,-0.242323838767897,0.242323838767897,1.82544867650543,-1.82544867650543,0.37154899885677,-0.37154899885677,0.0430423065821914,-0.0430423065821914,-0.441819707970703,0.441819707970703,0.739368946983645,-0.739368946983645,-2.31777708075216,2.31777708075216,0.507467325537733,-0.507467325537733,-1.60646927309783,1.60646927309783,0.510068549607086,-0.510068549607086,-0.32742030475943,0.32742030475943,-2.3853476432735,2.3853476432735,0.170209863769122,-0.170209863769122,-0.380355814290244,0.380355814290244,-0.496003652725318,0.496003652725318,-1.52121970101089,1.52121970101089,0.609401795292688,-0.609401795292688,0.238517054067143,-0.238517054067143,1.13849411079246,-1.13849411079246,-0.167947790299811,0.167947790299811,1.02563592060494,-1.02563592060494,0.518953161801548,-0.518953161801548,1.1051956981624,-1.1051956981624,2.63541653914393,-2.63541653914393,-0.789932824421799,0.789932824421799,1.69258520510443,-1.69258520510443,-0.0330660569669915,0.0330660569669915,-0.161364317832905,0.161364317832905,-0.810952064401629,0.810952064401629,-0.831181992817039,0.831181992817039,0.127260773331179,-0.127260773331179,1.3803384134434,-1.3803384134434,0.342996606795728,-0.342996606795728,0.345403063768136,-0.345403063768136,-0.355135409140619,0.355135409140619,3.29420142107841,-3.29420142107841,-1.84922539174267,1.84922539174267,0.538603528928649,-0.538603528928649,-0.991076536560234,0.991076536560234,1.06492207331927,-1.06492207331927,1.43979256559477,-1.43979256559477,0.234870946053659,-0.234870946053659,-0.929687978403013,0.929687978403013,0.969086415869279,-0.969086415869279,1.18513370966246,-1.18513370966246,-0.30213731440333,0.30213731440333,0.341454281272846,-0.341454281272846,0.17589153817432,-0.17589153817432,-0.372556588246252,0.372556588246252,-0.296842567120321,0.296842567120321,-0.335558840627112,0.335558840627112,1.28905990845179,-1.28905990845179,-0.318125818720748,0.318125818720748,1.83426064630081,-1.83426064630081,-1.46897091029716,1.46897091029716,1.96861071437201,-1.96861071437201,0.0363102274189753,-0.0363102274189753,-0.0913992445362188,0.0913992445362188,1.36338322481593,-1.36338322481593,-0.508944903421741,0.508944903421741,0.458895333619416,-0.458895333619416,0.957694970997752,-0.957694970997752,0.829922921012153,-0.829922921012153,1.27801307957626,-1.27801307957626,0.660319281289799,-0.660319281289799,-2.30960927662915,2.30960927662915,0.173004606825685,-0.173004606825685,-0.501223242052322,0.501223242052322,-0.1438426611217,0.1438426611217,-1.20250762640645,1.20250762640645,-0.014722846376067,0.014722846376067,1.06406121529397,-1.06406121529397,-1.00755646865074,1.00755646865074,0.251316184328934,-0.251316184328934,-0.458702893511873,0.458702893511873,0.27075841400944,-0.27075841400944,0.27979891707124,-0.27979891707124,1.29423898436936,-1.29423898436936,0.468233691186899,-0.468233691186899,1.8139327806968,-1.8139327806968,1.02654970296318,-1.02654970296318,-0.856348165294324,0.856348165294324,1.2540949035153,-1.2540949035153,-0.00972936079686785,0.00972936079686785,-0.126150636814584,0.126150636814584,-0.066017637351016,0.066017637351016,0.67323504082579,-0.67323504082579,1.67407562943674,-1.67407562943674,2.22479819368335,-2.22479819368335,-0.243478647081312,0.243478647081312,-0.259399279537428,0.259399279537428,-0.391275026445192,0.391275026445192,1.95569150926195,-1.95569150926195,0.043887466497563,-0.043887466497563,-1.07422843552578,1.07422843552578,-0.77799297672065,0.77799297672065,-0.449700011380481,0.449700011380481,-0.201633851949525,0.201633851949525,0.742581958322266,-0.742581958322266,0.388160586332486,-0.388160586332486,0.593991387844636,-0.593991387844636,1.08023263696199,-1.08023263696199,-0.840634545505252,0.840634545505252,-0.160763010930335,0.160763010930335,-0.929504013873488,0.929504013873488,-1.15734720105571,1.15734720105571,0.0992259674244324,-0.0992259674244324,1.2198401895647,-1.2198401895647,0.775763747228467,-0.775763747228467,-0.385941615755806,0.385941615755806,-0.704879582940199,0.704879582940199,0.243607242717048,-0.243607242717048,0.19811268321657,-0.19811268321657,0.900435686407735,-0.900435686407735,-1.21709637371737,1.21709637371737,-0.35923575705052,0.35923575705052,2.14076986023374,-2.14076986023374,-1.22928801129691,1.22928801129691,0.0104154714842442,-0.0104154714842442,-0.393514985949725,0.393514985949725,0.468274976293089,-0.468274976293089,0.886868604711985,-0.886868604711985,0.627861734651907,-0.627861734651907,0.971667436576531,-0.971667436576531,-0.427218540544791,0.427218540544791,0.478768918306996,-0.478768918306996,0.354345282060336,-0.354345282060336,1.69554393233434,-1.69554393233434,0.701132352461295,-0.701132352461295,-0.00533413368286545,0.00533413368286545,1.73988766136623,-1.73988766136623,-2.56099293338685,2.56099293338685,0.668365690972597,-0.668365690972597,0.700453891811001,-0.700453891811001,0.70199142375232,-0.70199142375232,0.949344460253067,-0.949344460253067,-0.392824968530285,0.392824968530285,0.0866409802359044,-0.0866409802359044,-0.180324909835066,0.180324909835066,1.00685366632653,-1.00685366632653,-0.163227812825641,0.163227812825641,-1.01459198819452,1.01459198819452,0.438856743140929,-0.438856743140929,-0.830881884688269,0.830881884688269,1.44040035391692,-1.44040035391692,-0.525154406700963,0.525154406700963,1.54274061817905,-1.54274061817905,0.897887115470734,-0.897887115470734,-0.727470355673234,0.727470355673234,0.896222357445734,-0.896222357445734,-0.992971718739487,0.992971718739487,0.264614860817021,-0.264614860817021,-0.307333869820783,0.307333869820783,-1.28167311379013,1.28167311379013,0.92818652932336,-0.92818652932336,-0.0201767410126712,0.0201767410126712,0.586736369744148,-0.586736369744148,-1.68527915305401,1.68527915305401,-0.930825797139369,0.930825797139369,1.79082382737756,-1.79082382737756,-1.31850514434001,1.31850514434001,-0.459552154637231,0.459552154637231,0.0167979817852074,-0.0167979817852074,-1.19892630446349,1.19892630446349,0.524707136902913,-0.524707136902913,1.52468540137328,-1.52468540137328,1.46811690979401,-1.46811690979401,0.51154468085471,-0.51154468085471,-0.558166578466565,0.558166578466565,0.3705741641287,-0.3705741641287,0.51670057038427,-0.51670057038427,0.267253811523694,-0.267253811523694,-0.458689634662234,0.458689634662234,0.273617075267153,-0.273617075267153,0.287262675811053,-0.287262675811053,0.750242064143557,-0.750242064143557,-0.940035023994527,0.940035023994527,0.0676167550359745,-0.0676167550359745,-0.758886404375772,0.758886404375772,0.639330141034701,-0.639330141034701,1.3139044640716,-1.3139044640716,0.203630937381555,-0.203630937381555,-0.686828847977755,0.686828847977755,0.407886375092399,-0.407886375092399,-0.112944543398627,0.112944543398627,0.266315083821495,-0.266315083821495,-0.0979882080754299,0.0979882080754299,0.274832350518326,-0.274832350518326,-1.39796308881427,1.39796308881427,-0.622425651278237,0.622425651278237,-1.41362808171378,1.41362808171378,0.294413581355962,-0.294413581355962,1.0280799076123,-1.0280799076123,0.563077898051746,-0.563077898051746,-1.43243984355682,1.43243984355682,-1.09176197884599,1.09176197884599,-0.219654382906131,0.219654382906131,1.9536556063512,-1.9536556063512,-0.422331236978973,0.422331236978973,-0.920996207472319,0.920996207472319,0.0690961541740261,-0.0690961541740261,0.0177714707066431,-0.0177714707066431,1.00306693799837,-1.00306693799837,-2.32112357506431,2.32112357506431,0.467967406678829,-0.467967406678829,-1.81717527815522,1.81717527815522,-0.962843802128354,0.962843802128354,-0.288792817933921,0.288792817933921,-0.658450458274592,0.658450458274592,-0.408592053070376,0.408592053070376,-0.108400093922044,0.108400093922044,-0.268236290589979,0.268236290589979,0.733490367397625,-0.733490367397625,1.32594140434486,-1.32594140434486,0.2224790498925,-0.2224790498925,-1.53572847702723,1.53572847702723,-2.57072250820958,2.57072250820958,-1.70074929455648,1.70074929455648,-1.44299004392988,1.44299004392988,0.135704475797413,-0.135704475797413,1.06249188416772,-1.06249188416772,-0.0776447748168976,0.0776447748168976,-0.778004404922941,0.778004404922941,-0.689703984001745,0.689703984001745,0.548365138699038,-0.548365138699038,0.33183783398259,-0.33183783398259,1.58583074460337,-1.58583074460337,0.268741165102168,-0.268741165102168,-0.614635414846845,0.614635414846845,0.0560006080391845,-0.0560006080391845,0.202546731208091,-0.202546731208091,-1.39122647300615,1.39122647300615,-0.943483466531636,0.943483466531636,-0.394655570373311,0.394655570373311,-0.663266728782964,0.663266728782964,0.614043891047148,-0.614043891047148,-0.61517049560017,0.61517049560017,1.49606987947676,-1.49606987947676,-2.19449396890672,2.19449396890672,-1.14121690071892,1.14121690071892,-1.55755288221289,1.55755288221289,-0.995541325283814,0.995541325283814,-1.52239842351815,1.52239842351815,0.747040689427061,-0.747040689427061,-0.435303003791029,0.435303003791029,-0.20467094178775,0.20467094178775,0.717034641419489,-0.717034641419489,-0.987089837116758,0.987089837116758,-0.137463853463195,0.137463853463195,1.66725774415012,-1.66725774415012,0.959898613340874,-0.959898613340874,-0.296274107822872,0.296274107822872,1.56471993478064,-1.56471993478064,-0.0413510162181158,0.0413510162181158,0.406390905939533,-0.406390905939533,-0.341242792533394,0.341242792533394,-1.05132696055128,1.05132696055128,-0.387939679811632,0.387939679811632,-0.366340409506188,0.366340409506188,0.854229987886639,-0.854229987886639,1.52261294832403,-1.52261294832403,-0.263925379735074,0.263925379735074,1.64024495891815,-1.64024495891815,-0.0119338843657613,0.0119338843657613,-1.27445220982262,1.27445220982262,1.18663755682518,-1.18663755682518,0.057961589036119,-0.057961589036119,0.104690342615161,-0.104690342615161,-0.474327067643136,0.474327067643136,-1.79018582355952,1.79018582355952,-0.726757684310147,0.726757684310147,1.67251279022637,-1.67251279022637,1.2890805723701,-1.2890805723701,1.06742139663672,-1.06742139663672,0.392837942910622,-0.392837942910622,-1.0445784727966,1.0445784727966,-0.474538293668644,0.474538293668644,-0.929793715201911,0.929793715201911,0.163570779193597,-0.163570779193597,-1.20059741927087,1.20059741927087,-0.694061515131356,0.694061515131356,0.358802285827686,-0.358802285827686,-0.508458282162101,0.508458282162101,-1.12645348388976,1.12645348388976,-0.333316642215406,0.333316642215406,0.107440213936891,-0.107440213936891,-0.544089348029032,0.544089348029032,0.896659279674595,-0.896659279674595,1.17688514532788,-1.17688514532788,0.0666632791250544,-0.0666632791250544,1.06799748388036,-1.06799748388036,0.655690286812899,-0.655690286812899,-1.65741321935857,1.65741321935857,-0.812293687090268,0.812293687090268,1.66290576435315,-1.66290576435315,-2.52669497844472,2.52669497844472,-0.163545023204428,0.163545023204428,-0.580624910987539,0.580624910987539,2.39004057884615,-2.39004057884615,-1.30969207648187,1.30969207648187,1.21921922202743,-1.21921922202743,-0.504680629838895,0.504680629838895,-0.120982919738348,0.120982919738348,0.245166394865322,-0.245166394865322,1.21954840437314,-1.21954840437314,-0.111001308488886,0.111001308488886,0.0482918986028434,-0.0482918986028434,-0.049269043821151,0.049269043821151,-2.3541198785388,2.3541198785388,-0.095005242027142,0.095005242027142,-1.06595770846625,1.06595770846625,-0.88817345874195,0.88817345874195,0.60588638442299,-0.60588638442299,1.00693359531431,-1.00693359531431,1.47907583490547,-1.47907583490547,-0.46154388182787,0.46154388182787,0.205028721318286,-0.205028721318286,0.654089633975184,-0.654089633975184,0.283002460307643,-0.283002460307643,0.450648685189264,-0.450648685189264,0.535055687130498,-0.535055687130498,-0.0993965985887733,0.0993965985887733,-0.883461439893326,0.883461439893326,0.384957937278377,-0.384957937278377,2.42379081974085,-2.42379081974085,0.568657367844438,-0.568657367844438,0.689519964345109,-0.689519964345109,-0.409971453645027,0.409971453645027,-0.0425663559419765,0.0425663559419765,-2.07417441938218,2.07417441938218,-0.825209210807189,0.825209210807189,0.290937308746164,-0.290937308746164,0.873215188634693,-0.873215188634693,-0.479065641516007,0.479065641516007,-2.25268102143626,2.25268102143626,0.734144085088516,-0.734144085088516,0.890403563528976,-0.890403563528976,0.683309569568219,-0.683309569568219,0.864290511405129,-0.864290511405129,-0.500958976226602,0.500958976226602,-0.464215276051533,0.464215276051533,0.996768058089033,-0.996768058089033,0.195764947478445,-0.195764947478445,0.94716203451478,-0.94716203451478,0.385306823009821,-0.385306823009821,0.331140781189105,-0.331140781189105,0.755574824666835,-0.755574824666835,0.500905492496168,-0.500905492496168,1.6323699370588,-1.6323699370588,-0.289243629406714,0.289243629406714,1.86969495698943,-1.86969495698943,-0.684989973193186,0.684989973193186,-0.32978949223565,0.32978949223565,-0.472735128122169,0.472735128122169,-0.315648966891525,0.315648966891525,-0.794161621718763,0.794161621718763,0.317578426497967,-0.317578426497967,-0.654295985715897,0.654295985715897,0.125669049834233,-0.125669049834233,-0.470276039226725,0.470276039226725,-0.52984669738859,0.52984669738859,-0.661799508270715,0.661799508270715,-0.0263780694196649,0.0263780694196649,-0.193073965672412,0.193073965672412,-0.350084615970261,0.350084615970261,-0.372089932663455,0.372089932663455,-1.73392420779035,1.73392420779035,0.570983860851175,-0.570983860851175,0.265418237415804,-0.265418237415804,-0.138935460909231,0.138935460909231,0.216234020197645,-0.216234020197645,0.622638326226213,-0.622638326226213,-0.494710795238285,0.494710795238285,1.17943593862823,-1.17943593862823,0.505449759859143,-0.505449759859143,-0.422027769023361,0.422027769023361,-0.0760796828550024,0.0760796828550024,0.85455880654066,-0.85455880654066,-0.452584646572354,0.452584646572354,0.482109073862946,-0.482109073862946,-0.955545570592027,0.955545570592027,-0.447380421008946,0.447380421008946,-0.234382034626434,0.234382034626434,0.498570007722931,-0.498570007722931,-0.388650649247484,0.388650649247484,0.417028010635729,-0.417028010635729,-0.876441207051981,0.876441207051981,0.102974614155801,-0.102974614155801,0.533093847465955,-0.533093847465955,0.833334259463454,-0.833334259463454,-0.187634527657588,0.187634527657588,-0.372713001278207,0.372713001278207,0.201749212617795,-0.201749212617795,1.88186246357428,-1.88186246357428,1.44123085756721,-1.44123085756721,-1.42874257996438,1.42874257996438,-1.13639027649168,1.13639027649168,0.805384224209965,-0.805384224209965,0.254548336563904,-0.254548336563904,0.190570563466591,-0.190570563466591,-1.22070788837401,1.22070788837401,0.33152739027755,-0.33152739027755,-0.450712066026606,0.450712066026606,-1.50276276351265,1.50276276351265,-1.12098479988295,1.12098479988295,0.864076559273256,-0.864076559273256,0.297301322152946,-0.297301322152946,-0.376971043796016,0.376971043796016,0.811778298843698,-0.811778298843698,-0.83196862346261,0.83196862346261
-0.740331219063361,0.740331219063361,-0.789975675318173,0.789975675318173,0.448012708153275,-0.448012708153275,0.706110885919422,-0.706110885919422,-0.43707684122131,0.43707684122131,0.6794090146647,-0.6794090146647,-1.13812428543763,1.13812428543763,-0.636285388500565,0.636285388500565,-0.870515730707889,0.870515730707889,-0.254890130140357,0.254890130140357,-2.90012735922695,2.90012735922695,0.432196325800688,-0.432196325800688,1.11683720180785,-1.11683720180785,0.826123336627337,-0.826123336627337,0.543802681671939,-0.543802681671939,-0.719337803766738,0.719337803766738,0.484275689912136,-0.484275689912136,0.135820901457558,-0.135820901457558,1.35908158737196,-1.35908158737196,-0.0785852292859371,0.0785852292859371,0.160469978857316,-0.160469978857316,0.0428472804753361,-0.0428472804753361,-2.79081808591964,2.79081808591964,-1.56794463839931,1.56794463839931,1.46912756292919,-1.46912756292919,-2.7315303922287,2.7315303922287,1.20719977654133,-1.20719977654133,-0.173334937481774,0.173334937481774,-1.28798651393303,1.28798651393303,-0.0719860802090875,0.0719860802090875,1.36045185032915,-1.36045185032915,-0.596440280852305,0.596440280852305,-1.08256337371034,1.08256337371034,-2.28061351379578,2.28061351379578,1.86128671127617,-1.86128671127617,-0.038295035124752,0.038295035124752,0.304498635937668,-0.304498635937668,-0.122886899389189,0.122886899389189,-0.0116811448438344,0.0116811448438344,0.14113352334435,-0.14113352334435,1.20201654210917,-1.20201654210917,0.534682300457361,-0.534682300457361,1.99713623033522,-1.99713623033522,0.370295678904073,-0.370295678904073,-0.0180607081203654,0.0180607081203654,1.33722689218897,-1.33722689218897,-0.230950192298181,0.230950192298181,-0.027187673848357,0.027187673848357,-0.565240237301041,0.565240237301041,-0.524173357191559,0.524173357191559,0.319255214078385,-0.319255214078385,1.46992435638478,-1.46992435638478,-0.360704372745497,0.360704372745497,0.43398371038748,-0.43398371038748,-0.16384033914223,0.16384033914223,0.197308652042365,-0.197308652042365,0.486575023412849,-0.486575023412849,-0.321663819039808,0.321663819039808,-0.720728408075739,0.720728408075739,0.0413552115429113,-0.0413552115429113,-0.337002555540174,0.337002555540174,-0.589811480328977,0.589811480328977,1.53849397986202,-1.53849397986202,-1.00482474400988,1.00482474400988,0.784931238709246,-0.784931238709246,1.69574177863015,-1.69574177863015,-0.85350378545114,0.85350378545114,0.343438864492168,-0.343438864492168,1.41119547318801,-1.41119547318801,-0.225790513297533,0.225790513297533,0.0750012547131505,-0.0750012547131505,-1.06811690237118,1.06811690237118,-0.113744358217439,0.113744358217439,0.582100702793178,-0.582100702793178,0.407450812747575,-0.407450812747575,0.472158858527993,-0.472158858527993,1.66085094302336,-1.66085094302336,1.08185096612655,-1.08185096612655,0.801196296439019,-0.801196296439019,0.104971973992623,-0.104971973992623,0.646446863041092,-0.646446863041092,0.126546241971856,-0.126546241971856,0.299556210251646,-0.299556210251646,-1.24300288953456,1.24300288953456,-0.731122324507591,0.731122324507591,0.412477198088022,-0.412477198088022,0.0798291622793227,-0.0798291622793227,0.272656738450379,-0.272656738450379,1.28942378222917,-1.28942378222917,0.167365053454396,-0.167365053454396,-0.174346471930611,0.174346471930611,0.487137917753841,-0.487137917753841,-0.198830102437301,0.198830102437301,-0.260331150527186,0.260331150527186,-1.44823731846496,1.44823731846496,0.126781769686629,-0.126781769686629,-0.805088324074136,0.805088324074136,1.57711269079819,-1.57711269079819,-0.0511878795152271,0.0511878795152271,0.574556227480648,-0.574556227480648,-0.158600020285801,0.158600020285801,-0.149669147772454,0.149669147772454,-1.30038895151229,1.30038895151229,0.913526878444674,-0.913526878444674,-0.563074459399126,0.563074459399126,-1.25819976833785,1.25819976833785,0.478725395303052,-0.478725395303052,0.77501500113782,-0.77501500113782,-2.11723096143238,2.11723096143238,1.40411266282496,-1.40411266282496,0.396651092186083,-0.396651092186083,-0.848755606742566,0.848755606742566,0.711260008032099,-0.711260008032099,0.119151019578649,-0.119151019578649,0.164592629522685,-0.164592629522685,0.0691491681171628,-0.0691491681171628,-0.416768303959513,0.416768303959513,-0.844771703678632,0.844771703678632,0.247638772808202,-0.247638772808202,1.00593633701541,-1.00593633701541,-0.117773315083304,0.117773315083304,-0.329091882628788,0.329091882628788,1.15938083799223,-1.15938083799223,1.30441143762207,-1.30441143762207,-2.35442673222955,2.35442673222955,-1.24191329945559,1.24191329945559,-0.688136131415475,0.688136131415475,0.0655852735025439,-0.0655852735025439,-0.516071069382816,0.516071069382816,-1.36098657384628,1.36098657384628,0.035214872095717,-0.035214872095717,0.824145917550999,-0.824145917550999,1.72462103779999,-1.72462103779999,-0.075483571033974,0.075483571033974,1.30998114571868,-1.30998114571868,-0.369150330633117,0.369150330633117,1.24275899426697,-1.24275899426697,-0.477233182332088,0.477233182332088,-1.34679244745673,1.34679244745673,0.0685803834463612,-0.0685803834463612,-1.43245994833721,1.43245994833721,0.75178224240658,-0.75178224240658,-0.120993352679377,0.120993352679377,0.290465577352454,-0.290465577352454,-0.653834455770105,0.653834455770105,1.11433248573742,-1.11433248573742,0.0660921681030997,-0.0660921681030997,0.548142305739572,-0.548142305739572,0.66118627764497,-0.66118627764497,-1.65582683323018,1.65582683323018,0.0709217171339544,-0.0709217171339544,-1.07806562695444,1.07806562695444,2.64556255942794,-2.64556255942794,2.04367515714,-2.04367515714,-0.441506451347281,0.441506451347281,1.17975118764906,-1.17975118764906,0.551561238312232,-0.551561238312232,0.724069599192325,-0.724069599192325,0.478736853817903,-0.478736853817903,-1.4791211066578,1.4791211066578,-0.331922132193198,0.331922132193198,-2.46077501755516,2.46077501755516,-0.477625503494623,0.477625503494623,0.679054259381716,-0.679054259381716,-0.893113475116667,0.893113475116667,-0.815879051233173,0.815879051233173,-0.537909797869822,0.537909797869822,0.716271986915871,-0.716271986915871,-0.730216828390136,0.730216828390136,1.389473237727,-1.389473237727,-1.01624287160003,1.01624287160003,0.504216408714398,-0.504216408714398,-1.02707204387188,1.02707204387188,1.3334071279913,-1.3334071279913,-0.320730032436307,0.320730032436307,0.134452321531984,-0.134452321531984,0.473238989104086,-0.473238989104086,0.55408669071383,-0.55408669071383,0.316829570850661,-0.316829570850661,1.52406650788535,-1.52406650788535,-1.14829626774205,1.14829626774205,-1.3010352828634,1.3010352828634,1.92544331873795,-1.92544331873795,-0.853340743303305,0.853340743303305,-0.303912439263922,0.303912439263922,-0.129207513241115,0.129207513241115,-0.159626918999282,0.159626918999282,2.15124427137416,-2.15124427137416,-0.10147859131562,0.10147859131562,0.0260448449551638,-0.0260448449551638,-0.386005877126946,0.386005877126946,1.05207447554692,-1.05207447554692,-2.4343862996783,2.4343862996783,0.382321520360668,-0.382321520360668,1.5734510762027,-1.5734510762027,-2.14983353288894,2.14983353288894,2.20014515744536,-2.20014515744536,-0.45985833519008,0.45985833519008,1.2549143153137,-1.2549143153137,-1.35886948659869,1.35886948659869,0.38697981130713,-0.38697981130713,0.402092207014991,-0.402092207014991,-0.113237576746573,0.113237576746573,-1.13558821953551,1.13558821953551,1.40951463455081,-1.40951463455081,0.190895862266265,-0.190895862266265,1.59080655066212,-1.59080655066212,0.126281568907675,-0.126281568907675,0.863233764849392,-0.863233764849392,-1.12812225364188,1.12812225364188,-0.148946379344299,0.148946379344299,-0.163050701764496,0.163050701764496,-0.630283856917593,0.630283856917593,0.599223957899998,-0.599223957899998,-0.276498490656734,0.276498490656734,0.530518885932739,-0.530518885932739,-1.02592266232256,1.02592266232256,-0.250716238536413,0.250716238536413,1.81265042603782,-1.81265042603782,0.180587704181108,-0.180587704181108,1.22049513793247,-1.22049513793247,-0.543036536831545,0.543036536831545,-0.833001120400499,0.833001120400499,-0.312730994453893,0.312730994453893,-0.145099307653117,0.145099307653117,0.460324540923782,-0.460324540923782,0.100268044597995,-0.100268044597995,-0.731338608754972,0.731338608754972,-1.06690806547509,1.06690806547509,-0.551716069241731,0.551716069241731,0.694728554049882,-0.694728554049882,0.218954339069184,-0.218954339069184,0.152393588101702,-0.152393588101702,2.10673477662533,-2.10673477662533,0.244278701770314,-0.244278701770314,0.172027128217734,-0.172027128217734,-2.22075059742871,2.22075059742871,2.16883751812906,-2.16883751812906,-1.6713016579199,1.6713016579199,-0.454511331241636,0.454511331241636,0.694934097801533,-0.694934097801533,0.110516634277281,-0.110516634277281,0.616520010259764,-0.616520010259764,-0.186860938391738,0.186860938391738,1.31732573059513,-1.31732573059513,-2.10530013003762,2.10530013003762,1.17195536854752,-1.17195536854752,1.26092337120318,-1.26092337120318,-0.24200587689316,0.24200587689316,-0.653647890256716,0.653647890256716,-0.190017905748165,0.190017905748165,1.44745450746195,-1.44745450746195,-0.313684938808479,0.313684938808479,-0.197890443442385,0.197890443442385,0.586682345319524,-0.586682345319524,0.516814109692547,-0.516814109692547,-0.261586934730802,0.261586934730802,-2.45208775895535,2.45208775895535,-0.488876358213992,0.488876358213992,2.01384819182698,-2.01384819182698,-0.755875283980161,0.755875283980161,0.341953704960118,-0.341953704960118,0.702512577606813,-0.702512577606813,-1.52536187897683,1.52536187897683,0.517654249852092,-0.517654249852092,1.90497411148478,-1.90497411148478,-0.937144824561046,0.937144824561046,-1.00736367215422,1.00736367215422,-0.759338418857464,0.759338418857464,-0.126220122789676,0.126220122789676,0.0979448433188432,-0.0979448433188432,-3.12836319455389,3.12836319455389,-0.266441137457802,0.266441137457802,0.153037797403983,-0.153037797403983,-0.499026841174464,0.499026841174464,1.17964303177867,-1.17964303177867,-1.18117086719881,1.18117086719881,-0.726193032872707,0.726193032872707,0.0271804959930585,-0.0271804959930585,-0.763635171169161,0.763635171169161,-0.881920405741053,0.881920405741053,-0.406154109955631,0.406154109955631,0.178970704733682,-0.178970704733682,-1.87501060030018,1.87501060030018,0.18676527013088,-0.18676527013088,1.89900594735436,-1.89900594735436,-1.22755612432773,1.22755612432773,0.69833927987373,-0.69833927987373,-0.29233364251045,0.29233364251045,0.162938764137133,-0.162938764137133,1.96134308972093,-1.96134308972093,-0.0601316131946857,0.0601316131946857,0.198531993892097,-0.198531993892097,1.01347479291952,-1.01347479291952,-1.61755274644549,1.61755274644549,-0.0267008855766715,0.0267008855766715,-0.946749022466888,0.946749022466888,0.503066959282553,-0.503066959282553,0.52805678383843,-0.52805678383843,0.0465212645085815,-0.0465212645085815,0.326420023299401,-0.326420023299401,-1.04373459936365,1.04373459936365,-0.162360263131878,0.162360263131878,0.203533012309524,-0.203533012309524,1.01577356486396,-1.01577356486396,-0.708742366515921,0.708742366515921,0.6074986161308,-0.6074986161308,0.88271446619383,-0.88271446619383,-0.275146127246955,0.275146127246955,1.83865954786775,-1.83865954786775,0.249373228359932,-0.249373228359932,-0.411628379007978,0.411628379007978,0.807207183347193,-0.807207183347193,-1.76256737845476,1.76256737845476,-0.523759461545971,0.523759461545971,0.998371228727101,-0.998371228727101,-1.52856181928591,1.52856181928591,0.12091569440803,-0.12091569440803,-1.59373701653734,1.59373701653734,0.697835167027785,-0.697835167027785,-0.54713903171157,0.54713903171157,0.111574280791042,-0.111574280791042,-0.507676437330347,0.507676437330347,-2.27654656297749,2.27654656297749,-0.438310310199032,0.438310310199032,1.24406891231779,-1.24406891231779,-0.613566389021817,0.613566389021817,0.399061984091951,-0.399061984091951,1.37920049467711,-1.37920049467711,-0.394566452379274,0.394566452379274,0.626557020296584,-0.626557020296584,-0.850406171007673,0.850406171007673,0.516837867339685,-0.516837867339685,-0.323338225420631,0.323338225420631,0.384866970866139,-0.384866970866139,-0.420321604762782,0.420321604762782,-0.973082305392373,0.973082305392373,-0.638401809540162,0.638401809540162,1.51282191440205,-1.51282191440205,2.57533564046291,-2.57533564046291,-1.90280313274744,1.90280313274744,0.486754456509548,-0.486754456509548,-0.641022839581566,0.641022839581566,-1.97769445807592,1.97769445807592,-1.48810003765538,1.48810003765538,0.841468385676737,-0.841468385676737,-1.23141847978913,1.23141847978913,-0.945343214581535,0.945343214581535,0.98238894196761,-0.98238894196761,0.0221297759950118,-0.0221297759950118,-0.432025106977881,0.432025106977881,-0.520581475408532,0.520581475408532,0.65993955345782,-0.65993955345782,0.0306130796530936,-0.0306130796530936,0.970751235294491,-0.970751235294491,0.19835768902627,-0.19835768902627,-1.95627666227396,1.95627666227396,-0.461953769239823,0.461953769239823,0.279722233008643,-0.279722233008643,0.0037796110591434,-0.0037796110591434,-0.183160619092568,0.183160619092568,-1.66717022217745,1.66717022217745,1.22890526647122,-1.22890526647122,0.712168786449347,-0.712168786449347,-0.0863618781066646,0.0863618781066646,-0.211714728104031,0.211714728104031,1.24270819612378,-1.24270819612378,-0.0097370866415103,0.0097370866415103,0.154247236730224,-0.154247236730224,-0.552838630832419,0.552838630832419,-0.0411011041992413,0.0411011041992413,0.135228597749191,-0.135228597749191,-0.95112909547256,0.95112909547256,-0.47629180046608,0.47629180046608,-0.848255206880187,0.848255206880187,0.0622510355216079,-0.0622510355216079,-0.781255854510055,0.781255854510055,0.220250909335319,-0.220250909335319,1.1620336374628,-1.1620336374628,-0.90664938712086,0.90664938712086,-0.276496875651787,0.276496875651787,-1.88335481091777,1.88335481091777,-1.05570304118156,1.05570304118156,1.80270617279063,-1.80270617279063,-0.158192643969112,0.158192643969112,-1.58792122344328,1.58792122344328,0.578890329506791,-0.578890329506791,0.12007862371276,-0.12007862371276,-1.33314456632963,1.33314456632963,0.308953491548282,-0.308953491548282,0.209787808169925,-0.209787808169925,-1.57726945751144,1.57726945751144,0.939467136055002,-0.939467136055002,-0.771600275656773,0.771600275656773,0.703925053384301,-0.703925053384301,-2.53473787019035,2.53473787019035,1.01580825021634,-1.01580825021634,-0.770475070254047,0.770475070254047,-0.987247384569369,0.987247384569369,-0.417908305464542,0.417908305464542,0.881416080574195,-0.881416080574195,0.461369962974824,-0.461369962974824,1.09767554349233,-1.09767554349233,0.885709935948803,-0.885709935948803,0.694456465763469,-0.694456465763469,-0.221584413582927,0.221584413582927,1.30094207216463,-1.30094207216463,-1.35564030642739,1.35564030642739,-0.0286857315394036,0.0286857315394036,-0.541780924052968,0.541780924052968,-2.23399569368123,2.23399569368123,1.25962095005157,-1.25962095005157,2.23469699073912,-2.23469699073912,-0.533243531971401,0.533243531971401,0.950781576167131,-0.950781576167131,-0.44017163146645,0.44017163146645,1.6848278249981,-1.6848278249981,-0.218380767840711,0.218380767840711,-1.26521463133852,1.26521463133852,-0.725356268857263,0.725356268857263,-0.574801821047662,0.574801821047662,-0.199838550990219,0.199838550990219,1.22569519583966,-1.22569519583966,-1.26513447130556,1.26513447130556,1.41753593451705,-1.41753593451705,-1.43577813270365,1.43577813270365,-0.781350383823521,0.781350383823521,0.600094254438873,-0.600094254438873,-0.79507208996177,0.79507208996177,-0.111671248657507,0.111671248657507,-1.33420663569529,1.33420663569529,-1.03810515368887,1.03810515368887,0.129486636127466,-0.129486636127466,0.224900658527055,-0.224900658527055,1.20981558064918,-1.20981558064918,-1.51557531117108,1.51557531117108,0.0405811661740596,-0.0405811661740596,0.449739926884735,-0.449739926884735,-0.475936767373431,0.475936767373431,-1.37229977997666,1.37229977997666,-0.564978305858115,0.564978305858115,0.245775458542875,-0.245775458542875,-0.824804448163077,0.824804448163077,0.0958103613573119,-0.0958103613573119,-0.546566829202695,0.546566829202695,-0.203165425285226,0.203165425285226,0.134383930171848,-0.134383930171848,0.773690856083621,-0.773690856083621,1.27861708961128,-1.27861708961128,-0.739208402587786,0.739208402587786,-2.11129476005977,2.11129476005977,-1.01426712442072,1.01426712442072,-0.134142321109598,0.134142321109598,0.519925684807699,-0.519925684807699,0.509966931248196,-0.509966931248196,0.0298599185486798,-0.0298599185486798,-0.416974640369121,0.416974640369121,-0.0833278787665462,0.0833278787665462,-0.986098327504793,0.986098327504793,1.84732084217617,-1.84732084217617,0.60314955541318,-0.60314955541318,-0.770849754099586,0.770849754099586,1.92218794678735,-1.92218794678735,-0.186992040917836,0.186992040917836,-0.271893879507078,0.271893879507078,-0.979133739243554,0.979133739243554,1.26375468711611,-1.26375468711611,0.373202911285308,-0.373202911285308,0.411823729562061,-0.411823729562061,-0.798075064673353,0.798075064673353,-0.129331446672585,0.129331446672585,0.826301844706956,-0.826301844706956,1.48070214562092,-1.48070214562092,0.899220549626909,-0.899220549626909,0.833768730349293,-0.833768730349293,-0.85206115367258,0.85206115367258,-1.56041198856989,1.56041198856989,-1.49526920441759,1.49526920441759,3.01686009642081,-3.01686009642081,-0.266435387814199,0.266435387814199,-0.478763457997604,0.478763457997604,-0.00872931943681808,0.00872931943681808,-0.415699761226876,0.415699761226876,-0.350098220525053,0.350098220525053,0.22598129108375,-0.22598129108375,0.138440236449146,-0.138440236449146,0.249770509842007,-0.249770509842007,-0.724175431809881,0.724175431809881,-0.392174127115746,0.392174127115746,1.6623744814634,-1.6623744814634,0.402378692820924,-0.402378692820924,-0.250039143331193,0.250039143331193,-1.05618117402749,1.05618117402749,0.947790973877432,-0.947790973877432,-1.55000754472906,1.55000754472906,0.224136271355192,-0.224136271355192,0.613823413544612,-0.613823413544612,0.13359246957527,-0.13359246957527,-0.212228583862989,0.212228583862989,0.974051407772858,-0.974051407772858,-1.46152492833845,1.46152492833845,-0.263554680367372,0.263554680367372,1.79037680482992,-1.79037680482992,0.236697634676404,-0.236697634676404,0.266835751361009,-0.266835751361009,-0.0517536382376601,0.0517536382376601,0.540214438177761,-0.540214438177761,-0.936000262561961,0.936000262561961,-0.0949240662458754,0.0949240662458754,-1.94640059292674,1.94640059292674,-0.175328408447886,0.175328408447886,0.249302233216583,-0.249302233216583,-2.195206802658,2.195206802658,0.662082289373886,-0.662082289373886,-0.216650489571857,0.216650489571857,-1.58290181180395,1.58290181180395,1.10221718265824,-1.10221718265824,-1.12642438659046,1.12642438659046,0.264792031883738,-0.264792031883738,-0.113275000706938,0.113275000706938,-0.796394502348876,0.796394502348876,0.173668346188848,-0.173668346188848,0.281317368510306,-0.281317368510306,0.343351347705395,-0.343351347705395,0.910969364478405,-0.910969364478405,-0.0638226733368846,0.0638226733368846,0.720564278748556,-0.720564278748556,-0.393612753561126,0.393612753561126,0.748926006317405,-0.748926006317405,-1.07617086159488,1.07617086159488,0.0597369916180127,-0.0597369916180127,1.66095826575827,-1.66095826575827,-0.782370038761372,0.782370038761372,0.385789912723252,-0.385789912723252,-1.11847228952138,1.11847228952138,-0.483945783639854,0.483945783639854,0.290305633208561,-0.290305633208561,0.567829488710418,-0.567829488710418,1.81658759207634,-1.81658759207634,1.70078062936423,-1.70078062936423,0.450108007126763,-0.450108007126763,-0.42448295109024,0.42448295109024,-0.212011316242147,0.212011316242147,1.23794030864051,-1.23794030864051,-1.95783186243369,1.95783186243369,-0.385705747972479,0.385705747972479,1.09007557114099,-1.09007557114099,-0.0629947307720615,0.0629947307720615,0.091316814141271,-0.091316814141271,-0.832741086726191,0.832741086726191,0.64884428429546,-0.64884428429546,1.90942084764074,-1.90942084764074,0.656915179791392,-0.656915179791392,-0.652999941800833,0.652999941800833,-0.187222511934997,0.187222511934997,0.559233896347051,-0.559233896347051,0.956446640113934,-0.956446640113934,0.0232490667312731,-0.0232490667312731,0.882216727828076,-0.882216727828076,0.690337384740125,-0.690337384740125,-0.944950323571931,0.944950323571931,1.89181458955374,-1.89181458955374,-1.11414197245081,1.11414197245081,0.9343033353289,-0.9343033353289,-0.850331026861962,0.850331026861962,-0.0308286757930484,0.0308286757930484,-1.67640914584283,1.67640914584283,-0.816493061922187,0.816493061922187,0.966717838112222,-0.966717838112222,-0.671911113907409,0.671911113907409,0.19273078191449,-0.19273078191449,2.30465820802994,-2.30465820802994,0.509580198204262,-0.509580198204262,1.20442130896717,-1.20442130896717,-0.464365038886059,0.464365038886059,0.799567099418904,-0.799567099418904,2.81080280929941,-2.81080280929941,0.758022568026446,-0.758022568026446,0.927267958094868,-0.927267958094868,0.322209175407319,-0.322209175407319,-0.474003388639331,0.474003388639331,0.703261786856665,-0.703261786856665,2.26652878479388,-2.26652878479388,-0.00297596289699882,0.00297596289699882,2.50701398013221,-2.50701398013221,-0.987842384377823,0.987842384377823,-0.0616211218943684,0.0616211218943684,0.3790061519916,-0.3790061519916,0.33042678142495,-0.33042678142495,-1.77399881494401,1.77399881494401,0.142009395142936,-0.142009395142936,0.0522833146795051,-0.0522833146795051,-0.98729154384552,0.98729154384552,-1.02420636179178,1.02420636179178,-0.355221681951184,0.355221681951184,0.246743833511093,-0.246743833511093,0.365036562821658,-0.365036562821658,-0.4176946097276,0.4176946097276,-0.300131366066525,0.300131366066525,0.351685656668617,-0.351685656668617,-1.8671881020265,1.8671881020265,0.115788536854521,-0.115788536854521,-1.14454448720249,1.14454448720249,0.838076843590861,-0.838076843590861,1.07094290296496,-1.07094290296496,0.907186662971015,-0.907186662971015,-0.614591220305424,0.614591220305424,0.130442686901938,-0.130442686901938,-1.25693252898854,1.25693252898854,-0.245848744550948,0.245848744550948,0.305650869920735,-0.305650869920735,2.24697078932734,-2.24697078932734,0.186915927947242,-0.186915927947242,1.24666424349695,-1.24666424349695,-0.0962268986581333,0.0962268986581333,-0.279114427731012,0.279114427731012,-0.178083723563619,0.178083723563619,-1.22366472008432,1.22366472008432,-0.366902649081244,0.366902649081244,0.23909150706658,-0.23909150706658,1.18730747448648,-1.18730747448648,0.93564976474186,-0.93564976474186,0.439544421559483,-0.439544421559483,0.0248271823404488,-0.0248271823404488,-0.253631349525692,0.253631349525692,-0.336471274300472,0.336471274300472,-2.15151243841166,2.15151243841166,0.00345872845805123,-0.00345872845805123,1.4398097290161,-1.4398097290161,-1.56889929541854,1.56889929541854,1.92148838901567,-1.92148838901567,0.220735456295035,-0.220735456295035,-1.33278010861525,1.33278010861525,0.745157901070591,-0.745157901070591,-0.742201075119775,0.742201075119775,-0.395313851579073,0.395313851579073,-0.355859418632382,0.355859418632382,0.281174477293549,-0.281174477293549,-0.391803087395624,0.391803087395624,-0.362140408247859,0.362140408247859,1.59500664987564,-1.59500664987564,0.209749891218187,-0.209749891218187,0.468698713122425,-0.468698713122425,2.28470346101984,-2.28470346101984,0.510656901369818,-0.510656901369818,-0.934549930003526,0.934549930003526,-0.506858966431359,0.506858966431359,0.0114477865204408,-0.0114477865204408,1.97163244256759,-1.97163244256759,0.6487040939609,-0.6487040939609,-0.446476185807849,0.446476185807849,-1.57897340415298,1.57897340415298,-0.802986416803801,0.802986416803801,0.54082612658265,-0.54082612658265,1.12604906258047,-1.12604906258047,-0.404538816642409,0.404538816642409,0.866810513197977,-0.866810513197977,0.360778119954732,-0.360778119954732,-1.72789017806456,1.72789017806456,-0.974741264201905,0.974741264201905,-0.603590736214561,0.603590736214561,1.22653354527837,-1.22653354527837,-0.535593118168759,0.535593118168759,-1.43370079387311,1.43370079387311,0.599896474307889,-0.599896474307889,0.888093446852337,-0.888093446852337,0.37169772255074,-0.37169772255074,0.573812165361958,-0.573812165361958,0.641747199566837,-0.641747199566837,-1.70355691552368,1.70355691552368,0.0572358569909539,-0.0572358569909539,-0.781062838308407,0.781062838308407,-1.35068062094507,1.35068062094507,-3.83597710166255,3.83597710166255,0.546982319361638,-0.546982319361638,1.41484668785981,-1.41484668785981,0.00368726018442611,-0.00368726018442611,0.218463439039227,-0.218463439039227,0.469829813150985,-0.469829813150985,-1.52573809902685,1.52573809902685,0.978439831110174,-0.978439831110174,1.0279847943421,-1.0279847943421,0.55960380466304,-0.55960380466304,0.139568315913893,-0.139568315913893,-0.588870575673992,0.588870575673992,-0.533975438628624,0.533975438628624,0.267928214824178,-0.267928214824178,0.673629950725435,-0.673629950725435,-3.31730137854524,3.31730137854524,1.25644469588882,-1.25644469588882,0.197949786793968,-0.197949786793968,0.00296207101092274,-0.00296207101092274,-1.1023851441654,1.1023851441654,1.54440344292092,-1.54440344292092,-0.220400958257152,0.220400958257152,1.21717175315062,-1.21717175315062,-0.242993508161742,0.242993508161742,-0.0601604522088453,0.0601604522088453,-0.265424215188231,0.265424215188231,0.186800632434125,-0.186800632434125,-0.826445803836153,0.826445803836153,0.721168816965543,-0.721168816965543,-0.628732491490634,0.628732491490634,-0.655443835643674,0.655443835643674,0.771704651201971,-0.771704651201971,-0.200274702820886,0.200274702820886,1.01722465242586,-1.01722465242586,0.500187380929194,-0.500187380929194,-0.780429765135521,0.780429765135521,0.496039756822506,-0.496039756822506,0.209553175443179,-0.209553175443179,-0.511431233842463,0.511431233842463,0.815339829981553,-0.815339829981553,0.831772983108469,-0.831772983108469,0.49006350019196,-0.49006350019196,-0.469658670494783,0.469658670494783,1.37312045695642,-1.37312045695642,-0.635503184100784,0.635503184100784,-0.750740696083644,0.750740696083644,-0.538767918446631,0.538767918446631,0.689582216481476,-0.689582216481476,0.350636328686758,-0.350636328686758,-0.373421613702751,0.373421613702751,-0.166166364508088,0.166166364508088,0.895069031041977,-0.895069031041977,-0.799748865741681,0.799748865741681,-0.306525260258734,0.306525260258734,1.10623584747233,-1.10623584747233,0.0333106237390982,-0.0333106237390982,3.18370127672444,-3.18370127672444,-0.644176706546981,0.644176706546981,0.250187850919192,-0.250187850919192,0.0564537494187825,-0.0564537494187825,-0.589526971741586,0.589526971741586,0.303573114561153,-0.303573114561153,-0.746918594858755,0.746918594858755,1.62481465183561,-1.62481465183561,-0.26735435863649,0.26735435863649,-0.246531258908538,0.246531258908538,-0.528418949091912,0.528418949091912,0.320254395457724,-0.320254395457724,1.8076698366382,-1.8076698366382,1.90244770000741,-1.90244770000741,-2.26913376718759,2.26913376718759,0.559769118965226,-0.559769118965226,-1.60719792233325,1.60719792233325,-0.754750626702235,0.754750626702235,-1.683081154073,1.683081154073,0.0652147768361323,-0.0652147768361323,0.489534419571693,-0.489534419571693,-0.436578317084402,0.436578317084402,-1.23361804471927,1.23361804471927,0.611604780680115,-0.611604780680115,-0.309490724206157,0.309490724206157,0.999388094292637,-0.999388094292637,-1.41367116370635,1.41367116370635,1.57535929546276,-1.57535929546276,-0.591679463926335,0.591679463926335,-1.05760440793283,1.05760440793283,-0.957424916248975,0.957424916248975,-0.0123213813333986,0.0123213813333986,0.144083830477963,-0.144083830477963,-1.28475588601987,1.28475588601987,-0.103176931279561,0.103176931279561,0.224297165734182,-0.224297165734182,-1.73175330471752,1.73175330471752,-0.364600125901342,0.364600125901342,-0.915535046822218,0.915535046822218,-1.62166467621206,1.62166467621206,-0.601182665545087,0.601182665545087,-0.758993614927852,0.758993614927852,-1.77668102599815,1.77668102599815,-0.555539619018615,0.555539619018615,0.10961711390377,-0.10961711390377,-0.501746812568701,0.501746812568701,2.66947329422084,-2.66947329422084,-0.985227980545355,0.985227980545355,-0.37483109646168,0.37483109646168,0.0667570345306332,-0.0667570345306332,0.415218469403711,-0.415218469403711,0.323998580155654,-0.323998580155654,2.42614442365173,-2.42614442365173,0.345831146042478,-0.345831146042478,-0.758513407757317,0.758513407757317,-1.45126301019385,1.45126301019385,1.27846646128549,-1.27846646128549,0.404527774972591,-0.404527774972591,-0.0254895739598655,0.0254895739598655,-0.335135629395901,0.335135629395901,0.669169742222247,-0.669169742222247,-0.333341234800081,0.333341234800081,1.21245527223227,-1.21245527223227,0.486020357456318,-0.486020357456318,-0.423745502980946,0.423745502980946,0.894792193973079,-0.894792193973079,-0.437999628775779,0.437999628775779,0.990141976846119,-0.990141976846119,-1.5365481834618,1.5365481834618,-0.993587000799429,0.993587000799429,1.15886764559858,-1.15886764559858,1.36187329932692,-1.36187329932692,2.08469001617956,-2.08469001617956,-0.0576165298125405,0.0576165298125405,-0.0176533520022967,0.0176533520022967,0.673410290360188,-0.673410290360188,-1.54421543926885,1.54421543926885,0.306025849298554,-0.306025849298554,0.632955736944305,-0.632955736944305,0.67017750607727,-0.67017750607727,0.488033675957308,-0.488033675957308,1.47087367266991,-1.47087367266991,-1.09865096349879,1.09865096349879,-0.735958018589563,0.735958018589563,1.85986876878089,-1.85986876878089,-0.920429139697381,0.920429139697381,-0.0549729519874644,0.0549729519874644,1.13735492648904,-1.13735492648904,-0.956398512151736,0.956398512151736,0.959006470195525,-0.959006470195525,2.0032927851128,-2.0032927851128,-0.0265449231217251,0.0265449231217251,-0.12969487223677,0.12969487223677,-1.1288498126858,1.1288498126858,0.105144160571704,-0.105144160571704,-2.15718675830721,2.15718675830721,1.29211522631303,-1.29211522631303,-0.994620513132095,0.994620513132095,-1.01899884074788,1.01899884074788,-0.641754619625412,0.641754619625412,-0.156196224457413,0.156196224457413,-1.68708094343854,1.68708094343854,-0.16743557208453,0.16743557208453,0.356711871053689,-0.356711871053689,0.448381373683914,-0.448381373683914,0.473322292655978,-0.473322292655978,-0.917319106067805,0.917319106067805,2.14478738246501,-2.14478738246501,-1.17486100778645,1.17486100778645,0.00408520636646596,-0.00408520636646596,2.03377683638379,-2.03377683638379,-2.43882623649934,2.43882623649934,-0.0637788590278438,0.0637788590278438,-0.773294996118728,0.773294996118728,-2.32048216140722,2.32048216140722,0.108808549513736,-0.108808549513736,-0.263188511514981,0.263188511514981,-1.3706864806002,1.3706864806002,0.741304638791105,-0.741304638791105,-0.267437098917496,0.267437098917496,-0.215760865414707,0.215760865414707,0.109856592769962,-0.109856592769962,-0.564875314642417,0.564875314642417,-1.90640948363139,1.90640948363139,-2.41099042284967,2.41099042284967,-0.0196974939713185,0.0196974939713185,-0.816094799614194,0.816094799614194,-1.55715143604952,1.55715143604952,-0.84388439792198,0.84388439792198,-0.834561621653206,0.834561621653206,-0.821857550812432,0.821857550812432,-0.425550184161986,0.425550184161986,0.426930624241594,-0.426930624241594,-1.45823117132651,1.45823117132651,0.560294511558782,-0.560294511558782,1.18531692562504,-1.18531692562504,0.0473861737316361,-0.0473861737316361,-0.333585028752035,0.333585028752035,0.326645671912443,-0.326645671912443,-0.357950957586958,0.357950957586958,1.3700743804686,-1.3700743804686,0.264696767450177,-0.264696767450177,-0.49506445622438,0.49506445622438,-0.766307947315261,0.766307947315261,0.876597181917137,-0.876597181917137,1.21111425536858,-1.21111425536858,-1.61284428996476,1.61284428996476,-0.134732792992887,0.134732792992887,-1.10945685537485,1.10945685537485,0.631746521480535,-0.631746521480535,0.960790497924989,-0.960790497924989,-0.0356167525991359,0.0356167525991359,0.602428203833581,-0.602428203833581,0.852275905074453,-0.852275905074453,-0.0397761696976763,0.0397761696976763,0.483283113375378,-0.483283113375378,-0.700848040613645,0.700848040613645,-0.0318783029662017,0.0318783029662017,-0.870782484507235,0.870782484507235,-0.690484692028103,0.690484692028103,-0.345038441036558,0.345038441036558,0.363417485086468,-0.363417485086468,1.28571351214477,-1.28571351214477,0.617750236563348,-0.617750236563348,-0.0420052950667885,0.0420052950667885,-0.508607020087616,0.508607020087616,-1.35812292552367,1.35812292552367,-0.145517281083521,0.145517281083521,2.7016738450058,-2.7016738450058,1.02653009135875,-1.02653009135875,0.176286986839564,-0.176286986839564,-0.875717991103715,0.875717991103715,-1.52733823322834,1.52733823322834,0.886327454516938,-0.886327454516938,0.303662035815765,-0.303662035815765,-0.00690952610406735,0.00690952610406735,-1.78144835464877,1.78144835464877,-0.975843259664782,0.975843259664782,-0.647561891622406,0.647561891622406,0.375663328135818,-0.375663328135818,-0.719468394039933,0.719468394039933,-0.379591671340986,0.379591671340986,-0.210341302933852,0.210341302933852,-1.12577116806631,1.12577116806631,-0.843662568799755,0.843662568799755,-0.162988699093507,0.162988699093507,-1.48363697426236,1.48363697426236,2.06639253855197,-2.06639253855197,0.991448916853474,-0.991448916853474,0.697136947229276,-0.697136947229276,0.93695363042241,-0.93695363042241,0.0539046455258624,-0.0539046455258624,0.860539340482779,-0.860539340482779,1.07336565480989,-1.07336565480989,-0.226375667101982,0.226375667101982,1.04257734155956,-1.04257734155956,-0.783593364539074,0.783593364539074,0.461696414110296,-0.461696414110296,-2.20448534221503,2.20448534221503,1.12229893797128,-1.12229893797128,0.759384952315086,-0.759384952315086,-0.851924857169654,0.851924857169654,0.50676170853765,-0.50676170853765,-0.260902924128401,0.260902924128401,-0.707532747561296,0.707532747561296,-0.0502106547810324,0.0502106547810324,0.108411182182453,-0.108411182182453,1.6488115155327,-1.6488115155327,2.24223168778891,-2.24223168778891,-1.10615739968279,1.10615739968279,1.58949853927289,-1.58949853927289,1.096457154085,-1.096457154085,-0.2970372722197,0.2970372722197,-0.861858306395121,0.861858306395121,-0.68898076941415,0.68898076941415,-0.589351170556273,0.589351170556273,0.358931493131528,-0.358931493131528,-1.29227909816307,1.29227909816307,0.693438240562195,-0.693438240562195,-2.39188426640392,2.39188426640392,1.37994269644973,-1.37994269644973,-1.31767715863466,1.31767715863466,1.36493994665449,-1.36493994665449,-1.63950253313781,1.63950253313781,1.78575430070524,-1.78575430070524,-0.968199253756274,0.968199253756274,0.657624847228942,-0.657624847228942,0.595754419698995,-0.595754419698995,0.429132103918801,-0.429132103918801,-0.612942854143495,0.612942854143495,-1.38036447466454,1.38036447466454,0.243771387658218,-0.243771387658218,-0.269450376082027,0.269450376082027,-0.0392249205205033,0.0392249205205033,-0.686175066538935,0.686175066538935,0.00987532744372167,-0.00987532744372167,-1.86615128418973,1.86615128418973,0.286842622195185,-0.286842622195185,1.69529544661006,-1.69529544661006,0.752596599231121,-0.752596599231121,-0.176985454170035,0.176985454170035,-0.291253438092613,0.291253438092613,2.17870923964388,-2.17870923964388,-1.23163894198681,1.23163894198681,-1.4903881723546,1.4903881723546,-0.690154589646238,0.690154589646238,1.31224915232804,-1.31224915232804,0.181942506148977,-0.181942506148977,0.501214359713318,-0.501214359713318,-1.17961259824108,1.17961259824108,1.02572261938163,-1.02572261938163,1.21007890544658,-1.21007890544658,-2.29639097878302,2.29639097878302,0.128876482204431,-0.128876482204431,-0.982573744835272,0.982573744835272,-0.970819872342373,0.970819872342373,-0.874674484322845,0.874674484322845,0.0533379423105067,-0.0533379423105067,-0.788705317116949,0.788705317116949,-0.715015705889953,0.715015705889953,0.871521904686408,-0.871521904686408,-1.69405085430521,1.69405085430521,-1.42684012327813,1.42684012327813,0.317099758350775,-0.317099758350775,0.653727565900357,-0.653727565900357,1.02989528587969,-1.02989528587969,2.064025889617,-2.064025889617,-0.0802201071779029,0.0802201071779029,0.445708666986693,-0.445708666986693,-0.377670789524831,0.377670789524831,-0.190863995526673,0.190863995526673,0.589213315288789,-0.589213315288789,0.163083899406457,-0.163083899406457,-1.30629861433879,1.30629861433879,1.45220793104898,-1.45220793104898,0.153152581640765,-0.153152581640765,0.813567785193437,-0.813567785193437,-0.759751160659372,0.759751160659372,-2.10815509121891,2.10815509121891,0.986169737301969,-0.986169737301969,2.54128147161245,-2.54128147161245,0.889220810180994,-0.889220810180994,-1.16478795537135,1.16478795537135,0.233424630310461,-0.233424630310461,0.378005036663893,-0.378005036663893,-0.21482039433315,0.21482039433315,-0.420970942390968,0.420970942390968,-1.55394147460468,1.55394147460468,-0.486074826538148,0.486074826538148,-1.08482327236464,1.08482327236464,1.71891479087989,-1.71891479087989,0.410800344350082,-0.410800344350082,-0.329401138422599,0.329401138422599,0.125370742404517,-0.125370742404517,-0.416754090784041,0.416754090784041,0.77691534874518,-0.77691534874518,-0.363356390641489,0.363356390641489,-1.42997281487744,1.42997281487744,0.663390336607353,-0.663390336607353,0.105530282116365,-0.105530282116365,0.762775598369201,-0.762775598369201,-1.02683310862506,1.02683310862506,0.272272246420084,-0.272272246420084,0.378415270081814,-0.378415270081814,-0.937158452432242,0.937158452432242,-0.941590717019042,0.941590717019042,0.093881210634143,-0.093881210634143,0.61398857529741,-0.61398857529741,-1.06930541498935,1.06930541498935,1.85528816710782,-1.85528816710782,-0.140107741908788,0.140107741908788,0.747533468176508,-0.747533468176508,-0.67758670261147,0.67758670261147,-0.474678420628931,0.474678420628931,1.10448306545485,-1.10448306545485,-1.09709538184845,1.09709538184845,-1.25345820596746,1.25345820596746,-0.576398305043741,0.576398305043741,1.08957172161351,-1.08957172161351,-0.165404250080789,0.165404250080789,-0.176558537185796,0.176558537185796,-0.306236342969338,0.306236342969338,0.0718407895020522,-0.0718407895020522,-1.67114820591401,1.67114820591401,0.597313555603619,-0.597313555603619,2.24889857573909,-2.24889857573909,0.902935859379768,-0.902935859379768,-0.873734593987165,0.873734593987165,-0.507080005775571,0.507080005775571,0.996439591636174,-0.996439591636174,-1.07968713601282,1.07968713601282,0.185534555655623,-0.185534555655623,0.936835826015114,-0.936835826015114,-0.851931794795092,0.851931794795092,-1.83242134540137,1.83242134540137,1.32609617415432,-1.32609617415432,1.55209317075979,-1.55209317075979,-0.130061069238406,0.130061069238406,-0.183665318401593,0.183665318401593,2.55939586731653,-2.55939586731653,-1.15478217462392,1.15478217462392,-0.738080370883948,0.738080370883948,-0.343916340804076,0.343916340804076,-0.338722960169783,0.338722960169783,0.44140530690156,-0.44140530690156,-1.29287472713437,1.29287472713437,-0.120664252593081,0.120664252593081,0.169857168492704,-0.169857168492704,0.381057348776818,-0.381057348776818,0.368090820186624,-0.368090820186624,-0.336841564751842,0.336841564751842,-0.827257037916223,0.827257037916223,0.0546248652267937,-0.0546248652267937,-0.00956636408583607,0.00956636408583607,-0.0515960454834266,0.0515960454834266,0.0543485057761709,-0.0543485057761709,-2.22900824933195,2.22900824933195,0.305227146167833,-0.305227146167833,0.290467489943336,-0.290467489943336,-0.4655839577155,0.4655839577155,-0.320070302337599,0.320070302337599,0.00924754409261976,-0.00924754409261976,-0.551943542262561,0.551943542262561,-1.35815545276145,1.35815545276145,0.592952633176145,-0.592952633176145,-0.817468318218344,0.817468318218344,-0.208592601870431,0.208592601870431,-0.387536225414581,0.387536225414581,0.0176453352057854,-0.0176453352057854,-1.47271523705555,1.47271523705555,-0.796502914584633,0.796502914584633,-1.24869028526704,1.24869028526704,-1.07509692907677,1.07509692907677,0.475392901480303,-0.475392901480303,-1.31302203618203,1.31302203618203,-1.41272787002431,1.41272787002431,-1.04340702126371,1.04340702126371,0.393516366539309,-0.393516366539309,1.46255078378917,-1.46255078378917,0.605119141214612,-0.605119141214612,-0.746719841037392,0.746719841037392,2.72072267435983,-2.72072267435983,0.922272387083761,-0.922272387083761,1.4641155444383,-1.4641155444383,-0.969840887442663,0.969840887442663,1.87804841215764,-1.87804841215764,1.41808742226604,-1.41808742226604,2.44103083805466,-2.44103083805466,0.544125698880446,-0.544125698880446,0.56701816934698,-0.56701816934698,-0.676891709700858,0.676891709700858,1.46900708497934,-1.46900708497934,-1.33792249542818,1.33792249542818,-0.0791373693863001,0.0791373693863001,-1.4577563659193,1.4577563659193,1.11074202500315,-1.11074202500315,0.26492383378863,-0.26492383378863,-0.383405017695055,0.383405017695055,-2.69193896182561,2.69193896182561,-0.184752089903938,0.184752089903938,-1.50479111392842,1.50479111392842,-1.14728180989365,1.14728180989365,-1.67365698767605,1.67365698767605,-0.167650719761363,0.167650719761363,0.689837045937148,-0.689837045937148,0.192166193149178,-0.192166193149178,1.07216963553823,-1.07216963553823,0.681836259789626,-0.681836259789626,-0.747420806385387,0.747420806385387,-0.74709248098233,0.74709248098233,0.211388249676515,-0.211388249676515,1.0549785552056,-1.0549785552056,-2.42053317505309,2.42053317505309,1.68627252720097,-1.68627252720097,-1.66976547624533,1.66976547624533,1.02081358580357,-1.02081358580357,-0.687601971623698,0.687601971623698,0.475871793381073,-0.475871793381073,-0.978117872419714,0.978117872419714,0.482607806133985,-0.482607806133985,1.23089650859311,-1.23089650859311,-0.57011335924045,0.57011335924045,-2.18812776891874,2.18812776891874,-0.308999958914896,0.308999958914896,0.809266454882241,-0.809266454882241,-0.262015208946137,0.262015208946137,-2.07156370278679,2.07156370278679,0.553157418881356,-0.553157418881356,0.0103810104266322,-0.0103810104266322,-1.19461321053504,1.19461321053504,-0.594741093208364,0.594741093208364,-2.18164654268515,2.18164654268515,0.258419945028723,-0.258419945028723,0.355394225869349,-0.355394225869349,0.885701748265605,-0.885701748265605,0.138544367549903,-0.138544367549903,0.500741842141442,-0.500741842141442,-1.07088223033365,1.07088223033365,-1.30016980656899,1.30016980656899,0.731702586890169,-0.731702586890169,0.43840511768687,-0.43840511768687,1.39958183398379,-1.39958183398379,-0.543685306984289,0.543685306984289,-0.531904308004604,0.531904308004604,-0.142660929663455,0.142660929663455,-0.364400214872555,0.364400214872555,-0.867406208616841,0.867406208616841,-1.7477877408879,1.7477877408879,-1.04632396678733,1.04632396678733,-0.549866239288484,0.549866239288484,0.875301058849622,-0.875301058849622,-0.0382668650697608,0.0382668650697608,-0.520858002451756,0.520858002451756,0.940863885585024,-0.940863885585024,-0.980098721730231,0.980098721730231,-1.03226066510086,1.03226066510086,-1.42855234801262,1.42855234801262,-0.809211560602946,0.809211560602946,-0.313284494002205,0.313284494002205,0.204335967781161,-0.204335967781161,-0.305337000289283,0.305337000289283,-0.455126077615894,0.455126077615894,-1.59758786721959,1.59758786721959,-1.24668375235034,1.24668375235034,-0.0560422643552939,0.0560422643552939,-0.328772877638403,0.328772877638403,0.271650760803471,-0.271650760803471,-2.64979009415254,2.64979009415254,-1.54622245785112,1.54622245785112,1.0581708831782,-1.0581708831782,1.4068989558511,-1.4068989558511,0.203294241398914,-0.203294241398914,0.433009188713582,-0.433009188713582,0.687041693464398,-0.687041693464398,-1.26798091982221,1.26798091982221,0.162071790379002,-0.162071790379002,-0.876705374913604,0.876705374913604,-0.0426935061128376,0.0426935061128376,0.716743958230961,-0.716743958230961,0.439508744323059,-0.439508744323059,0.638729009395155,-0.638729009395155,0.249229881049303,-0.249229881049303,0.27364253635085,-0.27364253635085,-1.52112268139331,1.52112268139331,1.23686150866468,-1.23686150866468,-0.0579036200904356,0.0579036200904356,-1.41755401627146,1.41755401627146,-1.7644429051359,1.7644429051359,0.077848175869136,-0.077848175869136,0.244606022663394,-0.244606022663394,-0.855982472506434,0.855982472506434,-0.90396386215343,0.90396386215343,0.653093158023907,-0.653093158023907,0.725525867710214,-0.725525867710214,-0.969096155211728,0.969096155211728,-0.1064673584585,0.1064673584585,1.90874460114507,-1.90874460114507,1.29597323515649,-1.29597323515649,0.299841952930151,-0.299841952930151,-0.628609373114989,0.628609373114989,1.24566819835048,-1.24566819835048,1.12983324047498,-1.12983324047498,-0.110525095134296,0.110525095134296,-0.648587292744661,0.648587292744661,1.10803741038853,-1.10803741038853,-0.803294706540795,0.803294706540795,-0.0036253133573247,0.0036253133573247,0.795260090017027,-0.795260090017027,-0.928096903913309,0.928096903913309,-1.5205777918784,1.5205777918784,-1.23696491803904,1.23696491803904,0.0780758108048796,-0.0780758108048796,-0.134300501567174,0.134300501567174,-0.135930941149135,0.135930941149135,1.92466472962252,-1.92466472962252,-0.27458275479732,0.27458275479732,-0.581191534486589,0.581191534486589,0.982565173660805,-0.982565173660805,0.333525429659315,-0.333525429659315,0.459619338967291,-0.459619338967291,0.215841940854277,-0.215841940854277,-1.95499488646415,1.95499488646415,-0.342454876184383,0.342454876184383,-0.369844016216103,0.369844016216103,-0.337728924275649,0.337728924275649,-0.363261572705419,0.363261572705419,-0.368979975496653,0.368979975496653,0.737499019535964,-0.737499019535964,-0.60901438451057,0.60901438451057,-1.19177480533442,1.19177480533442,-0.496528240307439,0.496528240307439,0.281949427698399,-0.281949427698399,-1.70976732045204,1.70976732045204,0.415157493409808,-0.415157493409808,-0.113148025862086,0.113148025862086,1.30099158945075,-1.30099158945075,-0.290559736075055,0.290559736075055,-0.03327020461699,0.03327020461699,-0.772669859381379,0.772669859381379,0.271368501589062,-0.271368501589062,0.656704648963922,-0.656704648963922,1.49484017577344,-1.49484017577344,-0.220890128806479,0.220890128806479,1.73883583120624,-1.73883583120624,0.164739755636409,-0.164739755636409,-0.208583572338095,0.208583572338095,1.0878671621391,-1.0878671621391,0.582167143794249,-0.582167143794249,0.343229969806311,-0.343229969806311,0.010394277969722,-0.010394277969722,-0.985307316087838,0.985307316087838,0.188812870793825,-0.188812870793825,1.35041525574153,-1.35041525574153,-1.65219962181362,1.65219962181362,-1.12332224051205,1.12332224051205,0.285252941629323,-0.285252941629323,0.17261625851887,-0.17261625851887,-0.151790777094692,0.151790777094692,1.04255648816103,-1.04255648816103,0.162677792531329,-0.162677792531329,-0.526357944199876,0.526357944199876,0.117515241371149,-0.117515241371149,-0.428298697039132,0.428298697039132,-1.23092700497878,1.23092700497878,-1.78047108649456,1.78047108649456,-0.531650614193255,0.531650614193255,-0.196075632708969,0.196075632708969,-1.53171224378139,1.53171224378139,1.68175873015492,-1.68175873015492,1.67458257447666,-1.67458257447666,0.730774990812175,-0.730774990812175,1.33366133022647,-1.33366133022647,-0.6664922758802,0.6664922758802,-0.15835412131006,0.15835412131006,-0.400333699503367,0.400333699503367,0.51893178556861,-0.51893178556861,1.05332466362764,-1.05332466362764,-0.0390893188018131,0.0390893188018131,0.0956026376369308,-0.0956026376369308,-1.71589440993312,1.71589440993312,-1.14795853111062,1.14795853111062,-0.823020569082942,0.823020569082942,1.39900779194741,-1.39900779194741,0.220377567177245,-0.220377567177245,-0.317731647632647,0.317731647632647,-1.44850675311589,1.44850675311589,-0.170349611293785,0.170349611293785,-0.713458583947177,0.713458583947177,-0.0522330823751374,0.0522330823751374,0.101696735450924,-0.101696735450924,-0.830562706885292,0.830562706885292,-2.07216919678995,2.07216919678995,-0.695275221666412,0.695275221666412,-0.565730398205896,0.565730398205896,-0.639755264970804,0.639755264970804,1.32796723014476,-1.32796723014476,-2.14514114320045,2.14514114320045,-0.47932596995391,0.47932596995391,-1.74037933821528,1.74037933821528,-0.662829640225074,0.662829640225074,0.504561446024806,-0.504561446024806,-0.0962715852530197,0.0962715852530197,0.516837463906146,-0.516837463906146,-0.103505533089155,0.103505533089155,0.0776765187768197,-0.0776765187768197,-0.0190148797323816,0.0190148797323816,1.84262635750974,-1.84262635750974,-1.11784055030523,1.11784055030523,-0.302666795662467,0.302666795662467,-0.933116852820096,0.933116852820096,-0.0479477562645003,0.0479477562645003,0.629025306892372,-0.629025306892372,0.373425940365295,-0.373425940365295,0.94884726388213,-0.94884726388213,1.52476778337871,-1.52476778337871,-0.123555853354559,0.123555853354559,-1.12641576516884,1.12641576516884,-0.501332463771426,0.501332463771426,-1.13057303953445,1.13057303953445,-1.01692423328739,1.01692423328739,0.0988963702238905,-0.0988963702238905,1.97435995739726,-1.97435995739726,1.39956695152791,-1.39956695152791,1.43196844199965,-1.43196844199965,-0.25337716033786,0.25337716033786,-0.216634661411213,0.216634661411213,-0.0515907603270403,0.0515907603270403,-0.902936743247995,0.902936743247995,-0.720656219340863,0.720656219340863,0.377446343699937,-0.377446343699937,1.59518387251961,-1.59518387251961,-1.7764540621292,1.7764540621292,0.48723350007333,-0.48723350007333,-0.321184488667574,0.321184488667574,-0.737910383022624,0.737910383022624,-2.4340119082694,2.4340119082694,1.90270244987166,-1.90270244987166,-0.183434925306503,0.183434925306503,1.19703802433953,-1.19703802433953,-1.25179197162983,1.25179197162983,2.55828741878268,-2.55828741878268,-1.86000365703037,1.86000365703037,0.675534648638067,-0.675534648638067,1.93567904673891,-1.93567904673891,-0.87979276081506,0.87979276081506,-1.80306826041226,1.80306826041226,-0.00661490340380645,0.00661490340380645,-1.04830658210342,1.04830658210342,0.35444513533836,-0.35444513533836,-0.300192618163421,0.300192618163421,-0.257355459248756,0.257355459248756,0.284982994156763,-0.284982994156763,-0.389695471598318,0.389695471598318,1.2486135533263,-1.2486135533263,0.757934344430751,-0.757934344430751,-0.236660152722464,0.236660152722464,0.00225800947922343,-0.00225800947922343,-0.840274618968269,0.840274618968269,-2.07344852372149,2.07344852372149,1.25789653677189,-1.25789653677189,-0.126650003997348,0.126650003997348,2.52675376422443,-2.52675376422443,-0.204411925041194,0.204411925041194,-0.283858600579607,0.283858600579607,-0.0229508441812562,0.0229508441812562,-0.258986418795474,0.258986418795474,0.726594430824718,-0.726594430824718,-1.9780330274722,1.9780330274722,0.591539998952937,-0.591539998952937,-0.208269037825818,0.208269037825818,-0.57854001637734,0.57854001637734,2.15026223451203,-2.15026223451203,-0.0236507886184594,0.0236507886184594,-0.106787156734761,0.106787156734761,1.88852053238367,-1.88852053238367,-0.573231287190175,0.573231287190175,0.932195599871474,-0.932195599871474,-1.52591082824985,1.52591082824985,1.03587828726053,-1.03587828726053,1.93925585841921,-1.93925585841921,-0.00684864203924034,0.00684864203924034,-0.447171669534663,0.447171669534663,0.554878526164544,-0.554878526164544,-0.0274534480690572,0.0274534480690572,0.894770846345956,-0.894770846345956,-0.866361978143286,0.866361978143286,0.683306828714614,-0.683306828714614,0.625743404697757,-0.625743404697757,0.598146258286215,-0.598146258286215,0.229356939701118,-0.229356939701118,-0.541858860884892,0.541858860884892,-0.944193855527429,0.944193855527429,-0.307993470568073,0.307993470568073,0.235189448264301,-0.235189448264301,-2.3466762553164,2.3466762553164,-0.296683475622005,0.296683475622005,0.69164439006631,-0.69164439006631,0.775673190468746,-0.775673190468746,0.352629140265683,-0.352629140265683,0.234325092262053,-0.234325092262053,0.628435203340064,-0.628435203340064,0.732964908732244,-0.732964908732244,0.798404426132497,-0.798404426132497,-0.51308327154853,0.51308327154853,-0.737963503588415,0.737963503588415,0.0394825457160723,-0.0394825457160723,0.118636435670657,-0.118636435670657,-1.76394189340223,1.76394189340223,1.11656076082429,-1.11656076082429,0.441619295624203,-0.441619295624203,0.00212289678004323,-0.00212289678004323,0.144118812770111,-0.144118812770111,-0.115641784843371,0.115641784843371,0.647327051714786,-0.647327051714786,2.05859517805835,-2.05859517805835,-0.689321737457826,0.689321737457826,-0.0587287968060668,0.0587287968060668,0.236555091801989,-0.236555091801989,-1.03045847991737,1.03045847991737,-1.01511365783623,1.01511365783623,0.431237655039579,-0.431237655039579,-0.657915810508909,0.657915810508909,-1.59732872746509,1.59732872746509,-2.01574907734719,2.01574907734719,0.478222614897702,-0.478222614897702,0.281112862091874,-0.281112862091874,0.308654250145019,-0.308654250145019,1.282979261743,-1.282979261743,2.04661805356373,-2.04661805356373,2.34400151507725,-2.34400151507725,-0.385827692872581,0.385827692872581,-0.678351433873131,0.678351433873131,0.266356871131223,-0.266356871131223,0.246313063189805,-0.246313063189805,0.763795151585016,-0.763795151585016,-0.838239572627626,0.838239572627626,-0.372310657806863,0.372310657806863,0.44521657873414,-0.44521657873414,-0.325278282796689,0.325278282796689,-0.679320519975729,0.679320519975729,-1.1492676968287,1.1492676968287,1.19461101269959,-1.19461101269959,1.19316626991055,-1.19316626991055,-1.51733904983807,1.51733904983807,0.529726924628071,-0.529726924628071,-2.0815507691811,2.0815507691811,-0.121282030953585,0.121282030953585,-1.4949652103336,1.4949652103336,-1.61466910475829,1.61466910475829,0.0978566057989229,-0.0978566057989229,-0.950323443609421,0.950323443609421,-1.79624241906805,1.79624241906805,1.57503444017066,-1.57503444017066,0.862521998588307,-0.862521998588307,-0.608060325999562,0.608060325999562,-0.157392406238362,0.157392406238362,1.59055841137149,-1.59055841137149,-0.99877115110496,0.99877115110496,-0.466687450582877,0.466687450582877,-0.862264610273277,0.862264610273277,0.625627957863355,-0.625627957863355,0.549460620190171,-0.549460620190171,-0.43526735074275,0.43526735074275,-0.259974326003394,0.259974326003394,-2.57301174102541,2.57301174102541,2.38023488036113,-2.38023488036113,-1.02138130753661,1.02138130753661,0.223321468067415,-0.223321468067415,0.355497887210363,-0.355497887210363,-0.25862731841361,0.25862731841361,0.606321447853108,-0.606321447853108,-0.772092747939723,0.772092747939723,-0.780412111603426,0.780412111603426,0.915121963537275,-0.915121963537275,-0.0866462942731448,0.0866462942731448,0.671018222807142,-0.671018222807142,2.01322499110322,-2.01322499110322,-0.362899763537785,0.362899763537785,-2.0961535774944,2.0961535774944,-1.1700227407047,1.1700227407047,0.571545250034625,-0.571545250034625,-0.707871673569904,0.707871673569904,0.168378295966453,-0.168378295966453,-1.63987387710136,1.63987387710136,-0.561008546146344,0.561008546146344,-1.35954033170088,1.35954033170088,1.63827743629375,-1.63827743629375,-2.86470528470156,2.86470528470156,0.129007782332574,-0.129007782332574,0.0613709216423612,-0.0613709216423612,-0.810444350233217,0.810444350233217,0.496609390045929,-0.496609390045929,-0.307025606724247,0.307025606724247,-1.05126776370379,1.05126776370379,-0.53854583576008,0.53854583576008,0.728117334246924,-0.728117334246924,1.08561634882102,-1.08561634882102,2.25681564417578,-2.25681564417578,-2.01968047438518,2.01968047438518,3.33181142863572,-3.33181142863572,0.0725665117095046,-0.0725665117095046,0.479283508125261,-0.479283508125261,0.522583339352152,-0.522583339352152,0.0893764315584857,-0.0893764315584857,0.346900535047897,-0.346900535047897,0.230561355840585,-0.230561355840585,-0.54115808996892,0.54115808996892,0.928469150702459,-0.928469150702459,3.05099133237642,-3.05099133237642,0.214266838688763,-0.214266838688763,1.093871704875,-1.093871704875,2.03078646200868,-2.03078646200868,0.00496267178125371,-0.00496267178125371,-0.600691310563056,0.600691310563056,0.189927649165036,-0.189927649165036,-1.18043596811924,1.18043596811924,0.970492862272202,-0.970492862272202,1.70100631910756,-1.70100631910756,0.54942260053546,-0.54942260053546,1.2624900796281,-1.2624900796281,-1.51151700492583,1.51151700492583,0.710054080763433,-0.710054080763433,0.635465985167733,-0.635465985167733,-0.975029418946596,0.975029418946596,0.147282650712702,-0.147282650712702,0.716277056418741,-0.716277056418741,1.41148025613921,-1.41148025613921,-1.09395204419886,1.09395204419886,-0.454998969199287,0.454998969199287,1.90521247885429,-1.90521247885429,0.331505873563259,-0.331505873563259,-0.339603748638982,0.339603748638982,-1.3743266023319,1.3743266023319,0.184227650207955,-0.184227650207955,-1.4152587448106,1.4152587448106,-0.931536121197304,0.931536121197304,-0.187541091493365,0.187541091493365,1.24005285726704,-1.24005285726704,-1.23835475924987,1.23835475924987,0.557928274374687,-0.557928274374687,1.41442307791182,-1.41442307791182,-0.888517204841894,0.888517204841894,1.14015311137989,-1.14015311137989,-0.486049152413196,0.486049152413196,1.31528861324895,-1.31528861324895,0.566977597437583,-0.566977597437583,1.05366135718631,-1.05366135718631,-0.199691722015097,0.199691722015097,-0.0480057570434075,0.0480057570434075,1.31824962535657,-1.31824962535657,0.185937450532111,-0.185937450532111,-0.0845331374322691,0.0845331374322691,-0.522196786945186,0.522196786945186,0.581537535992502,-0.581537535992502,0.380736656533958,-0.380736656533958,0.224176141053509,-0.224176141053509,1.17253195778915,-1.17253195778915,1.11935828499211,-1.11935828499211,-1.4415327004912,1.4415327004912,2.3148064588618,-2.3148064588618,-0.598007006781318,0.598007006781318,-0.328017101388049,0.328017101388049,1.87053438294619,-1.87053438294619,0.618012331490316,-0.618012331490316,-0.669469009215479,0.669469009215479,-1.3832090843572,1.3832090843572,-0.576376126794987,0.576376126794987,0.955506909190449,-0.955506909190449,-0.755939600059011,0.755939600059011,1.08610888890614,-1.08610888890614,0.411330143427275,-0.411330143427275,0.0923492677500221,-0.0923492677500221,-0.728747139474026,0.728747139474026,-0.594055571792467,0.594055571792467,0.0321059335121433,-0.0321059335121433,0.15898919282707,-0.15898919282707,-0.619478510840193,0.619478510840193,-0.855222420949377,0.855222420949377,-1.35775130810945,1.35775130810945,-0.361252035667999,0.361252035667999,-0.691561372148023,0.691561372148023,0.51627722460436,-0.51627722460436,-1.09615555639853,1.09615555639853,0.82330485170078,-0.82330485170078,0.209370207458123,-0.209370207458123,0.474715951593619,-0.474715951593619,-1.28417332705705,1.28417332705705,-1.39997574562196,1.39997574562196,-0.377541129755734,0.377541129755734,0.0991622569027825,-0.0991622569027825,0.148190049575812,-0.148190049575812,-1.68243968985276,1.68243968985276,-0.0765455109097772,0.0765455109097772,0.998153126460362,-0.998153126460362,-1.38464752408151,1.38464752408151,-0.481965477373928,0.481965477373928,0.991984847027823,-0.991984847027823,-0.400479577240698,0.400479577240698,1.08479229672173,-1.08479229672173,0.515572181240871,-0.515572181240871,-0.678209057622154,0.678209057622154,-1.08694967774477,1.08694967774477,0.0968916929620075,-0.0968916929620075,-1.74077071480166,1.74077071480166,-1.39919955286121,1.39919955286121,-0.937705611640138,0.937705611640138,0.105213909294731,-0.105213909294731,-0.68062055111166,0.68062055111166,1.29550398908154,-1.29550398908154,-1.33288594028093,1.33288594028093,1.23364711996716,-1.23364711996716,0.182656495411402,-0.182656495411402,1.2739528428866,-1.2739528428866,0.22357522743996,-0.22357522743996,0.474933160976918,-0.474933160976918,0.0720813798950162,-0.0720813798950162,1.13009468250028,-1.13009468250028,-1.14654635325279,1.14654635325279,0.162695548154771,-0.162695548154771,0.12114575868554,-0.12114575868554,0.911961894921917,-0.911961894921917,-2.32117097992178,2.32117097992178,-0.633029174440291,0.633029174440291,0.138924840603903,-0.138924840603903,0.332417641200244,-0.332417641200244,1.09066514643683,-1.09066514643683,-0.447514909366926,0.447514909366926,-1.69589660261546,1.69589660261546,-1.47476351862579,1.47476351862579,-0.490884881712502,0.490884881712502,-0.0140271200859977,0.0140271200859977,0.749347851289396,-0.749347851289396,0.383405522395921,-0.383405522395921,-1.05032280248328,1.05032280248328,-0.590981701964338,0.590981701964338,-1.23440601936265,1.23440601936265,0.609205222900031,-0.609205222900031,-0.457177521269353,0.457177521269353,-0.856107943031828,0.856107943031828,-0.390973670177638,0.390973670177638,0.284061285872363,-0.284061285872363,-2.1631134115342,2.1631134115342,0.910831065279363,-0.910831065279363,0.864380339982359,-0.864380339982359,-0.377259684563396,0.377259684563396,0.55666481562184,-0.55666481562184,0.932452827673859,-0.932452827673859,1.04928396346517,-1.04928396346517,0.0203593619950626,-0.0203593619950626,-0.166104382092874,0.166104382092874,0.685021805148676,-0.685021805148676,0.105165459990781,-0.105165459990781,0.595313960267992,-0.595313960267992,0.793197613605843,-0.793197613605843,-0.825140379977423,0.825140379977423,-0.640885735826304,0.640885735826304,-0.0366910275600623,0.0366910275600623,1.01916923653639,-1.01916923653639,0.841881590712393,-0.841881590712393,-1.54588534955816,1.54588534955816,0.134389421855633,-0.134389421855633,1.58382030288502,-1.58382030288502,-0.46046998414473,0.46046998414473,-0.288113416965824,0.288113416965824,0.429041892548961,-0.429041892548961,-0.714677488957523,0.714677488957523,1.39921867535455,-1.39921867535455,-0.45207107575939,0.45207107575939,-0.442981080253828,0.442981080253828,-1.20435799214132,1.20435799214132,-0.632913631694048,0.632913631694048,0.00223250097502339,-0.00223250097502339,-0.0309840708055784,0.0309840708055784,-2.39942715916572,2.39942715916572,-0.364641477231718,0.364641477231718,-1.95571752715882,1.95571752715882,-0.649198054427649,0.649198054427649,0.812292540817458,-0.812292540817458,0.457461313374695,-0.457461313374695,1.06725145640473,-1.06725145640473,0.0263411108011651,-0.0263411108011651,0.265675374073326,-0.265675374073326,1.19691286374932,-1.19691286374932,-0.0899932532876571,0.0899932532876571,-0.886901731396873,0.886901731396873,2.02609809923877,-2.02609809923877,-2.11062560143566,2.11062560143566,0.693867217480451,-0.693867217480451,-0.394180339017606,0.394180339017606,1.00937355318185,-1.00937355318185,0.828484084584974,-0.828484084584974,1.03613964685714,-1.03613964685714,0.570574900756111,-0.570574900756111,-2.33848125991704,2.33848125991704,-1.51182977855387,1.51182977855387,0.986956752709355,-0.986956752709355,0.0695706725532091,-0.0695706725532091,-0.723934856358855,0.723934856358855,-0.455617723056598,0.455617723056598,-0.917618756587858,0.917618756587858,0.749479220158319,-0.749479220158319,-0.275120387672115,0.275120387672115,1.45957020120683,-1.45957020120683,-1.56543330729086,1.56543330729086,-0.620357976951194,0.620357976951194,-0.297690115699519,0.297690115699519,-0.284920406075067,0.284920406075067,1.21925149433952,-1.21925149433952,1.65521159185611,-1.65521159185611,-2.25905017509834,2.25905017509834,-0.00756074695230485,0.00756074695230485,-1.35750794069647,1.35750794069647,-0.248286541135209,0.248286541135209,1.47855754207016,-1.47855754207016,-0.845371931458624,0.845371931458624,1.8707832464165,-1.8707832464165,0.00187984624082951,-0.00187984624082951,0.368071341776512,-0.368071341776512,0.51147205599288,-0.51147205599288,-0.233050588166828,0.233050588166828,-0.85584295230705,0.85584295230705,-0.12547643420855,0.12547643420855,0.442581914295746,-0.442581914295746,-0.465007970192812,0.465007970192812,-1.91034322538383,1.91034322538383,-0.529478465150087,0.529478465150087,-1.03205584556558,1.03205584556558,0.395851506527047,-0.395851506527047,1.28585393138961,-1.28585393138961,-0.561655526025841,0.561655526025841,-0.527747928090111,0.527747928090111,0.263226116610023,-0.263226116610023,-1.15888387914025,1.15888387914025,-0.302856470472856,0.302856470472856,0.0630083288886149,-0.0630083288886149,0.632305385213415,-0.632305385213415,0.0560852688782947,-0.0560852688782947,0.130844412813374,-0.130844412813374,0.779780361109686,-0.779780361109686,-0.301725459444265,0.301725459444265,-0.976946900489215,0.976946900489215,-0.578846897053888,0.578846897053888,0.815286954806561,-0.815286954806561,-0.166015626534095,0.166015626534095,-0.563283795807837,0.563283795807837,-0.57894810514614,0.57894810514614,-0.145307063235695,0.145307063235695,1.29990982970518,-1.29990982970518,2.36941230340178,-2.36941230340178,-1.52799696520623,1.52799696520623,0.833565845077673,-0.833565845077673,1.23454762225295,-1.23454762225295,0.62077444493544,-0.62077444493544,-1.61480221424003,1.61480221424003,0.71315279674727,-0.71315279674727,-0.876642682698816,0.876642682698816,0.44263393879884,-0.44263393879884,0.199921647756856,-0.199921647756856,0.128348266571876,-0.128348266571876,-1.53299468347688,1.53299468347688,1.06104542346325,-1.06104542346325,0.731966636934366,-0.731966636934366,-0.173358144711734,0.173358144711734,-0.728831350810907,0.728831350810907,-0.635794814718203,0.635794814718203,-0.802845690892743,0.802845690892743,2.35201710261308,-2.35201710261308,1.08700414458663,-1.08700414458663,-0.557971425006168,0.557971425006168,-0.19533131904334,0.19533131904334,-0.592242719676637,0.592242719676637,-0.248160072334099,0.248160072334099,0.299187347256035,-0.299187347256035,-0.28506237953975,0.28506237953975,-1.56563549324361,1.56563549324361,-0.0538440338578091,0.0538440338578091,-0.379155676452899,0.379155676452899,0.28562415938362,-0.28562415938362,1.11758307407308,-1.11758307407308,1.7663112357877,-1.7663112357877,-0.561157812130997,0.561157812130997,0.262846468096592,-0.262846468096592,1.97549821428705,-1.97549821428705,-0.16118424963984,0.16118424963984,0.674753701208957,-0.674753701208957,-1.28806377525318,1.28806377525318,0.775218995005489,-0.775218995005489,-1.6976554173088,1.6976554173088,0.0483196763457625,-0.0483196763457625,1.3999324137289,-1.3999324137289,0.643104237007745,-0.643104237007745,0.953272588480152,-0.953272588480152,-1.03224274744744,1.03224274744744,-1.64081533022026,1.64081533022026,1.80912506541544,-1.80912506541544,-1.42085512218009,1.42085512218009,0.739746894431522,-0.739746894431522,-0.32800138290976,0.32800138290976,-0.400255564154018,0.400255564154018,0.515477484844788,-0.515477484844788,1.70701254507464,-1.70701254507464,0.301014236530605,-0.301014236530605,0.395476696851693,-0.395476696851693,-2.09116073886575,2.09116073886575,0.344651705469144,-0.344651705469144,0.085589488175523,-0.085589488175523,-0.378914980711698,0.378914980711698,1.45097763174011,-1.45097763174011,-0.541686270892125,0.541686270892125,-0.11582262695239,0.11582262695239,0.213859999193983,-0.213859999193983,-2.47057714383034,2.47057714383034,-0.0771009146677512,0.0771009146677512,-0.583605283881042,0.583605283881042,-0.61435662412948,0.61435662412948,-0.194457374408434,0.194457374408434,1.27231274499413,-1.27231274499413,1.47745879885799,-1.47745879885799,-0.958433803911837,0.958433803911837,-1.59256412226276,1.59256412226276,0.641012850648979,-0.641012850648979,-0.838211728889135,0.838211728889135,1.23093642054023,-1.23093642054023,-0.314514108063593,0.314514108063593,-0.648098248952955,0.648098248952955,0.00640627629370186,-0.00640627629370186,0.401498458839462,-0.401498458839462,0.602999019185739,-0.602999019185739,0.0293695199112286,-0.0293695199112286,0.335166806497906,-0.335166806497906,0.0582411104806164,-0.0582411104806164,0.580596045137671,-0.580596045137671,0.844626172465805,-0.844626172465805,-1.31660782075602,1.31660782075602,1.42849096270035,-1.42849096270035,-1.31559511232959,1.31559511232959,0.289759519643445,-0.289759519643445,-0.954730265785247,0.954730265785247,-0.830136596316678,0.830136596316678,0.440880621920904,-0.440880621920904,-0.128803898572088,0.128803898572088,-0.903842753340294,0.903842753340294,-0.217262347151125,0.217262347151125,0.236590819838251,-0.236590819838251,-0.470571343387984,0.470571343387984,-1.21290720884075,1.21290720884075,-1.07340540232032,1.07340540232032,0.598186263759066,-0.598186263759066,-0.0351898558549658,0.0351898558549658,1.59123524706114,-1.59123524706114,0.537065973659994,-0.537065973659994,0.674313455290759,-0.674313455290759,-0.38221899363959,0.38221899363959,-1.36521178680291,1.36521178680291,0.711324994747318,-0.711324994747318,-0.330859687516724,0.330859687516724,0.289107623271865,-0.289107623271865,-0.839446169142744,0.839446169142744,0.79065489464624,-0.79065489464624,1.18702837472299,-1.18702837472299,1.38307834698993,-1.38307834698993,1.60976633947325,-1.60976633947325,-0.369099121719445,0.369099121719445,-0.504696623266656,0.504696623266656,-1.15812021013073,1.15812021013073,0.062523674551558,-0.062523674551558,-0.510391844692118,0.510391844692118,0.717490496138715,-0.717490496138715,0.316155121596283,-0.316155121596283,-1.55925115675273,1.55925115675273,-0.0383550776021267,0.0383550776021267,-0.138950120025955,0.138950120025955,-0.347249985293249,0.347249985293249,-0.237211625759097,0.237211625759097,-0.698224086810083,0.698224086810083,0.283372783829146,-0.283372783829146,-1.12115691637365,1.12115691637365,-0.57621197094241,0.57621197094241,1.94290743305146,-1.94290743305146,0.555211392830049,-0.555211392830049,-0.230556509339135,0.230556509339135,-1.55527458130887,1.55527458130887,0.795799913070737,-0.795799913070737,-1.60690124257457,1.60690124257457,-1.28127204846176,1.28127204846176,-0.766417384352775,0.766417384352775,-1.84112446305087,1.84112446305087,0.0856602619152265,-0.0856602619152265,-1.11448861868581,1.11448861868581,0.300632065498873,-0.300632065498873,-0.779571986124125,0.779571986124125,0.241830880741682,-0.241830880741682,-0.676955410247118,0.676955410247118,-1.13643787454733,1.13643787454733,1.31404618682145,-1.31404618682145,0.817290342816112,-0.817290342816112,0.731630385349415,-0.731630385349415,-0.83008938633143,0.83008938633143,0.591520046366053,-0.591520046366053,-0.409699226616503,0.409699226616503,2.6339267787624,-2.6339267787624,-0.846395946576294,0.846395946576294,0.429888255933746,-0.429888255933746,-0.881772337542644,0.881772337542644,-1.85839403680553,1.85839403680553,0.346616149538083,-0.346616149538083,0.0116953096833869,-0.0116953096833869,-2.80626940859224,2.80626940859224,0.987001137537023,-0.987001137537023,0.25956623448068,-0.25956623448068,0.933226379405046,-0.933226379405046,0.556854232408434,-0.556854232408434,1.26503851263005,-1.26503851263005,-0.392997975328441,0.392997975328441,-0.0916366674505302,0.0916366674505302,0.366869343631812,-0.366869343631812,-1.23164370547446,1.23164370547446,-0.678706033662938,0.678706033662938,-0.174507086406359,0.174507086406359,-0.0673926059161676,0.0673926059161676,0.500793770292711,-0.500793770292711,0.0936852232521896,-0.0936852232521896,0.192582069092017,-0.192582069092017,0.104268245873066,-0.104268245873066,1.53197873574085,-1.53197873574085,0.23370592644994,-0.23370592644994,0.751193331688769,-0.751193331688769,1.06139484220072,-1.06139484220072,-2.55012958722981,2.55012958722981,0.643284278315094,-0.643284278315094,-1.16778180440438,1.16778180440438,-1.26126414609788,1.26126414609788,2.47413086125123,-2.47413086125123,-0.55216945116504,0.55216945116504,0.174300762693165,-0.174300762693165,1.86169793776855,-1.86169793776855,0.506005629407223,-0.506005629407223,1.51650313109486,-1.51650313109486,3.01663989674804,-3.01663989674804,-0.332212816358248,0.332212816358248,0.42344550289166,-0.42344550289166,1.313970855744,-1.313970855744,1.19392449112129,-1.19392449112129,-2.06805861120315,2.06805861120315,-1.45123578553545,1.45123578553545,-0.982941087804935,0.982941087804935,-1.29377487419086,1.29377487419086,2.06423344163523,-2.06423344163523,0.122778549564791,-0.122778549564791,1.17142541721931,-1.17142541721931,-1.62290991760167,1.62290991760167,1.71876735375357,-1.71876735375357,-0.850490325801474,0.850490325801474,-0.0229254466703535,0.0229254466703535,0.114566223753919,-0.114566223753919,0.874383326086194,-0.874383326086194,0.303425907206344,-0.303425907206344,1.61963547094945,-1.61963547094945,-0.0221514028041785,0.0221514028041785,-0.387467585068034,0.387467585068034,2.41781625971144,-2.41781625971144,0.625205132597195,-0.625205132597195,-0.34099702343789,0.34099702343789,0.0750228987785601,-0.0750228987785601,-0.130817982707778,0.130817982707778,0.0350166978912719,-0.0350166978912719,2.12791620427151,-2.12791620427151,-0.391760934552632,0.391760934552632,-0.0789903531923225,0.0789903531923225,0.542338490505378,-0.542338490505378,-1.76488310927878,1.76488310927878,0.455437938993841,-0.455437938993841,0.0776114998553567,-0.0776114998553567,-0.662209223496113,0.662209223496113,-0.0840011170479138,0.0840011170479138,-0.572167403020624,0.572167403020624,-0.678409848879479,0.678409848879479,-1.76011695413397,1.76011695413397,-1.62797418508033,1.62797418508033,-0.874594307253756,0.874594307253756,1.26031686951768,-1.26031686951768,0.611448828996376,-0.611448828996376,0.0566160378187369,-0.0566160378187369,-2.27477040084951,2.27477040084951,-0.160997405440596,0.160997405440596,-0.562371476761746,0.562371476761746,0.138502827013327,-0.138502827013327,-0.0249237983071881,0.0249237983071881,0.600061041684302,-0.600061041684302,0.908800517452101,-0.908800517452101,-0.514637733792671,0.514637733792671,0.883890257862314,-0.883890257862314,0.599911554183716,-0.599911554183716,0.507125484913212,-0.507125484913212,1.03008192450594,-1.03008192450594,-0.232890388597423,0.232890388597423,-0.862156303257155,0.862156303257155,-0.193622806847354,0.193622806847354,1.28206599739735,-1.28206599739735,-1.10376407213475,1.10376407213475,-0.11215340641437,0.11215340641437,1.45197960556032,-1.45197960556032,-0.399699017387764,0.399699017387764,1.06305182656286,-1.06305182656286,0.74618421487512,-0.74618421487512,1.03852445013193,-1.03852445013193,1.1634294639473,-1.1634294639473,-0.127230720854075,0.127230720854075,1.47340297073199,-1.47340297073199,0.679337062806456,-0.679337062806456,0.532051433615243,-0.532051433615243,0.542722241640823,-0.542722241640823,0.944124592988822,-0.944124592988822,0.318817104014453,-0.318817104014453,0.925688932922246,-0.925688932922246,0.450976528709665,-0.450976528709665,-1.19879129620514,1.19879129620514,-0.659802909951669,0.659802909951669,-1.21228265595671,1.21228265595671,0.716423688785234,-0.716423688785234,1.02170346722793,-1.02170346722793,0.61701048470885,-0.61701048470885,1.77542818668976,-1.77542818668976,0.771170475921904,-0.771170475921904,0.0251892100699081,-0.0251892100699081,-1.04422985429522,1.04422985429522,-0.734390004907033,0.734390004907033,-0.745590482516807,0.745590482516807,0.633236828742878,-0.633236828742878,1.31317100777752,-1.31317100777752,-0.0483019785694914,0.0483019785694914,-0.473030126904912,0.473030126904912,1.94452209308152,-1.94452209308152,-0.300833037464589,0.300833037464589,0.27556982841531,-0.27556982841531,-1.22933084331724,1.22933084331724,0.4392421568861,-0.4392421568861,-0.215620056645066,0.215620056645066,-0.44260896510841,0.44260896510841,-0.424306685402788,0.424306685402788,-0.316768523499006,0.316768523499006,0.110174512553659,-0.110174512553659,0.541999327304998,-0.541999327304998,1.3398223939145,-1.3398223939145,1.38288030547369,-1.38288030547369,-1.18706433623515,1.18706433623515,-0.766401992803507,0.766401992803507,-0.559768006023068,0.559768006023068,0.818711509412401,-0.818711509412401,-0.606329969188132,0.606329969188132,-0.925935352082472,0.925935352082472,-0.170680255013841,0.170680255013841,-0.580431234686203,0.580431234686203,-0.327606728190282,0.327606728190282,1.78196122920251,-1.78196122920251,0.0708830047219474,-0.0708830047219474,0.850379287548304,-0.850379287548304,-1.14394202358906,1.14394202358906,-2.85830059987609,2.85830059987609,-0.643324037130252,0.643324037130252,0.648019093073863,-0.648019093073863,1.27964084688771,-1.27964084688771,-0.457895871351716,0.457895871351716,-2.63949883334186,2.63949883334186,0.259392209981584,-0.259392209981584,-1.79192865879336,1.79192865879336,-0.679548647112521,0.679548647112521,0.788957923900765,-0.788957923900765,0.197934959408853,-0.197934959408853,-0.438109003149063,0.438109003149063,0.419230538740009,-0.419230538740009,1.03043850674226,-1.03043850674226,0.648276158504132,-0.648276158504132,1.77159115466704,-1.77159115466704,1.79181095179489,-1.79181095179489,-0.325174548609369,0.325174548609369,-0.641832226528684,0.641832226528684,-1.0757787275386,1.0757787275386,-0.0617687203222601,0.0617687203222601,0.895730353570485,-0.895730353570485,1.47144322927348,-1.47144322927348,-1.01437364793713,1.01437364793713,0.746722630516659,-0.746722630516659,0.638543968055946,-0.638543968055946,0.130316338931807,-0.130316338931807,-1.26274145987734,1.26274145987734,1.1161039396075,-1.1161039396075,0.978008365465473,-0.978008365465473,0.880434665542317,-0.880434665542317,1.29254673469384,-1.29254673469384,1.18254515369181,-1.18254515369181,0.0111595403489495,-0.0111595403489495,-0.533908394765562,0.533908394765562,-1.36574879302839,1.36574879302839,-0.856505414523486,0.856505414523486,-0.549744385085173,0.549744385085173,-0.111579700415982,0.111579700415982,0.796312486886662,-0.796312486886662,-0.249976196059196,0.249976196059196,-0.54642879399248,0.54642879399248,-0.121788391868624,0.121788391868624,-0.538420476601052,0.538420476601052,0.586131120694313,-0.586131120694313,-2.41780954145951,2.41780954145951,-0.709151095804952,0.709151095804952,0.566607803513965,-0.566607803513965,-0.0257229367188615,0.0257229367188615,-0.716631634675175,0.716631634675175,0.211468179871303,-0.211468179871303,-1.83721334600601,1.83721334600601,-1.74819748707319,1.74819748707319,0.397787174372748,-0.397787174372748,-0.292235422318914,0.292235422318914,-0.253993561016966,0.253993561016966,0.905038300873501,-0.905038300873501,-0.537578895184273,0.537578895184273,-0.193379826834387,0.193379826834387,0.8294050583556,-0.8294050583556,-0.173124679261618,0.173124679261618,1.04800161673863,-1.04800161673863,1.0914207079643,-1.0914207079643,-0.573721968439759,0.573721968439759,-0.814385488640759,0.814385488640759,0.781561094588874,-0.781561094588874,1.64295299006128,-1.64295299006128,0.308699918042411,-0.308699918042411,2.01603572231393,-2.01603572231393,0.987277288094012,-0.987277288094012,-1.15605694016048,1.15605694016048,0.893410844718755,-0.893410844718755,-0.0680392201459451,0.0680392201459451,-0.760540756312665,0.760540756312665,-1.29588458903338,1.29588458903338,0.295485169334179,-0.295485169334179,-0.80741664512048,0.80741664512048,0.655198000548532,-0.655198000548532,-0.0342001866521737,0.0342001866521737,0.548989575144499,-0.548989575144499,-0.300693046583564,0.300693046583564,-0.0252741659130581,0.0252741659130581,0.884631187511014,-0.884631187511014,1.19480137422815,-1.19480137422815,-0.918326668207942,0.918326668207942,0.416845910972262,-0.416845910972262,-0.519121351183148,0.519121351183148,0.331405777321218,-0.331405777321218,-0.918395498280284,0.918395498280284,-0.767477900054703,0.767477900054703,-0.364345013490629,0.364345013490629,1.17511542588805,-1.17511542588805,0.208453371654758,-0.208453371654758,1.1238873192253,-1.1238873192253,0.0817082970969439,-0.0817082970969439,-0.0939559301476636,0.0939559301476636,-0.879025247237265,0.879025247237265,0.910056531533831,-0.910056531533831,-0.562199268636214,0.562199268636214,1.89382784057688,-1.89382784057688,-1.03890177691539,1.03890177691539,-0.816769595428974,0.816769595428974,-0.0550180304867302,0.0550180304867302,1.22070590270845,-1.22070590270845,-1.32743914612373,1.32743914612373,0.137287989976493,-0.137287989976493,1.13689551757673,-1.13689551757673,1.72744594354203,-1.72744594354203,-0.934270287399012,0.934270287399012,0.487084489172805,-0.487084489172805,0.707714915053841,-0.707714915053841,-1.27103363617976,1.27103363617976,0.0828712873679951,-0.0828712873679951,-1.106125951025,1.106125951025,-0.00365674302994432,0.00365674302994432,0.27966758625921,-0.27966758625921,0.246365441812847,-0.246365441812847,-0.397607253148536,0.397607253148536,-0.622975116593427,0.622975116593427,-0.652253547802653,0.652253547802653,-0.878166632094362,0.878166632094362,-0.595294522202487,0.595294522202487,0.353112977212326,-0.353112977212326,0.95383336149643,-0.95383336149643,0.169631644420141,-0.169631644420141,0.256390856506185,-0.256390856506185,1.04031587046128,-1.04031587046128,-1.28691727317943,1.28691727317943,0.286598369907209,-0.286598369907209,0.430295956637848,-0.430295956637848,-0.975225804734258,0.975225804734258,0.612076581873183,-0.612076581873183,1.41859738818223,-1.41859738818223,-0.466986631852821,0.466986631852821,-0.654918611987629,0.654918611987629,1.63511710716796,-1.63511710716796,-0.374508203416607,0.374508203416607,1.1708784968895,-1.1708784968895,1.26226385317236,-1.26226385317236,1.14670601971136,-1.14670601971136,-0.689217275511673,0.689217275511673,-0.748879745475158,0.748879745475158,-0.890848349479617,0.890848349479617,1.78264421389979,-1.78264421389979,0.405971999816581,-0.405971999816581,0.239564330411607,-0.239564330411607,-1.19124779765146,1.19124779765146,-0.00189251921355463,0.00189251921355463,1.43509710119207,-1.43509710119207,1.44508999864085,-1.44508999864085,-1.40672620186455,1.40672620186455,0.783844719939662,-0.783844719939662,1.81444740792416,-1.81444740792416,0.395147025987483,-0.395147025987483,1.23789440742574,-1.23789440742574,0.481455116694486,-0.481455116694486,-0.563181917056692,0.563181917056692,-0.651240693236109,0.651240693236109,1.54422137678446,-1.54422137678446,-0.816799573563502,0.816799573563502,0.628370305428116,-0.628370305428116,0.305196097200147,-0.305196097200147,0.373454496381436,-0.373454496381436,-0.342635955873431,0.342635955873431,-0.847624960752595,0.847624960752595,-1.65441362051448,1.65441362051448,-1.18363258058786,1.18363258058786,-0.285845262140905,0.285845262140905,2.15163035905597,-2.15163035905597,1.72815304883522,-1.72815304883522,0.076891133297031,-0.076891133297031,-0.769537614134827,0.769537614134827,1.24208360857053,-1.24208360857053,-0.677464407821921,0.677464407821921,0.275413862879685,-0.275413862879685,-0.48922745122521,0.48922745122521,-0.90476270074858,0.90476270074858,1.06075648918548,-1.06075648918548,0.249755050720053,-0.249755050720053,0.970936267225203,-0.970936267225203,0.475756029462227,-0.475756029462227,0.693100832477725,-0.693100832477725,0.389929360459921,-0.389929360459921,-0.845046081131063,0.845046081131063,-0.56703416650771,0.56703416650771,0.977874740720061,-0.977874740720061,0.0190781834731573,-0.0190781834731573,-1.47752056642006,1.47752056642006,-0.617857065911943,0.617857065911943,0.882947456105135,-0.882947456105135,-2.13008362667788,2.13008362667788,-1.44729295565989,1.44729295565989,-0.16020112573695,0.16020112573695,0.0170372686005787,-0.0170372686005787,1.51694770741983,-1.51694770741983,0.261762090747583,-0.261762090747583,1.18729753886167,-1.18729753886167,0.189818995433574,-0.189818995433574,-0.655603482157612,0.655603482157612,1.62160343985744,-1.62160343985744,-0.0975191364875601,0.0975191364875601,0.361617015667581,-0.361617015667581,-1.55159062849531,1.55159062849531,-0.274713760862363,0.274713760862363,1.16748391673592,-1.16748391673592,-0.41212566516794,0.41212566516794,1.30667891781234,-1.30667891781234,3.44592868232417,-3.44592868232417,1.13636570611054,-1.13636570611054,-0.164696858436147,0.164696858436147,1.01915668304157,-1.01915668304157,1.70899862051144,-1.70899862051144,0.123423825171939,-0.123423825171939,-1.47002933739203,1.47002933739203,1.64122292727277,-1.64122292727277,1.18897440012521,-1.18897440012521,0.454935060580247,-0.454935060580247,0.41654927837563,-0.41654927837563,-0.76795765107702,0.76795765107702,0.456331490830927,-0.456331490830927,-0.261419478432834,0.261419478432834,1.21602432258539,-1.21602432258539,1.10624797442346,-1.10624797442346,-0.379134193807939,0.379134193807939,-0.672663440064186,0.672663440064186,0.808649783970545,-0.808649783970545,1.94580282223075,-1.94580282223075,-0.515472691576709,0.515472691576709,0.0713162357923101,-0.0713162357923101,-0.504969317781377,0.504969317781377,0.346260835546059,-0.346260835546059,-1.57613302073141,1.57613302073141,0.706978654625474,-0.706978654625474,0.123186550623722,-0.123186550623722,0.321830943122812,-0.321830943122812,-2.76788464430408,2.76788464430408,-0.812428946628789,0.812428946628789,-0.00326903720140781,0.00326903720140781,0.20641567025506,-0.20641567025506,-0.513025211094054,0.513025211094054,0.397475348422781,-0.397475348422781,-1.10936839433261,1.10936839433261,-0.867634387030808,0.867634387030808,0.127005023156207,-0.127005023156207,-1.08379981085733,1.08379981085733,-0.408089032771692,0.408089032771692,-0.896678710018231,0.896678710018231,0.141020854670095,-0.141020854670095,-0.661109258914257,0.661109258914257,-1.03541894162431,1.03541894162431,-0.779979525384963,0.779979525384963,0.730059838658264,-0.730059838658264,-0.792620099926717,0.792620099926717,0.0289235674994617,-0.0289235674994617,-1.64995835846333,1.64995835846333,1.26632992199681,-1.26632992199681,-0.0430770136420005,0.0430770136420005,0.706773712940607,-0.706773712940607,0.552753667600364,-0.552753667600364,-1.47875199137252,1.47875199137252,-1.18974514060388,1.18974514060388,-1.40202687636143,1.40202687636143,-0.332231598257947,0.332231598257947,-0.237067625986207,0.237067625986207,-1.29057504661151,1.29057504661151,0.595704688713424,-0.595704688713424,1.54436120486373,-1.54436120486373,-0.114370049225028,0.114370049225028,-0.105131143627186,0.105131143627186,-0.93529056685994,0.93529056685994,0.604591522195981,-0.604591522195981,-1.75828073182398,1.75828073182398,-0.505682796460225,0.505682796460225,-0.296148631862624,0.296148631862624,0.726676741688002,-0.726676741688002,-1.09518645274094,1.09518645274094,0.70658959117901,-0.70658959117901,0.935292791141227,-0.935292791141227,1.55258865025285,-1.55258865025285,-0.617095126916017,0.617095126916017,-1.4778976682931,1.4778976682931,1.56421102943737,-1.56421102943737,-0.643590828604727,0.643590828604727,-1.25489096362085,1.25489096362085,-0.277235991529261,0.277235991529261,0.0601719188655973,-0.0601719188655973,-0.33022032365503,0.33022032365503,0.108819599718458,-0.108819599718458,0.463835934466237,-0.463835934466237,0.598362540584721,-0.598362540584721,0.825873360504563,-0.825873360504563,0.986880603483041,-0.986880603483041,1.49911608086102,-1.49911608086102,1.0240629950629,-1.0240629950629,-1.75764301732207,1.75764301732207,0.0790440016072473,-0.0790440016072473,1.0706868416055,-1.0706868416055,1.16746437667167,-1.16746437667167,0.560183512073788,-0.560183512073788,0.0221410979962129,-0.0221410979962129,0.0597236667154072,-0.0597236667154072,0.890000728450901,-0.890000728450901,-1.12796930006854,1.12796930006854,-0.0614754055940871,0.0614754055940871,-1.45657313820668,1.45657313820668,-1.07368345742467,1.07368345742467,-0.614095840249291,0.614095840249291,-1.4013955121324,1.4013955121324,0.59711531964587,-0.59711531964587,0.598582967248009,-0.598582967248009,1.43228326370034,-1.43228326370034,0.295206198110444,-0.295206198110444,0.827698157819089,-0.827698157819089,1.31143385812212,-1.31143385812212,-0.959874106497432,0.959874106497432,-1.15192324407316,1.15192324407316,-0.170139514929458,0.170139514929458,-1.13533908742336,1.13533908742336,-1.52733498099441,1.52733498099441,0.759820716698912,-0.759820716698912,1.42839920506239,-1.42839920506239,1.16424824457722,-1.16424824457722,-0.41899588914908,0.41899588914908,0.426362183550612,-0.426362183550612,0.365664615819631,-0.365664615819631,-0.791996322921136,0.791996322921136,0.340142333752756,-0.340142333752756,0.492700622575578,-0.492700622575578,-0.931648140112779,0.931648140112779,1.16554786270241,-1.16554786270241,-0.210869968824365,0.210869968824365,0.41334550919529,-0.41334550919529,0.287047660702264,-0.287047660702264,0.451600159376003,-0.451600159376003,0.564032730125613,-0.564032730125613,-2.04568301788261,2.04568301788261,0.0752310984888425,-0.0752310984888425,0.653335689253627,-0.653335689253627,-0.77335593685489,0.77335593685489,0.491837543557689,-0.491837543557689,-0.400714801477745,0.400714801477745,-1.63359986353177,1.63359986353177,0.552703888017889,-0.552703888017889,-0.270689945227571,0.270689945227571,1.2647101391537,-1.2647101391537,1.5073183065065,-1.5073183065065,1.35114243774184,-1.35114243774184,0.15675958077225,-0.15675958077225,-1.69480389512629,1.69480389512629,0.477549376668325,-0.477549376668325,-0.265689582005045,0.265689582005045,0.956712590782774,-0.956712590782774,1.32920454674676,-1.32920454674676,-0.261089133864062,0.261089133864062,1.5780934403073,-1.5780934403073,-1.60464604194876,1.60464604194876,-0.789122521014251,0.789122521014251,-0.343687265229411,0.343687265229411,-0.642956509693637,0.642956509693637,-0.347487594970868,0.347487594970868,1.16809569317826,-1.16809569317826,-1.59899770893531,1.59899770893531,-1.32113985273081,1.32113985273081,-0.348822641347784,0.348822641347784,-1.17590442203769,1.17590442203769,-0.329020749543643,0.329020749543643,-1.16856053372395,1.16856053372395,0.415007117689295,-0.415007117689295,-0.419875219702069,0.419875219702069,-2.6370795800762,2.6370795800762,1.195774284676,-1.195774284676,-0.628866684169565,0.628866684169565,-1.01465997418378,1.01465997418378,1.00707634838347,-1.00707634838347,-0.847593312515473,0.847593312515473,0.490486904673926,-0.490486904673926,1.41258373525822,-1.41258373525822,0.099931869607655,-0.099931869607655,0.573389865685721,-0.573389865685721,-0.345356264984715,0.345356264984715,0.319041520810422,-0.319041520810422,0.997468245225522,-0.997468245225522,-0.242845996233464,0.242845996233464,0.700260619787576,-0.700260619787576,1.26122966265942,-1.26122966265942,0.693236402973136,-0.693236402973136,-0.268398842560827,0.268398842560827,-0.21426021808069,0.21426021808069,0.646322774220388,-0.646322774220388,-0.187203696254965,0.187203696254965,0.758339178954352,-0.758339178954352,-1.10483941086572,1.10483941086572,0.747480454077764,-0.747480454077764,1.0473724899034,-1.0473724899034,-0.47872626253292,0.47872626253292,0.0657934670757821,-0.0657934670757821,-0.0790684165634726,0.0790684165634726,-0.420210233858683,0.420210233858683,0.0915578007199831,-0.0915578007199831,0.998295495039695,-0.998295495039695,-1.75687261819832,1.75687261819832,-1.39550831685409,1.39550831685409,-0.458043693762425,0.458043693762425,0.436986690488425,-0.436986690488425,1.4097941297953,-1.4097941297953,-0.257056496157046,0.257056496157046,-0.357482369856732,0.357482369856732,-1.32631605840579,1.32631605840579,-0.912552944270364,0.912552944270364,-1.3000006925687,1.3000006925687,-0.430978453403137,0.430978453403137,-0.559261535273636,0.559261535273636,0.633742659226939,-0.633742659226939,-1.30200483847709,1.30200483847709,1.5570440558316,-1.5570440558316,0.141069788162439,-0.141069788162439,-0.548620700435697,0.548620700435697,1.001478959859,-1.001478959859,-1.65107098850907,1.65107098850907,0.34664737785904,-0.34664737785904,-1.11380786873903,1.11380786873903,-2.10870754442793,2.10870754442793,0.676303582583871,-0.676303582583871,0.432832929753384,-0.432832929753384,-0.205404189748578,0.205404189748578,-1.3761186215689,1.3761186215689,0.241957480144386,-0.241957480144386,0.697976108471932,-0.697976108471932,0.254094336148716,-0.254094336148716,0.595271273084016,-0.595271273084016,0.0722507862586779,-0.0722507862586779,-0.256572184627975,0.256572184627975,0.65085773990406,-0.65085773990406,-0.830153337888136,0.830153337888136,-0.546249119858883,0.546249119858883,0.718197238091568,-0.718197238091568,0.549367738214794,-0.549367738214794,-0.953172546596469,0.953172546596469,0.081195215814129,-0.081195215814129,-0.0336196334921062,0.0336196334921062,1.01859298937525,-1.01859298937525,0.882736263818439,-0.882736263818439,0.49002447202464,-0.49002447202464,-0.409103300829842,0.409103300829842,-0.464308270795758,0.464308270795758,0.425303543499266,-0.425303543499266,-0.511969764093445,0.511969764093445,-0.137199825843329,0.137199825843329,1.33145479733642,-1.33145479733642,1.59645197932703,-1.59645197932703,0.906331720871751,-0.906331720871751,0.776265234699696,-0.776265234699696,-0.921592410405084,0.921592410405084,1.36879134301115,-1.36879134301115,-0.404311750585263,0.404311750585263,-0.253795814338398,0.253795814338398,0.249926923371168,-0.249926923371168,2.17441084260521,-2.17441084260521,-0.240110323256585,0.240110323256585,1.18961591857643,-1.18961591857643,-0.179246916146426,0.179246916146426,-2.00780238888107,2.00780238888107,-1.21355579981221,1.21355579981221,0.109464826913538,-0.109464826913538,-0.566515920003224,0.566515920003224,-0.524087149541812,0.524087149541812,0.245589878100291,-0.245589878100291,0.288706541319147,-0.288706541319147,-1.06068721909273,1.06068721909273,-0.498163207457106,0.498163207457106,0.848471982147905,-0.848471982147905,0.409199528792605,-0.409199528792605,-0.621976238322313,0.621976238322313,1.37458229029317,-1.37458229029317,-0.381290464658785,0.381290464658785,0.503331631829014,-0.503331631829014,-0.155396775292414,0.155396775292414,0.676570881453691,-0.676570881453691,0.458649082770782,-0.458649082770782,0.917649923881313,-0.917649923881313,0.186644048705801,-0.186644048705801,0.0788473144158447,-0.0788473144158447,1.48387021229186,-1.48387021229186,0.0369751476203127,-0.0369751476203127,0.736006653977439,-0.736006653977439,-1.61741816744515,1.61741816744515,0.285895692331239,-0.285895692331239,-0.0273802730193319,0.0273802730193319,1.63967498885613,-1.63967498885613,1.67998966993376,-1.67998966993376,-0.282355021529131,0.282355021529131,0.206875036869387,-0.206875036869387,0.903937946699651,-0.903937946699651,-1.62771809759108,1.62771809759108,-1.15854794475917,1.15854794475917,-0.3431712323022,0.3431712323022,1.96938003272564,-1.96938003272564,-0.92805409356955,0.92805409356955,-0.457020174048222,0.457020174048222,-0.687756566023405,0.687756566023405,-0.379012878809672,0.379012878809672,-0.300458229834365,0.300458229834365,1.30994450005098,-1.30994450005098,0.376617405785588,-0.376617405785588,-0.614559447944166,0.614559447944166,-0.943714957299009,0.943714957299009,-0.46001945262775,0.46001945262775,-0.80712167327187,0.80712167327187,1.07255272596863,-1.07255272596863,-1.24251696870689,1.24251696870689,-0.850057743607952,0.850057743607952,-0.426576210805289,0.426576210805289,1.21439198116299,-1.21439198116299,0.270170055544412,-0.270170055544412,-1.37008723665122,1.37008723665122,-0.989980176075336,0.989980176075336,-0.294258517587123,0.294258517587123,-0.555306415536979,0.555306415536979,0.176600962838057,-0.176600962838057,-0.760779198144357,0.760779198144357,0.428457898678733,-0.428457898678733,-1.35729476506969,1.35729476506969,1.62454888932653,-1.62454888932653,-1.12464319221586,1.12464319221586,-1.12927086759636,1.12927086759636,0.423703267270642,-0.423703267270642,-0.268449117902043,0.268449117902043,-0.660032796596206,0.660032796596206,-0.274231550202219,0.274231550202219,0.590910588325688,-0.590910588325688,0.350350412178856,-0.350350412178856,1.21108801613269,-1.21108801613269,-0.106661948870497,0.106661948870497,1.19145289797925,-1.19145289797925,0.453010666040217,-0.453010666040217,-0.808791257487723,0.808791257487723,0.154294620550867,-0.154294620550867,0.490280767599247,-0.490280767599247,1.1220503655557,-1.1220503655557,-0.147092333752601,0.147092333752601,0.116474593134486,-0.116474593134486,-1.3445895697928,1.3445895697928,-0.0636850235480524,0.0636850235480524,1.37535767392904,-1.37535767392904,-1.09102948887173,1.09102948887173,-0.168614024418759,0.168614024418759,0.474199634165119,-0.474199634165119,-0.838521006549245,0.838521006549245,0.659512565209549,-0.659512565209549,1.22422978364198,-1.22422978364198,1.0927206030863,-1.0927206030863,0.780296178851982,-0.780296178851982,-0.718603963469816,0.718603963469816,-0.941823006407625,0.941823006407625,0.478046323243847,-0.478046323243847,-0.093188521953546,0.093188521953546,0.50400799026194,-0.50400799026194,-0.52419721272257,0.52419721272257,0.0145088864557517,-0.0145088864557517,0.504520615244895,-0.504520615244895,-0.219393791471057,0.219393791471057,1.48033214143506,-1.48033214143506,0.125436878734836,-0.125436878734836,0.402833734454088,-0.402833734454088,-0.922924217609821,0.922924217609821,-1.11261972588841,1.11261972588841,-0.652630493977935,0.652630493977935,-0.0763298757542095,0.0763298757542095,-0.422579803281331,0.422579803281331,-0.292324360505483,0.292324360505483,-1.84205693710766,1.84205693710766,0.989646701564921,-0.989646701564921,1.4993374910426,-1.4993374910426,-0.0623768197894471,0.0623768197894471,1.52862623531979,-1.52862623531979,-1.24763067801805,1.24763067801805,-0.505264255495107,0.505264255495107,-0.247788808157996,0.247788808157996,0.582083408666722,-0.582083408666722,0.723937345902193,-0.723937345902193,-1.2447795407897,1.2447795407897,-0.483504934512603,0.483504934512603,0.763868909881933,-0.763868909881933,-1.31127621686538,1.31127621686538,0.727631496585655,-0.727631496585655,-0.842191380964431,0.842191380964431,0.305255871526936,-0.305255871526936,0.374636998250979,-0.374636998250979,-0.18161340123003,0.18161340123003,0.168628585697956,-0.168628585697956,-0.920648989285962,0.920648989285962,1.62155070605986,-1.62155070605986,-0.041342867306733,0.041342867306733,0.17986561662378,-0.17986561662378,-1.47998646007831,1.47998646007831,-0.561216550796669,0.561216550796669,1.04261588384405,-1.04261588384405,0.853485021761902,-0.853485021761902,1.4487795019726,-1.4487795019726,0.138157932093212,-0.138157932093212,-1.13708267190132,1.13708267190132,1.41460831265759,-1.41460831265759,0.829766733192328,-0.829766733192328,0.686559023845417,-0.686559023845417,-0.447904922003192,0.447904922003192,-1.16286251700715,1.16286251700715,0.34450817963788,-0.34450817963788,0.080447240307294,-0.080447240307294,0.0291574791233695,-0.0291574791233695,0.236461005695857,-0.236461005695857,0.695348431205277,-0.695348431205277,0.0795563982403187,-0.0795563982403187,0.7005889854839,-0.7005889854839,1.43534293395621,-1.43534293395621,-0.0307346450197774,0.0307346450197774,0.142233211931272,-0.142233211931272,-0.49946957091196,0.49946957091196,-0.579717616338071,0.579717616338071,-0.139156019812872,0.139156019812872,1.4449437657486,-1.4449437657486,0.161301961338717,-0.161301961338717,0.974512034640605,-0.974512034640605,0.711566574491162,-0.711566574491162,-0.0577705241813244,0.0577705241813244,-0.566931253343696,0.566931253343696,0.351532643862786,-0.351532643862786,-0.154585831866768,0.154585831866768,-0.378746237987768,0.378746237987768,-0.761665503897863,0.761665503897863,-0.546801364111104,0.546801364111104,2.29458184941827,-2.29458184941827,0.953685225828634,-0.953685225828634,0.723608556638243,-0.723608556638243,-1.35000382919602,1.35000382919602,-1.38107871824901,1.38107871824901,-0.163546704130412,0.163546704130412,-0.42463903848823,0.42463903848823,-2.19689736631368,2.19689736631368,0.0421019948253506,-0.0421019948253506,-0.537873659241495,0.537873659241495,0.564578995826623,-0.564578995826623,-0.201713774920236,0.201713774920236,0.681811878168652,-0.681811878168652,-1.71979284330257,1.71979284330257,-1.07996904193819,1.07996904193819,0.840259104372521,-0.840259104372521,-2.56233158426486,2.56233158426486,-2.89974407915408,2.89974407915408,-0.167223555547437,0.167223555547437,-1.42297640106975,1.42297640106975,-0.559180476948863,0.559180476948863,0.673209349527508,-0.673209349527508,1.81820170161325,-1.81820170161325,1.03899707411571,-1.03899707411571,-0.974698851210234,0.974698851210234,0.743593267817484,-0.743593267817484,-0.483719937468913,0.483719937468913,-0.808058706731083,0.808058706731083,-1.00738418067753,1.00738418067753,1.17773892729953,-1.17773892729953,0.324207344300231,-0.324207344300231,-0.601588724850408,0.601588724850408,-1.76616607988422,1.76616607988422,-1.91790532997789,1.91790532997789,-0.913637532828803,0.913637532828803,0.795176766864893,-0.795176766864893,1.69830809359886,-1.69830809359886,0.163568669968601,-0.163568669968601,0.199392644692909,-0.199392644692909,2.18491722155577,-2.18491722155577,-0.456472125841445,0.456472125841445,-0.823224097512207,0.823224097512207,2.32207610636645,-2.32207610636645,0.0631059088905754,-0.0631059088905754,-1.04855423536391,1.04855423536391,-0.126219549322596,0.126219549322596,-0.0863320749890175,0.0863320749890175,0.910231956391609,-0.910231956391609,1.40644037627705,-1.40644037627705,0.235809498778928,-0.235809498778928,0.662934483519125,-0.662934483519125,1.03915627795722,-1.03915627795722,-1.11063208784891,1.11063208784891,0.436443416588249,-0.436443416588249,0.851690715163843,-0.851690715163843,-0.121694122671755,0.121694122671755,-0.500727691591361,0.500727691591361,-1.3921361359838,1.3921361359838,-0.464257364782379,0.464257364782379,-2.25561943097123,2.25561943097123,1.39529778925278,-1.39529778925278,1.28725273096964,-1.28725273096964,-0.0671378732974774,0.0671378732974774,0.366708434907836,-0.366708434907836,0.26124311702753,-0.26124311702753,1.95750309032889,-1.95750309032889,-0.370483820638757,0.370483820638757,0.556874276725915,-0.556874276725915,0.103484935623175,-0.103484935623175,0.272618172172388,-0.272618172172388,0.184061042654473,-0.184061042654473,-0.183344337273515,0.183344337273515,0.587620432834223,-0.587620432834223,-1.53653952908525,1.53653952908525,0.500457449165345,-0.500457449165345,-0.250110796316699,0.250110796316699,-0.336733627881116,0.336733627881116,0.747356583300062,-0.747356583300062,-0.831960980365054,0.831960980365054,-0.441770651868231,0.441770651868231,-0.639769006266663,0.639769006266663,-1.04820601723385,1.04820601723385,-1.48741906007917,1.48741906007917,-0.151226435879914,0.151226435879914,-0.115193833484815,0.115193833484815,-0.0730829549532477,0.0730829549532477,-0.407521043711142,0.407521043711142,0.735948954842361,-0.735948954842361,0.133010816888954,-0.133010816888954,0.753361520442573,-0.753361520442573,0.330168837303709,-0.330168837303709,0.00492699097518077,-0.00492699097518077,1.10387407306757,-1.10387407306757,0.374155750057651,-0.374155750057651,-1.19973871733391,1.19973871733391,0.202821440633872,-0.202821440633872,0.746335327072659,-0.746335327072659,-0.904210997621238,0.904210997621238,0.98032166812671,-0.98032166812671,0.045172721021513,-0.045172721021513,0.0030721985544057,-0.0030721985544057,-0.0748309949132529,0.0748309949132529,1.05827542303272,-1.05827542303272,0.0936928089648251,-0.0936928089648251,-0.407898232418895,0.407898232418895,0.25205721220491,-0.25205721220491,1.78448130512757,-1.78448130512757,1.10140398671704,-1.10140398671704,1.49173001801853,-1.49173001801853,1.84162010374689,-1.84162010374689,2.06478906843042,-2.06478906843042,-0.509374785580205,0.509374785580205,-0.037329987698314,0.037329987698314,-1.10066908863117,1.10066908863117,0.400502405249498,-0.400502405249498,-1.47727120830177,1.47727120830177,-0.8244849598167,0.8244849598167,-0.196413028146189,0.196413028146189,0.1010304262349,-0.1010304262349,0.743664394351478,-0.743664394351478,1.10089505910992,-1.10089505910992,-0.981152956875837,0.981152956875837,-2.79974167497515,2.79974167497515,-0.579168086926884,0.579168086926884,0.880437406721764,-0.880437406721764,-0.1914638769296,0.1914638769296,0.675502838343736,-0.675502838343736,-0.785785354789796,0.785785354789796,0.202840110381597,-0.202840110381597,-1.23887989933201,1.23887989933201,0.500840265450035,-0.500840265450035,-0.098942210159937,0.098942210159937,0.212818015946619,-0.212818015946619,1.80194758518078,-1.80194758518078,-0.38666932498917,0.38666932498917,0.331552147244237,-0.331552147244237,-0.290538837778777,0.290538837778777,-1.24840642566014,1.24840642566014,0.640287792268296,-0.640287792268296,0.349448335016424,-0.349448335016424,-1.3604274807565,1.3604274807565,0.745798040511741,-0.745798040511741,-0.828452886646649,0.828452886646649,0.379813579950998,-0.379813579950998,-0.330641181605431,0.330641181605431,0.345144354908547,-0.345144354908547,-1.51516076133038,1.51516076133038,-2.7984140274558,2.7984140274558,0.652624466060617,-0.652624466060617,-0.694634709093356,0.694634709093356,1.26065805849629,-1.26065805849629,0.473996823929482,-0.473996823929482,-1.91321693263516,1.91321693263516,-0.968713254278353,0.968713254278353,-0.725038173894135,0.725038173894135,0.698101246966556,-0.698101246966556,1.51958374441265,-1.51958374441265,-0.292385071508324,0.292385071508324,0.143562431488482,-0.143562431488482,-0.0516788761713492,0.0516788761713492,0.454830692472486,-0.454830692472486,0.00548949560647449,-0.00548949560647449,-1.3332649703566,1.3332649703566,0.354872717309082,-0.354872717309082,-0.519894439245202,0.519894439245202,-1.27552717739488,1.27552717739488,1.65150531692534,-1.65150531692534,-1.11012857398604,1.11012857398604,-0.822105746582426,0.822105746582426,-0.848253271339112,0.848253271339112,0.221894989996734,-0.221894989996734,0.315135970246087,-0.315135970246087,-0.441562218249836,0.441562218249836,1.8271306942543,-1.8271306942543,0.251817301712483,-0.251817301712483,2.04513541447212,-2.04513541447212,0.18366472543958,-0.18366472543958,-0.0841487294550304,0.0841487294550304,-1.07566326370253,1.07566326370253,0.914463306168072,-0.914463306168072,0.765153679627792,-0.765153679627792,1.43373875880072,-1.43373875880072,-1.6452495108325,1.6452495108325,-0.152952341501582,0.152952341501582,0.0342572600980589,-0.0342572600980589,-1.92214975181011,1.92214975181011,0.0471940426806981,-0.0471940426806981,-0.191385236580787,0.191385236580787,0.57956697222687,-0.57956697222687,0.830017829798361,-0.830017829798361,0.402896330671213,-0.402896330671213,-0.375552567283019,0.375552567283019,0.1547033537784,-0.1547033537784,-2.20705310991805,2.20705310991805,0.466076234402619,-0.466076234402619,-0.585001174482128,0.585001174482128,-0.419529894169877,0.419529894169877,-1.26788665305939,1.26788665305939,-0.210815040275581,0.210815040275581,0.356908010108134,-0.356908010108134,0.679626603698028,-0.679626603698028,-0.243922345269066,0.243922345269066,-0.877148081646766,0.877148081646766,-1.36673797561209,1.36673797561209,-1.06371799002819,1.06371799002819,-0.547561358306192,0.547561358306192,-0.404076875119532,0.404076875119532,-1.0889288609372,1.0889288609372,0.921764471285303,-0.921764471285303,-2.71527334245391,2.71527334245391,-0.780209517579966,0.780209517579966,1.62577897817823,-1.62577897817823,-0.253354543123856,0.253354543123856,-1.75883804170644,1.75883804170644,-0.766631186251741,0.766631186251741,-0.828497476748214,0.828497476748214,2.12332547665717,-2.12332547665717,-1.07872770717918,1.07872770717918,-0.787276322516199,0.787276322516199,0.102061431643288,-0.102061431643288,-0.0404388697199182,0.0404388697199182,0.394072633573925,-0.394072633573925,-0.679118043521071,0.679118043521071,0.819622705426564,-0.819622705426564,-2.00908598192424,2.00908598192424,0.187456563615084,-0.187456563615084,-0.466705019125704,0.466705019125704,-0.470214601386843,0.470214601386843,-0.416846128192483,0.416846128192483,-0.301480061193732,0.301480061193732,0.426931835964477,-0.426931835964477,-1.05011270079616,1.05011270079616,0.946701370764765,-0.946701370764765,-0.189869350570594,0.189869350570594,1.18072918104671,-1.18072918104671,-0.412631817294567,0.412631817294567,1.50935601488797,-1.50935601488797,-0.397055392720016,0.397055392720016,1.35682565736125,-1.35682565736125,0.0425620360831634,-0.0425620360831634,-0.705539706942285,0.705539706942285,0.868298373464101,-0.868298373464101,-0.245640018252023,0.245640018252023,-0.434258220525932,0.434258220525932,1.74332000658017,-1.74332000658017,-1.12881993043211,1.12881993043211,-0.977468241670778,0.977468241670778,-0.143858143405707,0.143858143405707,0.885389629314747,-0.885389629314747,-0.208550139482515,0.208550139482515,-0.660267533069417,0.660267533069417,0.343719087436687,-0.343719087436687,0.282278782088861,-0.282278782088861,-0.0317551924550509,0.0317551924550509,0.827317571820676,-0.827317571820676,-0.699261515266857,0.699261515266857,-0.902771295753065,0.902771295753065,-0.178098614487549,0.178098614487549,-0.965223161381368,0.965223161381368,-0.255291648174668,0.255291648174668,0.788599701753732,-0.788599701753732,1.09172232483529,-1.09172232483529,0.00152947656625553,-0.00152947656625553,-0.665529342578618,0.665529342578618,1.99519039306926,-1.99519039306926,0.332908278419282,-0.332908278419282,0.170246541612798,-0.170246541612798,0.697732661334698,-0.697732661334698,-1.23259777732627,1.23259777732627,1.09549117761344,-1.09549117761344,0.903693576307292,-0.903693576307292,-0.802385555425029,0.802385555425029,-0.736634759719977,0.736634759719977,0.999346499522527,-0.999346499522527,0.501763879473333,-0.501763879473333,0.309568848178247,-0.309568848178247,1.55811155694467,-1.55811155694467,-0.298671556896259,0.298671556896259,0.63066459488459,-0.63066459488459,-2.5146498879473,2.5146498879473,-0.287548645676966,0.287548645676966,0.176849058594205,-0.176849058594205,-1.50252877957337,1.50252877957337,-0.765468469276243,0.765468469276243,0.670733630574835,-0.670733630574835,1.44641897483706,-1.44641897483706,0.369426048493118,-0.369426048493118,1.67097137772748,-1.67097137772748,1.65272440421577,-1.65272440421577,0.929666377564539,-0.929666377564539,0.601433479907966,-0.601433479907966,0.543153275696952,-0.543153275696952,-0.224356994894976,0.224356994894976,-0.644513974156047,0.644513974156047,-0.557436501799677,0.557436501799677,0.00479505637302452,-0.00479505637302452,-0.921077606771642,0.921077606771642,-0.118709584405809,0.118709584405809,-1.87144591000536,1.87144591000536,0.320014614657978,-0.320014614657978,0.864664246620241,-0.864664246620241,0.255717126612875,-0.255717126612875,1.17913201855183,-1.17913201855183,-0.156159162131168,0.156159162131168,-0.216629573773109,0.216629573773109,-1.02028107313717,1.02028107313717,0.665897579344594,-0.665897579344594,0.345810212115702,-0.345810212115702,0.618798482482921,-0.618798482482921,1.38125342405032,-1.38125342405032,1.0847009479858,-1.0847009479858,0.259993695132757,-0.259993695132757,-0.111447731299449,0.111447731299449,-1.09596089863416,1.09596089863416,-1.24323803490758,1.24323803490758,0.87030074143469,-0.87030074143469,-0.854463844653957,0.854463844653957,1.58953567664668,-1.58953567664668,1.26721567497076,-1.26721567497076,-1.34923028332762,1.34923028332762,0.318560055540848,-0.318560055540848,0.739334688228147,-0.739334688228147,0.0914293699070447,-0.0914293699070447,0.702955248117591,-0.702955248117591,1.21602161621942,-1.21602161621942,1.25001534494157,-1.25001534494157,-1.02646569855198,1.02646569855198,0.695900979529586,-0.695900979529586,-1.60442967958208,1.60442967958208,1.05446593661307,-1.05446593661307,-0.428015585711081,0.428015585711081,1.48064762480348,-1.48064762480348,-0.331464667370478,0.331464667370478,-0.733286503661878,0.733286503661878,-0.191665340694942,0.191665340694942,-0.448340078626526,0.448340078626526,-0.848802153883006,0.848802153883006,1.81020213656315,-1.81020213656315,-0.1272768278387,0.1272768278387,0.323951796675738,-0.323951796675738,-0.163068809519141,0.163068809519141,-0.102961207217441,0.102961207217441,-0.392976175571732,0.392976175571732,-0.891970722004724,0.891970722004724,-1.72247811077509,1.72247811077509,1.76465017977345,-1.76465017977345,-0.315179687261521,0.315179687261521,1.07918557616552,-1.07918557616552,-0.208727691828446,0.208727691828446,-0.634135436901054,0.634135436901054,1.0616296664247,-1.0616296664247,1.44578829307639,-1.44578829307639,0.579324273104583,-0.579324273104583,-0.495049261971129,0.495049261971129,-2.64941185532726,2.64941185532726,0.337407691856061,-0.337407691856061,-0.70640546667561,0.70640546667561,-0.785434920115551,0.785434920115551,-0.264583779267044,0.264583779267044,-0.317577501670048,0.317577501670048,-0.468443659072389,0.468443659072389,-0.625413209533755,0.625413209533755,1.27846590562264,-1.27846590562264,1.51368050183961,-1.51368050183961,-0.0845107964117603,0.0845107964117603,-0.710162950511572,0.710162950511572,0.351012728398909,-0.351012728398909,-0.0903016011652876,0.0903016011652876,0.0925634727904149,-0.0925634727904149,1.19210374320009,-1.19210374320009,-0.0810837445483399,0.0810837445483399,-1.27354422991422,1.27354422991422,0.81927141174062,-0.81927141174062,1.02904440478335,-1.02904440478335,-1.138526320198,1.138526320198,-0.984600398854395,0.984600398854395,-0.0295361870651987,0.0295361870651987,-1.01724658008056,1.01724658008056,0.560892715226162,-0.560892715226162,0.721568388750732,-0.721568388750732,-0.413602861517106,0.413602861517106,-0.179476863060301,0.179476863060301,-2.13756646397624,2.13756646397624,0.454781874527819,-0.454781874527819,0.528831763704345,-0.528831763704345,1.48523920401591,-1.48523920401591,-0.230719321893633,0.230719321893633,1.99821746931696,-1.99821746931696,0.523981537273852,-0.523981537273852,-0.0196913592367781,0.0196913592367781,-0.0223241158430687,0.0223241158430687,-2.13519250312724,2.13519250312724,-0.0648877818216748,0.0648877818216748,-1.00606047243911,1.00606047243911,-1.50358544762658,1.50358544762658,0.886510940732042,-0.886510940732042,-1.06825880319974,1.06825880319974,3.116429075858,-3.116429075858,0.837788897479741,-0.837788897479741,0.905397083210896,-0.905397083210896,-1.18739688349259,1.18739688349259,-0.761591391859833,0.761591391859833,0.839884874852434,-0.839884874852434,-1.84101302586713,1.84101302586713,-0.985002612719459,0.985002612719459,2.11669275085761,-2.11669275085761,-0.507276827972692,0.507276827972692,-0.081060271331428,0.081060271331428,-0.0734220929579865,0.0734220929579865,-0.797156269656842,0.797156269656842,-0.915501094801269,0.915501094801269,-0.367943908783693,0.367943908783693,0.448496307450435,-0.448496307450435,-0.725335225942549,0.725335225942549,1.36593296203404,-1.36593296203404,0.972607039920081,-0.972607039920081,-1.79745712728224,1.79745712728224,-0.424979781297217,0.424979781297217,-1.17286336853733,1.17286336853733,1.68958774270974,-1.68958774270974,-1.84859411579403,1.84859411579403,1.15853018015121,-1.15853018015121,-1.93150109069147,1.93150109069147,1.46572164866804,-1.46572164866804,-1.01709214257382,1.01709214257382,-0.175633164306076,0.175633164306076,0.60668008031749,-0.60668008031749,1.91694930380533,-1.91694930380533,1.0240480514205,-1.0240480514205,-0.0241726909765483,0.0241726909765483,1.66814638209145,-1.66814638209145,0.0568144502255968,-0.0568144502255968,-0.859216229206861,0.859216229206861,-0.11653053768347,0.11653053768347,-1.4170335094432,1.4170335094432,0.600466584146968,-0.600466584146968,1.16883799509113,-1.16883799509113,0.956674723638773,-0.956674723638773,-0.840375438589131,0.840375438589131,0.301436710683614,-0.301436710683614,1.58196933913924,-1.58196933913924,-1.96499854086733,1.96499854086733,0.939386414097014,-0.939386414097014,0.383664137641217,-0.383664137641217,-0.890223624576641,0.890223624576641,-0.226031609140641,0.226031609140641,-0.373068803176956,0.373068803176956,1.25298911060655,-1.25298911060655,-1.63971897716398,1.63971897716398,-1.90796390674283,1.90796390674283,-0.845996274538044,0.845996274538044,0.51344389842343,-0.51344389842343,-0.0688141430774648,0.0688141430774648,-0.0937457176673412,0.0937457176673412,0.79209133941274,-0.79209133941274,0.730777503631201,-0.730777503631201,-0.983660029252005,0.983660029252005,0.192849503483008,-0.192849503483008,1.13234475065377,-1.13234475065377,1.07338392906192,-1.07338392906192,-1.07227484754858,1.07227484754858,-0.234449219059432,0.234449219059432,0.926812303734309,-0.926812303734309,0.206644571801514,-0.206644571801514,2.03646639244006,-2.03646639244006,-0.455142708854294,0.455142708854294,1.68503680125148,-1.68503680125148,-1.77280586657355,1.77280586657355,1.05981152835666,-1.05981152835666,1.33076902041237,-1.33076902041237,-2.17295015993046,2.17295015993046,0.967004359800218,-0.967004359800218,-0.926191941306665,0.926191941306665,-2.17127072222951,2.17127072222951,0.867665914471484,-0.867665914471484,0.420272353497346,-0.420272353497346,0.159623436667025,-0.159623436667025,-0.0313588344196437,0.0313588344196437,-0.426492712795507,0.426492712795507,0.395495256316168,-0.395495256316168,-0.432040377696546,0.432040377696546,-0.216061966991066,0.216061966991066,-0.419788536656179,0.419788536656179,-0.860116361147813,0.860116361147813,-1.4769704377157,1.4769704377157,-0.201055773802735,0.201055773802735,-0.75507239277958,0.75507239277958,1.11531560584857,-1.11531560584857,0.785768959800827,-0.785768959800827,-0.206356673472191,0.206356673472191,-1.25877478836189,1.25877478836189,1.84325082492498,-1.84325082492498,-1.14897096098087,1.14897096098087,-0.423726111654839,0.423726111654839,-0.613544294020385,0.613544294020385,1.71771109158894,-1.71771109158894,0.611882554621189,-0.611882554621189,-0.835080343624762,0.835080343624762,-0.77996141835604,0.77996141835604,-0.859816183639434,0.859816183639434,-0.605991925654311,0.605991925654311,0.607370746698744,-0.607370746698744,0.271189252883843,-0.271189252883843,-0.200667244456533,0.200667244456533,0.521260053769003,-0.521260053769003,0.360654459195006,-0.360654459195006,0.957053179071298,-0.957053179071298,0.447124705853083,-0.447124705853083,0.994513362900747,-0.994513362900747,0.822960897266542,-0.822960897266542,0.906983214269825,-0.906983214269825,-1.0043049499532,1.0043049499532,0.836051017796653,-0.836051017796653,1.47990993805128,-1.47990993805128,0.934781914099506,-0.934781914099506,-1.14606055448232,1.14606055448232,0.0938012574380837,-0.0938012574380837,1.04294458719606,-1.04294458719606,-0.00046167705369172,0.00046167705369172,-2.31428029446591,2.31428029446591,0.96616542263894,-0.96616542263894,-0.691184898266416,0.691184898266416,-0.533275787805061,0.533275787805061,0.554924783642394,-0.554924783642394,-0.482461622749674,0.482461622749674,-0.941880439571485,0.941880439571485,0.0227994562482248,-0.0227994562482248,-1.45903777820038,1.45903777820038,1.55640793048562,-1.55640793048562,-2.32185931825123,2.32185931825123,-0.52902877995781,0.52902877995781,-0.181371443535806,0.181371443535806,-1.26916428036115,1.26916428036115,0.846695657324521,-0.846695657324521,-0.981400366615253,0.981400366615253,-0.208988379855916,0.208988379855916,0.240574766074316,-0.240574766074316,1.1569588742301,-1.1569588742301,0.490788287994196,-0.490788287994196,0.200680029773891,-0.200680029773891,-1.1456110009844,1.1456110009844,-0.996763512769594,0.996763512769594,1.69331930947227,-1.69331930947227,-1.0403739888954,1.0403739888954,0.499814900611384,-0.499814900611384,-2.51607288712403,2.51607288712403,0.567956447450002,-0.567956447450002,-1.85000562036358,1.85000562036358,-0.116454312336357,0.116454312336357,0.0794105729608362,-0.0794105729608362,0.340967620813643,-0.340967620813643,0.717298011288976,-0.717298011288976,0.722522155359458,-0.722522155359458,-0.0322640401552177,0.0322640401552177,-0.86434821152599,0.86434821152599,-1.1735532210348,1.1735532210348,0.34139048450384,-0.34139048450384,-0.74076525501289,0.74076525501289,-0.880624120642602,0.880624120642602,-0.552473216799666,0.552473216799666,0.809014237423923,-0.809014237423923,0.957513803149074,-0.957513803149074,0.00927209068909215,-0.00927209068909215,-1.85911167158425,1.85911167158425,1.59672281342739,-1.59672281342739,0.384135338890808,-0.384135338890808,-0.655881478061253,0.655881478061253,-0.406278147173757,0.406278147173757,-1.49104662347025,1.49104662347025,0.997255516916936,-0.997255516916936,0.382188997085557,-0.382188997085557,0.891978334810181,-0.891978334810181,0.475515976229261,-0.475515976229261,-0.608718555156116,0.608718555156116,1.57878510458282,-1.57878510458282,3.19174415250723,-3.19174415250723,0.496571940139462,-0.496571940139462,0.771438703371251,-0.771438703371251,-1.0057747975477,1.0057747975477,-1.15484250781971,1.15484250781971,2.10468219977557,-2.10468219977557,-0.97581237802352,0.97581237802352,-0.365672126453295,0.365672126453295,-1.12085472949586,1.12085472949586,1.39307576661267,-1.39307576661267,-0.40829642997801,0.40829642997801,-0.237109329571902,0.237109329571902,-1.12248746707325,1.12248746707325,-1.15192859972928,1.15192859972928,0.193960400138875,-0.193960400138875,0.124204678383464,-0.124204678383464,-0.380486634797703,0.380486634797703,-0.488267392070972,0.488267392070972,0.236734578323411,-0.236734578323411,1.93779136796724,-1.93779136796724,-0.16514801011799,0.16514801011799,1.4243049292039,-1.4243049292039,0.782209687059945,-0.782209687059945,-0.125820875413615,0.125820875413615,-0.830941816415114,0.830941816415114,-1.53484623648756,1.53484623648756,-1.54439747173448,1.54439747173448,0.0716595141097405,-0.0716595141097405,-0.913003385500565,0.913003385500565,0.85746833220327,-0.85746833220327,0.7226916005756,-0.7226916005756,-0.0461088022368562,0.0461088022368562,-0.511736699039493,0.511736699039493,0.537724489031593,-0.537724489031593,0.64050517245756,-0.64050517245756,1.27079509417388,-1.27079509417388,0.447873478256242,-0.447873478256242,-0.741545064674392,0.741545064674392,0.783977932968211,-0.783977932968211,-0.024142061420667,0.024142061420667,-0.641356544130589,0.641356544130589,0.0225140297801518,-0.0225140297801518,0.301596900023742,-0.301596900023742,-0.159282420679707,0.159282420679707,-1.18622974212754,1.18622974212754,-2.54884278719563,2.54884278719563,0.482371347564902,-0.482371347564902,-1.98962938362201,1.98962938362201,0.246293945857222,-0.246293945857222,0.594707536745777,-0.594707536745777,-1.15113932952816,1.15113932952816,-0.248244044466676,0.248244044466676,1.73273979175101,-1.73273979175101,-0.35850141189195,0.35850141189195,1.83112221948606,-1.83112221948606,-0.128145929715058,0.128145929715058,1.12167120554855,-1.12167120554855,-0.983373595157792,0.983373595157792,0.194728398278449,-0.194728398278449,-0.917324965333961,0.917324965333961,0.478971834814662,-0.478971834814662,-1.03155375481464,1.03155375481464,-0.531140760748883,0.531140760748883,-0.261896815720975,0.261896815720975,-1.20031692267135,1.20031692267135,-0.121165366931452,0.121165366931452,-0.914350144491054,0.914350144491054,1.02750597843714,-1.02750597843714,-0.194163910247194,0.194163910247194,0.226910370197038,-0.226910370197038,0.276963768945883,-0.276963768945883,0.597772311197677,-0.597772311197677,0.147562094526316,-0.147562094526316,-1.27195435324798,1.27195435324798,1.5267012298608,-1.5267012298608,-0.840726796682702,0.840726796682702,0.144985294414139,-0.144985294414139,0.478374447426848,-0.478374447426848,1.1275951353166,-1.1275951353166,-1.3591637432085,1.3591637432085,-0.243346564568556,0.243346564568556,1.14446153625523,-1.14446153625523,1.24896036703231,-1.24896036703231,0.982258818555867,-0.982258818555867,0.517176275026045,-0.517176275026045,1.51545909912271,-1.51545909912271,0.403122132397825,-0.403122132397825,-0.609094097705614,0.609094097705614,0.715723413757652,-0.715723413757652,0.379885622948796,-0.379885622948796,0.807757049398975,-0.807757049398975,1.36545567931953,-1.36545567931953,-1.96578534823234,1.96578534823234,-1.54805809591189,1.54805809591189,0.665014197498741,-0.665014197498741,2.13288681663378,-2.13288681663378,-0.0928453816226904,0.0928453816226904,0.732177169560033,-0.732177169560033,0.0685642416884582,-0.0685642416884582,-1.16940649047827,1.16940649047827,-1.78885885519215,1.78885885519215,0.545478423102358,-0.545478423102358,1.3600281922392,-1.3600281922392,0.477301920986132,-0.477301920986132,-1.71072135203917,1.71072135203917,0.228945251597712,-0.228945251597712,-0.0179387137115545,0.0179387137115545,0.319943070149794,-0.319943070149794,0.369885331694422,-0.369885331694422,1.34203072029708,-1.34203072029708,-0.535249587084793,0.535249587084793,0.805571910371705,-0.805571910371705,-1.7431024096692,1.7431024096692,0.102770128673605,-0.102770128673605,-0.334927967558124,0.334927967558124,0.261295019877045,-0.261295019877045,1.31664278202197,-1.31664278202197,-0.442396542154543,0.442396542154543,-0.632431491634814,0.632431491634814,1.22786960713391,-1.22786960713391,-1.0929411325639,1.0929411325639,-1.03781664782219,1.03781664782219,-0.916030265849169,0.916030265849169,-0.36089628932562,0.36089628932562,0.231227586438924,-0.231227586438924,-0.565263011979087,0.565263011979087,-0.359787031579963,0.359787031579963,0.298960692294357,-0.298960692294357,1.00521882325696,-1.00521882325696,0.663344205028527,-0.663344205028527,1.17684523998089,-1.17684523998089,-0.157912271780538,0.157912271780538,0.667492588904876,-0.667492588904876,0.701060461096066,-0.701060461096066,-0.625402156651418,0.625402156651418,0.988875790590421,-0.988875790590421,0.897149614265624,-0.897149614265624,0.433034528756484,-0.433034528756484,1.68969542284484,-1.68969542284484,-0.2271005912531,0.2271005912531,-0.0557825235920447,0.0557825235920447,-1.74819930109975,1.74819930109975,1.74511987726905,-1.74511987726905,-0.362723834133345,0.362723834133345,-0.0950225773643612,0.0950225773643612,0.583087724727052,-0.583087724727052,0.220210604139184,-0.220210604139184,0.498476337724326,-0.498476337724326,0.340409514458486,-0.340409514458486,0.767127972038257,-0.767127972038257,0.964627879506466,-0.964627879506466,1.18794005690825,-1.18794005690825,-0.0235370279459119,0.0235370279459119,-0.775779525787673,0.775779525787673,-0.277427034120366,0.277427034120366,0.747795274446373,-0.747795274446373,0.402020111300878,-0.402020111300878,1.05191182747947,-1.05191182747947,1.10287488807445,-1.10287488807445,-0.237260587118877,0.237260587118877,2.03398285051802,-2.03398285051802,0.905403545023026,-0.905403545023026,-0.0852811110669569,0.0852811110669569,1.33657938949194,-1.33657938949194,0.0521285173879553,-0.0521285173879553,-1.30653755685577,1.30653755685577,-1.40269641702474,1.40269641702474,-0.614618433025263,0.614618433025263,1.00333983083291,-1.00333983083291,0.173568490887489,-0.173568490887489,0.466247575057166,-0.466247575057166,1.86753936402193,-1.86753936402193,-0.114935770580534,0.114935770580534,-0.649128005048852,0.649128005048852,-0.0240942194761129,0.0240942194761129,0.874992568909993,-0.874992568909993,0.66378850178407,-0.66378850178407,0.138013553093601,-0.138013553093601,0.152600489674196,-0.152600489674196,1.54371760567566,-1.54371760567566,1.39111859340948,-1.39111859340948,-0.327821207064919,0.327821207064919,-0.296331589286004,0.296331589286004,-1.16873069359961,1.16873069359961,-0.33057529219737,0.33057529219737,1.67688658654346,-1.67688658654346,-0.811473466045749,0.811473466045749,0.91591837480796,-0.91591837480796,-0.62401472038203,0.62401472038203,-1.28539021965616,1.28539021965616,-0.289168918748498,0.289168918748498,1.21683146271374,-1.21683146271374,0.113845249797918,-0.113845249797918,0.548720024865802,-0.548720024865802,0.411335385935886,-0.411335385935886,1.02165177641962,-1.02165177641962,-0.885887464143435,0.885887464143435,-0.581615669645301,0.581615669645301,0.105966764914831,-0.105966764914831,0.393742365764554,-0.393742365764554,0.672910516312391,-0.672910516312391,0.944800687919152,-0.944800687919152,-1.01220616367446,1.01220616367446,0.625822539315574,-0.625822539315574,-1.93929511774347,1.93929511774347,-0.369661000548225,0.369661000548225,0.49396162537663,-0.49396162537663,-0.875352159476607,0.875352159476607,-1.77542920248941,1.77542920248941,-0.242774639941318,0.242774639941318,1.80017531201884,-1.80017531201884,0.93443069796036,-0.93443069796036,-0.44382557773203,0.44382557773203,0.076200377893631,-0.076200377893631,-0.588830058357417,0.588830058357417,-0.665499372162808,0.665499372162808,0.297507988222788,-0.297507988222788,0.631324383142858,-0.631324383142858,-0.465726427287804,0.465726427287804,-0.306490518980266,0.306490518980266,-1.06780034862901,1.06780034862901,-1.35788214559045,1.35788214559045,-0.516200083500934,0.516200083500934,0.637574519414822,-0.637574519414822,-0.206158723602094,0.206158723602094,1.80042962528352,-1.80042962528352,0.27938202733993,-0.27938202733993,0.149970520058493,-0.149970520058493,-1.95366875895204,1.95366875895204,0.0270599204742498,-0.0270599204742498
