1.10133759287028,-1.10133759287028,-1.2358916666598,1.2358916666598,-1.25731057409263,1.25731057409263,0.88928880235008,-0.88928880235008,1.16215018783097,-1.16215018783097,0.381973576381866,-0.381973576381866,-1.84796011923247,1.84796011923247,-0.926009626325992,0.926009626325992,0.770614944543966,-0.770614944543966,-1.63811413758496,1.63811413758496,-2.07976894391736,2.07976894391736,-0.0602867520708092,0.0602867520708092,0.72916464972748,-0.72916464972748,-0.087463998051457,0.087463998051457,-0.113139995307424,0.113139995307424,-0.843961838804799,0.843961838804799,-0.380218478037569,0.380218478037569,-0.0428880952728886,0.0428880952728886,0.382966817199978,-0.382966817199978,-1.28513423260747,1.28513423260747,0.847001546244287,-0.847001546244287,0.827013311528702,-0.827013311528702,-0.0500617212300124,0.0500617212300124,-0.894806250333435,0.894806250333435,0.053087146702277,-0.053087146702277,1.18196098416695,-1.18196098416695,-1.82380521529891,1.82380521529891,-0.239474262476922,0.239474262476922,-1.52715690314464,1.52715690314464,0.568456696797915,-0.568456696797915,0.0815953393656218,-0.0815953393656218,-1.78119251285008,1.78119251285008,0.327477416133106,-0.327477416133106,0.265922280054804,-0.265922280054804,-0.80481740835172,0.80481740835172,0.024464107655386,-0.024464107655386,2.13597752545838,-2.13597752545838,0.879508523884593,-0.879508523884593,0.965923216942077,-0.965923216942077,-0.315707023259235,0.315707023259235,-0.431884673558136,0.431884673558136,-0.622483080264527,0.622483080264527,-0.910055332404432,0.910055332404432,0.183548076712417,-0.183548076712417,1.07205492397765,-1.07205492397765,-1.42067258925194,1.42067258925194,-0.220744270726504,0.220744270726504,1.28656663927089,-1.28656663927089,0.398095726702792,-0.398095726702792,0.711388305874248,-0.711388305874248,0.441167938211138,-0.441167938211138,0.683641371745888,-0.683641371745888,-1.49675790024369,1.49675790024369,-0.820462250512313,0.820462250512313,-0.0151887866236147,0.0151887866236147,1.39737222938742,-1.39737222938742,-0.11939597760347,0.11939597760347,1.07524545600574,-1.07524545600574,-0.522135153556705,0.522135153556705,-0.124234650319026,0.124234650319026,1.69898281018716,-1.69898281018716,-0.074859315219248,0.074859315219248,-1.32576655864686,1.32576655864686,0.982538847224297,-0.982538847224297,0.327282110372766,-0.327282110372766,-1.679062465341,1.679062465341,-0.964347244213643,0.964347244213643,-0.547220386878441,0.547220386878441,-0.279124939057501,0.279124939057501,-0.403234925044748,0.403234925044748,-0.264289246083053,0.264289246083053,-0.768585174670933,0.768585174670933,2.63517162607852,-2.63517162607852,3.09231169014811,-3.09231169014811,0.105232931304035,-0.105232931304035,0.0670038532157944,-0.0670038532157944,0.743947055259534,-0.743947055259534,-0.736514901053803,0.736514901053803,-0.554288909619258,0.554288909619258,-0.853706451540007,0.853706451540007,0.263214650988998,-0.263214650988998,-0.22257637022882,0.22257637022882,-0.256358341536216,0.256358341536216,0.177033362506774,-0.177033362506774,-1.96864921007508,1.96864921007508,0.784446276076878,-0.784446276076878,1.4883571217034,-1.4883571217034,-0.414919605405794,0.414919605405794,0.454766342375078,-0.454766342375078,1.02449643519039,-1.02449643519039,0.431358924205269,-0.431358924205269,-0.248545029383884,0.248545029383884,-1.88960095160542,1.88960095160542,1.10638303703358,-1.10638303703358,-0.602012042469052,0.602012042469052,0.524397779718624,-0.524397779718624,0.187877642127107,-0.187877642127107,0.346885208043253,-0.346885208043253,1.00561055145063,-1.00561055145063,-0.442653298930059,0.442653298930059,-0.453864380967347,0.453864380967347,0.51844334850035,-0.51844334850035,-0.295625567900243,0.295625567900243,0.173072866571658,-0.173072866571658,-0.356879842685419,0.356879842685419,-0.047346868062566,0.047346868062566,1.71536829613251,-1.71536829613251,-0.872871571711656,0.872871571711656,-2.00469996535946,2.00469996535946,0.0167989503750179,-0.0167989503750179,2.04946388702454,-2.04946388702454,0.584578392036128,-0.584578392036128,-0.823525420446816,0.823525420446816,-0.492353750773034,0.492353750773034,1.96906336683878,-1.96906336683878,1.28807765621074,-1.28807765621074,0.195186046539642,-0.195186046539642,-1.38599189275804,1.38599189275804,0.0527705605404792,-0.0527705605404792,1.21714751525213,-1.21714751525213,-0.977334160794036,0.977334160794036,0.965958115546614,-0.965958115546614,0.502766375366851,-0.502766375366851,0.0915115955685813,-0.0915115955685813,0.872128408919729,-0.872128408919729,-0.806486160382651,0.806486160382651,0.938415912941704,-0.938415912941704,-1.05095515757812,1.05095515757812,1.04405101354647,-1.04405101354647,-1.63422317373214,1.63422317373214,0.921583265636557,-0.921583265636557,-0.147697172637687,0.147697172637687,0.505420477840056,-0.505420477840056,0.941640418639848,-0.941640418639848,0.319789431400155,-0.319789431400155,0.655959445343602,-0.655959445343602,0.240446297517579,-0.240446297517579,1.06872771604132,-1.06872771604132,-0.302459956592136,0.302459956592136,-0.453140816420419,0.453140816420419,-1.29669654208403,1.29669654208403,0.674292965127299,-0.674292965127299,-3.30306082994132,3.30306082994132,-2.13462213358044,2.13462213358044,-1.18407712905991,1.18407712905991,-0.395869893925723,0.395869893925723,-0.427216508875397,0.427216508875397,1.14911720824393,-1.14911720824393,-0.873784635183731,0.873784635183731,-0.979569512705055,0.979569512705055,1.19387451374807,-1.19387451374807,-0.136183822890502,0.136183822890502,1.37129542579351,-1.37129542579351,0.357601464471497,-0.357601464471497,1.20609425323294,-1.20609425323294,-1.17724498965274,1.17724498965274,-0.336408917837205,0.336408917837205,-1.82914303957004,1.82914303957004,-1.0337355332125,1.0337355332125,-1.22052919230187,1.22052919230187,-1.49772558449968,1.49772558449968,-0.837142818963006,0.837142818963006,0.0862624239898459,-0.0862624239898459,0.141802258670089,-0.141802258670089,0.978251559465011,-0.978251559465011,1.04213679752699,-1.04213679752699,0.807631899063559,-0.807631899063559,-0.38345059983624,0.38345059983624,0.288802787179408,-0.288802787179408,-1.50828222498785,1.50828222498785,-0.516943444415036,0.516943444415036,1.33569582095565,-1.33569582095565,0.176300636765159,-0.176300636765159,0.783718755679748,-0.783718755679748,0.469671147731569,-0.469671147731569,-1.77470009498454,1.77470009498454,-1.061210950214,1.061210950214,-1.39631595381798,1.39631595381798,-1.25307004074347,1.25307004074347,-0.373969157766668,0.373969157766668,0.153452163299312,-0.153452163299312,-0.209016511764486,0.209016511764486,0.777546495958584,-0.777546495958584,-0.991957768635138,0.991957768635138,1.4861103403019,-1.4861103403019,0.273411977939705,-0.273411977939705,-0.421662372651784,0.421662372651784,-0.0754716976450245,0.0754716976450245,-1.85097782919473,1.85097782919473,-1.40056325404698,1.40056325404698,-0.42932779224043,0.42932779224043,1.37555046449732,-1.37555046449732,-2.17242734930068,2.17242734930068,-1.09125680157394,1.09125680157394,1.52560461026836,-1.52560461026836,-0.171311808659933,0.171311808659933,-1.74955856334774,1.74955856334774,-0.353809885434199,0.353809885434199,-0.838594050800515,0.838594050800515,-0.453097341668754,0.453097341668754,-0.281965436248454,0.281965436248454,1.01144816852739,-1.01144816852739,-0.932634747723459,0.932634747723459,-0.613010214202596,0.613010214202596,-0.550574469259307,0.550574469259307,-0.193827298867108,0.193827298867108,0.755789720248546,-0.755789720248546,0.0452166605984724,-0.0452166605984724,1.25449334042905,-1.25449334042905,-0.613585494748975,0.613585494748975,-1.06928877367216,1.06928877367216,-0.171978846313656,0.171978846313656,-1.09931728894465,1.09931728894465,-0.474929331574884,0.474929331574884,-1.31193521183834,1.31193521183834,0.734355330956511,-0.734355330956511,1.0888278235174,-1.0888278235174,-1.03189519561462,1.03189519561462,-0.461517298767521,0.461517298767521,1.71447324919771,-1.71447324919771,0.358273180980493,-0.358273180980493,-1.16988306969662,1.16988306969662,0.827232949781867,-0.827232949781867,-0.242784490990699,0.242784490990699,-0.802484609629783,0.802484609629783,0.217938324791885,-0.217938324791885,2.06719168792331,-2.06719168792331,0.353073505279405,-0.353073505279405,-0.433130009397927,0.433130009397927,0.436559625727649,-0.436559625727649,0.264798417883601,-0.264798417883601,0.579663904131601,-0.579663904131601,-0.412733750483102,0.412733750483102,0.74715848743183,-0.74715848743183,1.18829550039103,-1.18829550039103,-0.468339476060779,0.468339476060779,-0.322359040177748,0.322359040177748,-0.359612267807558,0.359612267807558,-0.284140209547496,0.284140209547496,0.23655718291876,-0.23655718291876,-0.609141187099184,0.609141187099184,1.20267604843562,-1.20267604843562,-0.582947602870307,0.582947602870307,-0.69356578577409,0.69356578577409,-0.898214748468901,0.898214748468901,-1.42307213530761,1.42307213530761,-0.194725923622348,0.194725923622348,-1.13217311482738,1.13217311482738,1.60044748541115,-1.60044748541115,0.939700056127844,-0.939700056127844,0.00500217214633158,-0.00500217214633158,-0.0582653255203986,0.0582653255203986,1.14850743412712,-1.14850743412712,1.30631020618056,-1.30631020618056,2.05810725055386,-2.05810725055386,-1.87400762065168,1.87400762065168,-0.923694519158771,0.923694519158771,0.610883933449515,-0.610883933449515,-0.608942292155504,0.608942292155504,0.140681183300025,-0.140681183300025,2.52792483282333,-2.52792483282333,-0.394210463552532,0.394210463552532,-0.218509246648733,0.218509246648733,-1.24266927084199,1.24266927084199,0.697871534813613,-0.697871534813613,0.854133484451756,-0.854133484451756,0.842396748662741,-0.842396748662741,0.531301823193391,-0.531301823193391,-1.11620851810322,1.11620851810322,-0.991332560218721,0.991332560218721,-1.86550108829405,1.86550108829405,-0.617730579617717,0.617730579617717,0.231955415266224,-0.231955415266224,0.274783336941889,-0.274783336941889,-0.447952125075223,0.447952125075223,-1.84075140201175,1.84075140201175,-0.716231750784196,0.716231750784196,-0.265234368153893,0.265234368153893,0.135608580385428,-0.135608580385428,0.170238366799034,-0.170238366799034,1.27062534903542,-1.27062534903542,-0.0211187461130021,0.0211187461130021,-0.984960052264777,0.984960052264777,-0.110124437434254,0.110124437434254,1.90157090972275,-1.90157090972275,0.753296264667033,-0.753296264667033,1.53564599343713,-1.53564599343713,2.55753279010818,-2.55753279010818,0.938395190218993,-0.938395190218993,0.288407731025648,-0.288407731025648,-0.608209689667597,0.608209689667597,-0.198241000937002,0.198241000937002,0.721978176611021,-0.721978176611021,2.05136424663651,-2.05136424663651,0.255544587944435,-0.255544587944435,-0.946589050676436,0.946589050676436,0.273799444084416,-0.273799444084416,0.320509463087424,-0.320509463087424,-0.611149650945308,0.611149650945308,-1.0972750706189,1.0972750706189,-1.07408872892013,1.07408872892013,0.846936139529325,-0.846936139529325,0.643662746975281,-0.643662746975281,-0.218409562851932,0.218409562851932,-0.352464645612348,0.352464645612348,0.864042585118483,-0.864042585118483,-0.502654518296787,0.502654518296787,2.48035618564322,-2.48035618564322,-0.814074623806235,0.814074623806235,1.59700690176377,-1.59700690176377,0.0179211309500246,-0.0179211309500246,0.993755651453677,-0.993755651453677,-1.06153008509803,1.06153008509803,1.16435378732031,-1.16435378732031,0.0523087978402339,-0.0523087978402339,1.06666372942587,-1.06666372942587,-1.54717808236701,1.54717808236701,-0.510790336161213,0.510790336161213,-0.58690308398802,0.58690308398802,-0.180819669444979,0.180819669444979,2.60398239434152,-2.60398239434152,-0.554108411825089,0.554108411825089,-0.870153532041368,0.870153532041368,-1.19449000321756,1.19449000321756,-0.984993782090671,0.984993782090671,1.14582689726444,-1.14582689726444,2.99686683768179,-2.99686683768179,0.292632120645605,-0.292632120645605,-0.865679662475598,0.865679662475598,-1.7178108345922,1.7178108345922,-1.20343977814997,1.20343977814997,1.45764633609559,-1.45764633609559,-0.44616156987508,0.44616156987508,0.824783273748437,-0.824783273748437,1.17180165000995,-1.17180165000995,-0.44148401920555,0.44148401920555,-0.234470571459744,0.234470571459744,-0.918956257805842,0.918956257805842,0.755287928953514,-0.755287928953514,-0.830906489866672,0.830906489866672,0.722785724452321,-0.722785724452321,-0.110224851957658,0.110224851957658,1.18518519858745,-1.18518519858745,-0.676688048725132,0.676688048725132,0.725933596056926,-0.725933596056926,-0.7158895833546,0.7158895833546,0.107776399008832,-0.107776399008832,1.27845634467678,-1.27845634467678,1.88175935067154,-1.88175935067154,1.76522260988471,-1.76522260988471,0.0875460234396373,-0.0875460234396373,1.61939906816923,-1.61939906816923,-0.0696032072934858,0.0696032072934858,-0.241441876347333,0.241441876347333,-0.83313853719113,0.83313853719113,-0.776527603491566,0.776527603491566,1.17137931866747,-1.17137931866747,-0.813546469836892,0.813546469836892,0.533044068299612,-0.533044068299612,-2.39418136867579,2.39418136867579,0.825631617215998,-0.825631617215998,-0.667673994917244,0.667673994917244,0.366909088112934,-0.366909088112934,0.1312817891769,-0.1312817891769,0.194986218708621,-0.194986218708621,0.991071174232618,-0.991071174232618,-0.373899565578547,0.373899565578547,-1.20790161413886,1.20790161413886,-0.131030884854179,0.131030884854179,-0.768735930942918,0.768735930942918,1.09493771948372,-1.09493771948372,0.0692082496266474,-0.0692082496266474,-0.362119776885272,0.362119776885272,1.29518961677906,-1.29518961677906,0.803339319745464,-0.803339319745464,-0.872039019703356,0.872039019703356,-0.69221133720405,0.69221133720405,0.628670708625993,-0.628670708625993,-0.428415949647359,0.428415949647359,-0.262849957236216,0.262849957236216,0.218393254281942,-0.218393254281942,0.768551340095485,-0.768551340095485,0.653572937371294,-0.653572937371294,0.681557241936662,-0.681557241936662,-0.511515181842884,0.511515181842884,-0.767636400087317,0.767636400087317,0.561818093454803,-0.561818093454803,-0.130123714956596,0.130123714956596,0.882676465423061,-0.882676465423061,0.0624904498607798,-0.0624904498607798,0.384919253981031,-0.384919253981031,-1.84842359447084,1.84842359447084,0.782185852717884,-0.782185852717884,1.15727205621628,-1.15727205621628,0.0494715511634951,-0.0494715511634951,0.475470211013612,-0.475470211013612,-1.07770170803826,1.07770170803826,-0.426591004253087,0.426591004253087,0.913717737083461,-0.913717737083461,0.482570528199514,-0.482570528199514,1.19946990643711,-1.19946990643711,-0.311287728229612,0.311287728229612,-1.1625743648888,1.1625743648888,0.214358305772667,-0.214358305772667,0.419115899490331,-0.419115899490331,1.30699215872419,-1.30699215872419,1.02066594392833,-1.02066594392833,0.985343931311442,-0.985343931311442,-2.07732252538089,2.07732252538089,-0.766767903009294,0.766767903009294,-1.59471386709002,1.59471386709002,-0.532125474604922,0.532125474604922,-1.78607101221853,1.78607101221853,0.543477401104394,-0.543477401104394,-1.63993156849991,1.63993156849991,0.484061236003214,-0.484061236003214,0.119965339324477,-0.119965339324477,0.757931173468758,-0.757931173468758,1.83642906855387,-1.83642906855387,-0.662507559666716,0.662507559666716,0.210982278595269,-0.210982278595269,1.43284071095488,-1.43284071095488,-0.678004167030316,0.678004167030316,2.35212033786862,-2.35212033786862,-1.40803638422346,1.40803638422346,0.489703586781207,-0.489703586781207,-0.045392730906992,0.045392730906992,-0.147556781928518,0.147556781928518,0.289518468695811,-0.289518468695811,-2.01017285061942,2.01017285061942,1.9676946329229,-1.9676946329229,0.188301470631748,-0.188301470631748,-0.820928515076965,0.820928515076965,0.0974450353847383,-0.0974450353847383,0.225131164231983,-0.225131164231983,-0.691868037897147,0.691868037897147,0.980814880208976,-0.980814880208976,-1.30249955386345,1.30249955386345,0.867244431972671,-0.867244431972671,-0.715509366390459,0.715509366390459,-1.38420711619796,1.38420711619796,-0.798145896068038,0.798145896068038,-1.31712568585843,1.31712568585843,-1.15993878001309,1.15993878001309,0.590431799515004,-0.590431799515004,0.269226545488405,-0.269226545488405,-1.76467979712117,1.76467979712117,-1.29900999311897,1.29900999311897,1.21584758890197,-1.21584758890197,0.377272291675227,-0.377272291675227,-0.101138364155487,0.101138364155487,0.251273824096726,-0.251273824096726,0.123713705769634,-0.123713705769634,1.0435583573853,-1.0435583573853,0.0265660401908976,-0.0265660401908976,-0.554110794322406,0.554110794322406,0.00951613681343265,-0.00951613681343265,0.0983598424634105,-0.0983598424634105,-0.420196973187836,0.420196973187836,-0.899810017504822,0.899810017504822,0.536216510923509,-0.536216510923509,1.36639479223036,-1.36639479223036,-0.805638951364026,0.805638951364026,0.474664142358238,-0.474664142358238,0.566269498800824,-0.566269498800824,-0.811173624670397,0.811173624670397,1.79652936551508,-1.79652936551508,-1.29878297785828,1.29878297785828,-0.470376151063173,0.470376151063173,0.345525759834213,-0.345525759834213,1.16332997803999,-1.16332997803999,0.648458423112512,-0.648458423112512,-0.439303840348889,0.439303840348889,-1.04386676035492,1.04386676035492,2.08711853997245,-2.08711853997245,-0.359945713137364,0.359945713137364,0.426244160076557,-0.426244160076557,-0.427186549409965,0.427186549409965,-0.406181380467302,0.406181380467302,-0.0908736904196518,0.0908736904196518,-2.81858243815133,2.81858243815133,-0.383343388898078,0.383343388898078,0.573937436633043,-0.573937436633043,-0.233562288100433,0.233562288100433,3.01383628615953,-3.01383628615953,-1.51111004431499,1.51111004431499,-1.59919089528111,1.59919089528111,0.384291546837267,-0.384291546837267,0.845257430600536,-0.845257430600536,0.207749067271854,-0.207749067271854,0.0612305896449529,-0.0612305896449529,-0.0844162493589524,0.0844162493589524,0.660900647998376,-0.660900647998376,-1.1008171791236,1.1008171791236,0.813282748123631,-0.813282748123631,-1.30569879710905,1.30569879710905,-1.43255142291556,1.43255142291556,1.73947836544648,-1.73947836544648,-0.118208028157303,0.118208028157303,2.23703182426308,-2.23703182426308,-1.60363177645965,1.60363177645965,-2.04537455863743,2.04537455863743,0.259827662494713,-0.259827662494713,-0.209525412824628,0.209525412824628,-0.0482478396033789,0.0482478396033789,0.260586277378574,-0.260586277378574,1.08218535552203,-1.08218535552203,1.04153745240145,-1.04153745240145,-0.768608364839221,0.768608364839221,1.27566305409231,-1.27566305409231,-0.731543675701907,0.731543675701907,0.12436068435258,-0.12436068435258,-0.266865895239516,0.266865895239516,-0.898555014347117,0.898555014347117,0.985612264736998,-0.985612264736998,1.60987375652438,-1.60987375652438,-0.226480150603516,0.226480150603516,0.132948753193843,-0.132948753193843,0.137759315131383,-0.137759315131383,-0.52918336623666,0.52918336623666,-0.443969414347724,0.443969414347724,0.4825998144462,-0.4825998144462,-0.560722260857475,0.560722260857475,0.153796880862322,-0.153796880862322,-0.0105077893149265,0.0105077893149265,1.19217452869643,-1.19217452869643,0.884993845739779,-0.884993845739779,-0.413778647490441,0.413778647490441,0.62217544361655,-0.62217544361655,0.191333165088877,-0.191333165088877,2.28282417833256,-2.28282417833256,0.929501648235221,-0.929501648235221,-1.38679793231227,1.38679793231227,0.951781816995465,-0.951781816995465,2.03658338404725,-2.03658338404725,1.02433771725118,-1.02433771725118,1.31984134438357,-1.31984134438357,-0.0264910472235637,0.0264910472235637,0.143171489376393,-0.143171489376393,-0.566851935969293,0.566851935969293,-1.95900647062496,1.95900647062496,0.656959024037226,-0.656959024037226,-1.38230317365814,1.38230317365814,0.340220681723751,-0.340220681723751,2.5449453531998,-2.5449453531998,-0.893612105060295,0.893612105060295,0.357108969029084,-0.357108969029084,0.0778648859887529,-0.0778648859887529,0.340727288028512,-0.340727288028512,1.41230625432215,-1.41230625432215,-1.59827336774127,1.59827336774127,1.74498803308316,-1.74498803308316,-1.0554725558079,1.0554725558079,-0.50619380963059,0.50619380963059,0.0172091597695303,-0.0172091597695303,-1.07223613035741,1.07223613035741,-0.563066171571839,0.563066171571839,-0.295311066862259,0.295311066862259,-0.921685094611944,0.921685094611944,-0.128696629598747,0.128696629598747,0.333650007209048,-0.333650007209048,-0.108439980685422,0.108439980685422,2.32573282594102,-2.32573282594102,-0.567068796453995,0.567068796453995,-0.530929719212286,0.530929719212286,-1.54974910221151,1.54974910221151,-0.213136895740712,0.213136895740712,-0.137536977270763,0.137536977270763,2.25957564241356,-2.25957564241356,0.431579854505698,-0.431579854505698,0.32437686572418,-0.32437686572418,-0.799277249247885,0.799277249247885,0.985479023793673,-0.985479023793673,-0.44325832487541,0.44325832487541,0.95816996490257,-0.95816996490257,-1.01379248833075,1.01379248833075,1.07016692503491,-1.07016692503491,-0.786041551417429,0.786041551417429,-0.6272427139516,0.6272427139516,1.55971580567586,-1.55971580567586,1.15736392480221,-1.15736392480221,-0.302326738428262,0.302326738428262,-0.535891491527625,0.535891491527625,0.862389116851206,-0.862389116851206,-0.834516919873767,0.834516919873767,0.0118069258585548,-0.0118069258585548,-0.0242046728507437,0.0242046728507437,1.51362966590394,-1.51362966590394,-0.580047453979052,0.580047453979052,-1.84391370067237,1.84391370067237,0.154206969552885,-0.154206969552885,0.167055263367014,-0.167055263367014,0.54572221973834,-0.54572221973834,-2.04569144249636,2.04569144249636,0.00438281697183931,-0.00438281697183931,-0.370733434896924,0.370733434896924,-0.374642586557621,0.374642586557621,1.115435547814,-1.115435547814,-0.88505140421318,0.88505140421318,0.50586215645239,-0.50586215645239,-1.33751405403032,1.33751405403032,0.0608133931713198,-0.0608133931713198,0.267714377799066,-0.267714377799066,0.512098171971419,-0.512098171971419,-0.515837661900401,0.515837661900401,1.03248947323603,-1.03248947323603,-0.69751008159071,0.69751008159071,-1.14555384038989,1.14555384038989,0.511800031140366,-0.511800031140366,-2.14311513925704,2.14311513925704,0.800189969747905,-0.800189969747905,-0.954446084129519,0.954446084129519,1.29792055484439,-1.29792055484439,-0.586897244568921,0.586897244568921,1.03096824984162,-1.03096824984162,1.14659773987702,-1.14659773987702,0.124210147085048,-0.124210147085048,1.97842795656656,-1.97842795656656,-0.283539788012827,0.283539788012827,-0.451615081075348,0.451615081075348,-0.310788868063892,0.310788868063892,-0.65258066377793,0.65258066377793,-1.10295656043091,1.10295656043091,-1.15206407788074,1.15206407788074,0.279432115538397,-0.279432115538397,-0.703233624874968,0.703233624874968,0.146186855460826,-0.146186855460826,2.26724368066733,-2.26724368066733,-0.882684347660596,0.882684347660596,-0.520227240006833,0.520227240006833,-0.244568739341102,0.244568739341102,-0.491427831998424,0.491427831998424,0.78541070331213,-0.78541070331213,-0.377579126995178,0.377579126995178,-1.37946521574839,1.37946521574839,-1.24792050948769,1.24792050948769,0.18725231857025,-0.18725231857025,-1.42756877208662,1.42756877208662,0.090095527264233,-0.090095527264233,-0.159187079037157,0.159187079037157,0.891741791549037,-0.891741791549037,-0.861121297673299,0.861121297673299,-1.34764070754442,1.34764070754442,-0.291365507788194,0.291365507788194,1.8137790470379,-1.8137790470379,-1.25803497270777,1.25803497270777,-0.274307726727945,0.274307726727945,0.414376184747334,-0.414376184747334,1.59081604824871,-1.59081604824871,-0.198471157139735,0.198471157139735,-1.24936983067837,1.24936983067837,-0.908073872710887,0.908073872710887,0.421863181777103,-0.421863181777103,-0.964135048605642,0.964135048605642,-2.47705555913804,2.47705555913804,1.45422655412677,-1.45422655412677,1.23878846772623,-1.23878846772623,0.854531653148293,-0.854531653148293,0.327203685671376,-0.327203685671376,0.75660555663234,-0.75660555663234,0.912418112486904,-0.912418112486904,-1.32371081846993,1.32371081846993,-0.483552262786878,0.483552262786878,-0.398829574221303,0.398829574221303,0.877070577465369,-0.877070577465369,-0.419461109340542,0.419461109340542,0.254658599541579,-0.254658599541579,-0.0445595575461765,0.0445595575461765,-0.161719246357602,0.161719246357602,0.813644353895499,-0.813644353895499,1.22258687472641,-1.22258687472641,1.27301583193654,-1.27301583193654,-1.39419474410302,1.39419474410302,-1.09002310692066,1.09002310692066,1.73379337079545,-1.73379337079545,1.35170827847836,-1.35170827847836,-0.516199124238517,0.516199124238517,-0.33034184648288,0.33034184648288,1.02134703550894,-1.02134703550894,-0.168756648790731,0.168756648790731,-0.336435427362208,0.336435427362208,0.0592861006988108,-0.0592861006988108,-0.348145181125695,0.348145181125695,2.02518656036072,-2.02518656036072,-0.240202614036151,0.240202614036151,1.05008978424225,-1.05008978424225,-0.722896396285501,0.722896396285501,-0.624476253423256,0.624476253423256,0.748938812558536,-0.748938812558536,1.24292654901907,-1.24292654901907,-2.15435961196799,2.15435961196799,0.880799617943245,-0.880799617943245,0.0771808217889694,-0.0771808217889694,0.181724188719891,-0.181724188719891,0.91551201159241,-0.91551201159241,-1.64665881307694,1.64665881307694,-0.442567219409361,0.442567219409361,-0.60863769295182,0.60863769295182,1.14352310879263,-1.14352310879263,-0.0248682718979089,0.0248682718979089,-0.0308291293167385,0.0308291293167385,0.989490649765398,-0.989490649765398,2.23657047140936,-2.23657047140936,0.614712150102019,-0.614712150102019,1.29729793463401,-1.29729793463401,-0.730490815600474,0.730490815600474,-0.320043487781512,0.320043487781512,-0.469984892802404,0.469984892802404,2.52359524199538,-2.52359524199538,-0.589700945772859,0.589700945772859,-0.317140685986036,0.317140685986036,0.922510868120904,-0.922510868120904,-2.31500609109767,2.31500609109767,-0.675453312716143,0.675453312716143,0.0306636693282493,-0.0306636693282493,-0.891677221720145,0.891677221720145,0.160642475031632,-0.160642475031632,0.834919988130021,-0.834919988130021,1.46747704120371,-1.46747704120371,0.527428821145166,-0.527428821145166,-0.640898432721396,0.640898432721396,1.62469815077,-1.62469815077,-0.715683740998728,0.715683740998728,-1.17863720433149,1.17863720433149,0.390254580968862,-0.390254580968862,-1.05735991042553,1.05735991042553,1.11126852966846,-1.11126852966846,-1.0170623318852,1.0170623318852,-0.313723100677081,0.313723100677081,-0.853829194702809,0.853829194702809,-0.178177911251336,0.178177911251336,0.136079525181349,-0.136079525181349,0.61608007994949,-0.61608007994949,-0.0606703789318688,0.0606703789318688,1.33508470025564,-1.33508470025564,-0.376564720458255,0.376564720458255,-0.512276806442538,0.512276806442538,0.513181886764781,-0.513181886764781,-0.351499786199241,0.351499786199241,0.999600961725493,-0.999600961725493,0.396560286671059,-0.396560286671059,-0.378515169258918,0.378515169258918,0.91101135237059,-0.91101135237059,0.882130532248608,-0.882130532248608,-0.218039284394516,0.218039284394516,-0.581546568483954,0.581546568483954,-0.938751713035543,0.938751713035543,-0.355478929192021,0.355478929192021,1.41963581098504,-1.41963581098504,-0.0495793842294779,0.0495793842294779,0.693634120561924,-0.693634120561924,-0.857687920588573,0.857687920588573,1.36417166223549,-1.36417166223549,0.535948796506267,-0.535948796506267,-2.13482551840804,2.13482551840804,-0.234767542057351,0.234767542057351,-0.475427475793148,0.475427475793148,-0.111501204534479,0.111501204534479,0.808560713391235,-0.808560713391235,0.347835250208031,-0.347835250208031,0.291717825288706,-0.291717825288706,0.0919424356000486,-0.0919424356000486,1.65391796848658,-1.65391796848658,-0.207794442692816,0.207794442692816,-1.23058886116826,1.23058886116826,-1.78060175294084,1.78060175294084,0.444868095914827,-0.444868095914827,-0.798907767576019,0.798907767576019,0.731267524414723,-0.731267524414723,0.322148743262366,-0.322148743262366,0.274330178072231,-0.274330178072231,-0.721471475799735,0.721471475799735,-1.9910293939503,1.9910293939503,-1.28965660960869,1.28965660960869,-0.904858776888011,0.904858776888011,1.62561646631778,-1.62561646631778,1.44605503986786,-1.44605503986786,-0.633503791978374,0.633503791978374,-0.239730074309441,0.239730074309441,-1.68058737718859,1.68058737718859,0.582398692331869,-0.582398692331869,-1.2616666096099,1.2616666096099,-1.41563599453134,1.41563599453134,-0.298464797763455,0.298464797763455,-0.0231407899652248,0.0231407899652248,2.33165118130501,-2.33165118130501,0.241549655263182,-0.241549655263182,-0.244601534110254,0.244601534110254,0.7161559412711,-0.7161559412711,-0.565626402951476,0.565626402951476,0.54025228250198,-0.54025228250198,0.280974003346026,-0.280974003346026,-0.111720534468984,0.111720534468984,0.733385960538732,-0.733385960538732,1.09290970128748,-1.09290970128748,1.19488884317942,-1.19488884317942,-1.91233012735678,1.91233012735678,-0.668825148838356,0.668825148838356,-0.0797094816741311,0.0797094816741311,-0.713704579543493,0.713704579543493,-0.840032060769204,0.840032060769204,0.310985970598602,-0.310985970598602,-1.49349858098366,1.49349858098366,0.712652000900333,-0.712652000900333,-0.224136519966137,0.224136519966137,-0.289730659658276,0.289730659658276,0.215821796044648,-0.215821796044648,-1.19932520746356,1.19932520746356,0.321658835110483,-0.321658835110483,0.709491909072318,-0.709491909072318,-0.466101232262372,0.466101232262372,-0.403248845040182,0.403248845040182,0.841726112672263,-0.841726112672263,-0.264164989758898,0.264164989758898,0.7880655692257,-0.7880655692257,-1.79251949130723,1.79251949130723,0.848981228355935,-0.848981228355935,-0.173145605441344,0.173145605441344,1.59730415108434,-1.59730415108434,1.21306861258623,-1.21306861258623,-0.35773911436718,0.35773911436718,-0.89538543746012,0.89538543746012,1.01199693485225,-1.01199693485225,0.791528931006625,-0.791528931006625,-0.0897593612439819,0.0897593612439819,-0.782948739861842,0.782948739861842,-1.31758672518471,1.31758672518471,-0.230649146551257,0.230649146551257,-1.49016333537538,1.49016333537538,-1.61875551326059,1.61875551326059,0.594380736097655,-0.594380736097655,1.50888547260415,-1.50888547260415,-0.296092357762047,0.296092357762047,-1.26884304505662,1.26884304505662,-1.50195186724766,1.50195186724766,-0.341857348485725,0.341857348485725,-0.762318286593481,0.762318286593481,-1.00807710471727,1.00807710471727,-0.851099820194273,0.851099820194273,1.66399238913538,-1.66399238913538,-1.14376348383831,1.14376348383831,0.151934341173299,-0.151934341173299,0.215641536508002,-0.215641536508002,-1.668147932258,1.668147932258,-0.0863898001892564,0.0863898001892564,-0.93359272241083,0.93359272241083,0.673373037433372,-0.673373037433372,-0.628063099173955,0.628063099173955,-1.50126164720407,1.50126164720407,-1.18779701148359,1.18779701148359,1.43428253919696,-1.43428253919696,-0.485702420161584,0.485702420161584,-1.06341041374165,1.06341041374165,1.0392627964497,-1.0392627964497,0.117666177037576,-0.117666177037576,1.46524338903463,-1.46524338903463,-0.0868400026711776,0.0868400026711776,0.142790404969121,-0.142790404969121,-1.40129945769898,1.40129945769898,0.461782242756453,-0.461782242756453,0.153762448254187,-0.153762448254187,-1.71725460949902,1.71725460949902,1.72695753899137,-1.72695753899137,0.73348219479876,-0.73348219479876,0.126281010117753,-0.126281010117753,0.20318791051405,-0.20318791051405,1.32263881340746,-1.32263881340746,-0.155712991298411,0.155712991298411,-0.423118603567141,0.423118603567141,-0.624924152999841,0.624924152999841,0.482600121774028,-0.482600121774028,1.5127011066186,-1.5127011066186,0.0521535049739721,-0.0521535049739721,0.222808185121302,-0.222808185121302,2.95523523162595,-2.95523523162595,0.585715700020555,-0.585715700020555,0.0242563681907626,-0.0242563681907626,0.958251407807515,-0.958251407807515,-1.2420841766832,1.2420841766832,0.57428426189681,-0.57428426189681,-0.161079198263417,0.161079198263417,0.562586922511496,-0.562586922511496,0.144419261030298,-0.144419261030298,0.474678659516514,-0.474678659516514,-0.795516588656062,0.795516588656062,0.0483745158307416,-0.0483745158307416,0.301527638068054,-0.301527638068054,0.114134537451544,-0.114134537451544,1.73615472949386,-1.73615472949386,-2.26977979155013,2.26977979155013,0.42036247116572,-0.42036247116572,-1.25073073467896,1.25073073467896,0.353275484362268,-0.353275484362268,-1.33472312333237,1.33472312333237,-0.802624745205489,0.802624745205489,0.459851569978872,-0.459851569978872,1.11779406506439,-1.11779406506439,-1.02076479841512,1.02076479841512,1.38767481260694,-1.38767481260694,2.10602336841381,-2.10602336841381,-0.882236890954353,0.882236890954353,-0.327209067012038,0.327209067012038,0.639118430929646,-0.639118430929646,2.04236767233475,-2.04236767233475,0.047034992760199,-0.047034992760199,-0.0269811469744822,0.0269811469744822,-0.769582547930414,0.769582547930414,-1.07918750561058,1.07918750561058,-0.453260011276496,0.453260011276496,-0.570474569907553,0.570474569907553,0.464610932221195,-0.464610932221195,-0.909736558933393,0.909736558933393,0.231385339991186,-0.231385339991186,1.03600392267828,-1.03600392267828,0.726435279783799,-0.726435279783799,-0.594968390468039,0.594968390468039,0.616366536685754,-0.616366536685754,-1.14555260339714,1.14555260339714,1.24812004503739,-1.24812004503739,-0.53944916963959,0.53944916963959,0.399587272652744,-0.399587272652744,-1.52987458146098,1.52987458146098,-3.51591670209349,3.51591670209349,-1.78198227629368,1.78198227629368,1.26305441724225,-1.26305441724225,1.68659081007335,-1.68659081007335,0.560351870160455,-0.560351870160455,-0.416163087811233,0.416163087811233,-0.731303568471233,0.731303568471233,0.282499796914118,-0.282499796914118,1.68807782328079,-1.68807782328079,1.50263847300853,-1.50263847300853,0.0258491984950823,-0.0258491984950823,0.761573959194473,-0.761573959194473,0.656664757322413,-0.656664757322413,-0.205426864789147,0.205426864789147,-0.173403242167603,0.173403242167603,-0.682041341851112,0.682041341851112,1.42649614670029,-1.42649614670029,-1.97864073756263,1.97864073756263,0.608583252075931,-0.608583252075931,0.14891729850387,-0.14891729850387,-0.289493914572916,0.289493914572916,-0.30794597778194,0.30794597778194,1.28898840962415,-1.28898840962415,0.62885651996294,-0.62885651996294,-1.37543597892817,1.37543597892817,-0.177287768484098,0.177287768484098,0.553900043124393,-0.553900043124393,-0.697787348710164,0.697787348710164,0.250462918146157,-0.250462918146157,0.954734103391948,-0.954734103391948,1.75758639731361,-1.75758639731361,0.20333235505182,-0.20333235505182,1.52547646048106,-1.52547646048106,-0.852551854798598,0.852551854798598,-0.733668621270506,0.733668621270506,0.58459040509196,-0.58459040509196,0.373319286795695,-0.373319286795695,-0.00616969655140675,0.00616969655140675,0.223661623757798,-0.223661623757798,-0.231931031151425,0.231931031151425,0.545541569768782,-0.545541569768782,-0.823075713940948,0.823075713940948,-0.878824132312785,0.878824132312785,0.931047189582372,-0.931047189582372,-1.45832005497923,1.45832005497923,-1.56693754694454,1.56693754694454,-1.01764800182564,1.01764800182564,-0.440901724044513,0.440901724044513,0.622099700337977,-0.622099700337977,-0.752163839965008,0.752163839965008,-0.255621669683666,0.255621669683666,0.723869988955348,-0.723869988955348,-1.20598883970069,1.20598883970069,0.404765901123166,-0.404765901123166,0.685449507489753,-0.685449507489753,-0.703464733091027,0.703464733091027,1.16659861730003,-1.16659861730003,-3.22010526586041,3.22010526586041,0.603256743619391,-0.603256743619391,0.0405716814134594,-0.0405716814134594,-0.517067274227003,0.517067274227003,2.74421953900129,-2.74421953900129,0.0651854246472528,-0.0651854246472528,-0.848125205897029,0.848125205897029,-2.24730409988436,2.24730409988436,0.361870028707888,-0.361870028707888,0.550414708138771,-0.550414708138771,1.50830003873056,-1.50830003873056,1.37784573303572,-1.37784573303572,-1.29750782292376,1.29750782292376,-0.890793650812345,0.890793650812345,0.194666493363415,-0.194666493363415,-0.947064575861388,0.947064575861388,-1.11409767177751,1.11409767177751,0.00164944790864143,-0.00164944790864143,-1.12181989338213,1.12181989338213,0.499229832758199,-0.499229832758199,0.107585316852081,-0.107585316852081,0.754053266471223,-0.754053266471223,0.0365969035688262,-0.0365969035688262,-0.00568891617601122,0.00568891617601122,-0.107878792786852,0.107878792786852,-0.817743604796813,0.817743604796813,0.937659755416233,-0.937659755416233,-1.74260834850047,1.74260834850047,-0.00496398327269365,0.00496398327269365,1.6112029231173,-1.6112029231173,0.368608440484062,-0.368608440484062,1.14499758763228,-1.14499758763228,-1.25601675691987,1.25601675691987,0.294190373677135,-0.294190373677135,0.804066957082594,-0.804066957082594,0.2464712667251,-0.2464712667251,0.259545124098095,-0.259545124098095,-0.497431279437545,0.497431279437545,1.72426719527316,-1.72426719527316,0.180289890775985,-0.180289890775985,0.521788207393378,-0.521788207393378,0.403871011795792,-0.403871011795792,-0.149680079398364,0.149680079398364,-0.377059769924542,0.377059769924542,1.60060242776567,-1.60060242776567,-1.07784498012966,1.07784498012966,1.35597789297515,-1.35597789297515,0.0398969975828376,-0.0398969975828376,-0.34722898689322,0.34722898689322,0.440513674991671,-0.440513674991671,-0.178115336155391,0.178115336155391,1.37793871244188,-1.37793871244188,-1.07935980864351,1.07935980864351,-0.42697422886995,0.42697422886995,0.630381129051349,-0.630381129051349,-0.0769643026046821,0.0769643026046821,-0.83113863546041,0.83113863546041,-0.337775694167775,0.337775694167775,-0.48341868912371,0.48341868912371,1.49080045535496,-1.49080045535496,0.127140954525966,-0.127140954525966,-0.85634529283117,0.85634529283117,0.498449571659828,-0.498449571659828,-1.294623291951,1.294623291951,-0.144945297391324,0.144945297391324,1.33496660232814,-1.33496660232814,0.425622507760158,-0.425622507760158,0.121186768959636,-0.121186768959636,-0.307058240675629,0.307058240675629,-0.574625715359146,0.574625715359146,-1.90791093987349,1.90791093987349,0.404805495006416,-0.404805495006416,0.60212013797225,-0.60212013797225,0.862679008051295,-0.862679008051295,0.645337745763017,-0.645337745763017,0.458420628874331,-0.458420628874331,0.374028260179875,-0.374028260179875,0.112701672088481,-0.112701672088481,-0.472229726272313,0.472229726272313,-1.19313593852912,1.19313593852912,0.770280476989155,-0.770280476989155,0.558405917749069,-0.558405917749069,-0.689216882455237,0.689216882455237,0.558077163044827,-0.558077163044827,0.490544435941235,-0.490544435941235,-1.27423094986026,1.27423094986026,-0.74461638290552,0.74461638290552,-0.242684395299234,0.242684395299234,0.74104330599469,-0.74104330599469,1.03797900809505,-1.03797900809505,0.531506919596119,-0.531506919596119,-0.604436360461526,0.604436360461526,0.251159078868458,-0.251159078868458,0.0792493807167195,-0.0792493807167195,-1.83030591795457,1.83030591795457,1.28002611429834,-1.28002611429834,-0.676063573385974,0.676063573385974,-0.649284149029348,0.649284149029348,-0.9922100297135,0.9922100297135,1.48542942437082,-1.48542942437082,-0.390554701503409,0.390554701503409,-0.738417056698975,0.738417056698975,1.08811681664826,-1.08811681664826,-1.57605858788535,1.57605858788535,-0.899227042388032,0.899227042388032,-0.588354947103481,0.588354947103481,0.312002572036492,-0.312002572036492,0.972977154611553,-0.972977154611553,0.847162311977622,-0.847162311977622,0.406489167523059,-0.406489167523059,0.0260582799986291,-0.0260582799986291,0.0107794422393718,-0.0107794422393718,0.0222060124585784,-0.0222060124585784,-1.40698450054377,1.40698450054377,-0.73453972719808,0.73453972719808,-1.05357499556989,1.05357499556989,1.22839821628102,-1.22839821628102,1.37274984577583,-1.37274984577583,-0.863079153242259,0.863079153242259,-0.692517957685723,0.692517957685723,1.60301003882746,-1.60301003882746,0.0883998467287636,-0.0883998467287636,-0.483335723440755,0.483335723440755,-0.602970887002341,0.602970887002341,-0.307865995554386,0.307865995554386,0.783142753895394,-0.783142753895394,0.0158745119676765,-0.0158745119676765,0.131073181052106,-0.131073181052106,0.145311470140313,-0.145311470140313,-0.869987905399823,0.869987905399823,-0.255621598940095,0.255621598940095,-0.913215588329394,0.913215588329394,0.990760249057513,-0.990760249057513,-1.12430645714075,1.12430645714075,0.731062920673959,-0.731062920673959,-0.840840716569629,0.840840716569629,-2.68338756661346,2.68338756661346,0.179535186508852,-0.179535186508852,0.223049125902764,-0.223049125902764,0.189158823368959,-0.189158823368959,-0.162551550496331,0.162551550496331,0.344150115781785,-0.344150115781785,-0.0820772983525806,0.0820772983525806,0.0860758816941907,-0.0860758816941907,0.92521422277181,-0.92521422277181,-0.0864148928214351,0.0864148928214351,2.89161176789276,-2.89161176789276,1.57377143973252,-1.57377143973252,0.708154896049423,-0.708154896049423,0.174573312618363,-0.174573312618363,-0.143017904509864,0.143017904509864,-0.658344402989755,0.658344402989755,-1.13456311682363,1.13456311682363,0.109829112403729,-0.109829112403729,0.706967600828787,-0.706967600828787,-0.132331388630772,0.132331388630772,2.28432103776887,-2.28432103776887,2.62771855244947,-2.62771855244947,-0.718123421704055,0.718123421704055,1.2627594810107,-1.2627594810107,-0.0801996157638744,0.0801996157638744,0.719011068891411,-0.719011068891411,-2.00239054211653,2.00239054211653,-0.0605189448825445,0.0605189448825445,1.96005409193943,-1.96005409193943,0.110630542392975,-0.110630542392975,0.00445321636256639,-0.00445321636256639,-0.0319376438476001,0.0319376438476001,0.672103634628538,-0.672103634628538,-1.22114026063113,1.22114026063113,0.861997702504543,-0.861997702504543,1.73348703683294,-1.73348703683294,1.61196123408564,-1.61196123408564,-0.319499922047686,0.319499922047686,-0.726621462748764,0.726621462748764,-0.35855180700041,0.35855180700041,0.276454733585608,-0.276454733585608,0.00956331357691988,-0.00956331357691988,-0.419180590189733,0.419180590189733,1.09275121889166,-1.09275121889166,0.00316350385557285,-0.00316350385557285,1.12260829709486,-1.12260829709486,1.07079434240109,-1.07079434240109,0.171257359746941,-0.171257359746941,0.0693277307698458,-0.0693277307698458,2.09214974945105,-2.09214974945105,0.672026530410949,-0.672026530410949,-0.571227994058429,0.571227994058429,1.38957345990291,-1.38957345990291,-0.414248976911417,0.414248976911417,0.84964734968312,-0.84964734968312,-0.338972198082705,0.338972198082705,-1.51020635642223,1.51020635642223,2.20003467460987,-2.20003467460987,0.459384315536947,-0.459384315536947,0.136222272232351,-0.136222272232351,0.350927453521149,-0.350927453521149,0.610640299457607,-0.610640299457607,0.11434306355588,-0.11434306355588,-0.10215265268168,0.10215265268168,-1.62293241338463,1.62293241338463,0.866917006240123,-0.866917006240123,-1.85715998923361,1.85715998923361,-1.71056593371399,1.71056593371399,-1.67558278846703,1.67558278846703,1.79048843067202,-1.79048843067202,1.4602680978423,-1.4602680978423,-1.75357922086056,1.75357922086056,-0.828341969271087,0.828341969271087,-1.31655787752612,1.31655787752612,-1.7249598052127,1.7249598052127,0.249250065571495,-0.249250065571495,1.42193997356848,-1.42193997356848,1.91423875232418,-1.91423875232418,-0.205888323111398,0.205888323111398,1.6044061317747,-1.6044061317747,0.418363419057414,-0.418363419057414,0.969623142977122,-0.969623142977122,-0.0913247343310873,0.0913247343310873,2.22294784591653,-2.22294784591653,0.866524982220105,-0.866524982220105,-0.275521800149819,0.275521800149819,0.176485837921742,-0.176485837921742,-0.817105414588443,0.817105414588443,0.536700277103956,-0.536700277103956,0.757894055738396,-0.757894055738396,0.130846968779053,-0.130846968779053,-0.458858420819886,0.458858420819886,0.371102019360998,-0.371102019360998,0.131270649698706,-0.131270649698706,-1.1608753707226,1.1608753707226,-0.459106225541286,0.459106225541286,-0.350100114873187,0.350100114873187,1.37174322683192,-1.37174322683192,0.621683875403191,-0.621683875403191,0.775942674389501,-0.775942674389501,-0.239357819795203,0.239357819795203,-0.903486981294551,0.903486981294551,1.46807541758474,-1.46807541758474,1.58260851051236,-1.58260851051236,1.14989480730934,-1.14989480730934,1.55849208912048,-1.55849208912048,-0.0159351450431855,0.0159351450431855,-1.96399328657594,1.96399328657594,0.326605032130807,-0.326605032130807,-2.4931380810188,2.4931380810188,2.01033787981097,-2.01033787981097,-0.116331542357903,0.116331542357903,-0.57830666943632,0.57830666943632,0.36459135595583,-0.36459135595583,-1.13576702813817,1.13576702813817,-0.315194694390068,0.315194694390068,-0.424367435038951,0.424367435038951,0.758811527286058,-0.758811527286058,1.37168022953509,-1.37168022953509,0.569888498409707,-0.569888498409707,-0.143297281689476,0.143297281689476,-2.07809818154047,2.07809818154047,-0.0426679620996392,0.0426679620996392,-0.684204555435953,0.684204555435953,1.14449822645225,-1.14449822645225,-2.33018930585522,2.33018930585522,1.52155835639394,-1.52155835639394,-0.503848145355773,0.503848145355773,0.343761889629938,-0.343761889629938,-1.42647246018293,1.42647246018293,-0.176782186890962,0.176782186890962,-0.234502280924779,0.234502280924779,1.86763643634839,-1.86763643634839,-1.02210278444868,1.02210278444868,1.494678305006,-1.494678305006,-0.673977881460584,0.673977881460584,-1.7255515469941,1.7255515469941,0.535587655108294,-0.535587655108294,-0.00979367294393144,0.00979367294393144,-0.983339029719184,0.983339029719184,-0.566272959012086,0.566272959012086,1.66053940007534,-1.66053940007534,0.919998686342378,-0.919998686342378,0.638671172933417,-0.638671172933417,1.91015205172077,-1.91015205172077,-0.450810832116719,0.450810832116719,0.0926371251711155,-0.0926371251711155,-0.0337350291446547,0.0337350291446547,-0.171813388299062,0.171813388299062,-0.599321958592533,0.599321958592533,-0.328235762429263,0.328235762429263,-1.16299306933498,1.16299306933498,1.58286658264634,-1.58286658264634,-1.05431729219609,1.05431729219609,-0.687104309040005,0.687104309040005,-2.1680552159243,2.1680552159243,-0.527087661163144,0.527087661163144,0.21838415722579,-0.21838415722579,1.33236287228881,-1.33236287228881,-2.31561535743709,2.31561535743709,0.601956588747156,-0.601956588747156,0.578522527643663,-0.578522527643663,0.106024243442151,-0.106024243442151,1.70825637350177,-1.70825637350177,-0.128262880509077,0.128262880509077,1.24103515274902,-1.24103515274902,-1.08670883473301,1.08670883473301,0.0096550075482997,-0.0096550075482997,0.28511963343523,-0.28511963343523,2.38475684668178,-2.38475684668178,1.17472018230358,-1.17472018230358,0.126297603885434,-0.126297603885434,-1.46951337165336,1.46951337165336,-1.36543872658383,1.36543872658383,1.0535916021635,-1.0535916021635,-1.07088453192317,1.07088453192317,1.05513703911452,-1.05513703911452,-0.448401882193128,0.448401882193128,1.07798379499208,-1.07798379499208,-0.788063125961558,0.788063125961558,0.164981383251178,-0.164981383251178,-1.26125945858558,1.26125945858558,-1.54751050666395,1.54751050666395,1.68392552888745,-1.68392552888745,-0.649586965351405,0.649586965351405,-0.0767681180967425,0.0767681180967425,1.63230221279392,-1.63230221279392,-0.43398890917123,0.43398890917123,0.372186694917637,-0.372186694917637,0.993254578027013,-0.993254578027013,0.166340743905737,-0.166340743905737,-1.44821662701588,1.44821662701588,0.646254039345676,-0.646254039345676,0.625031655521831,-0.625031655521831,-0.991181850814421,0.991181850814421,0.261953796052428,-0.261953796052428,-1.69428717645872,1.69428717645872,1.50370688319129,-1.50370688319129,-0.503197585055099,0.503197585055099,-0.718514334196469,0.718514334196469,0.0183807101741117,-0.0183807101741117,1.83798107831582,-1.83798107831582,-0.651844176054611,0.651844176054611,0.772352155978523,-0.772352155978523,-1.38638207349113,1.38638207349113,-0.836345393697241,0.836345393697241,0.0766834438302719,-0.0766834438302719,0.483193974415145,-0.483193974415145,0.431694024241352,-0.431694024241352,-0.494572941524833,0.494572941524833,-1.77510013383078,1.77510013383078,-0.357841201992172,0.357841201992172,1.91318702643906,-1.91318702643906,-0.811813659111558,0.811813659111558,0.391055013944761,-0.391055013944761,0.252602991866197,-0.252602991866197,-0.206424458516093,0.206424458516093,-1.22064292792572,1.22064292792572,-0.295038972677645,0.295038972677645,-0.44716906811761,0.44716906811761,0.37049236266857,-0.37049236266857,-0.148514590977737,0.148514590977737,0.171106974718776,-0.171106974718776,0.0756643241085136,-0.0756643241085136,0.214929270683693,-0.214929270683693,-0.524610348735908,0.524610348735908,-1.17853664093062,1.17853664093062,-1.40394886020409,1.40394886020409,-0.315287231045492,0.315287231045492,1.02913808787629,-1.02913808787629,0.0111569754907269,-0.0111569754907269,0.454453783706007,-0.454453783706007,0.476368245120622,-0.476368245120622,-0.193034341278634,0.193034341278634,0.0319280839681302,-0.0319280839681302,-0.117127996762463,0.117127996762463,1.55789428973007,-1.55789428973007,0.152172169435306,-0.152172169435306,1.16693783569038,-1.16693783569038,0.381064518478139,-0.381064518478139,2.09995902967125,-2.09995902967125,-0.292933347205598,0.292933347205598,0.633425286058089,-0.633425286058089,-0.404461688751131,0.404461688751131,-0.970094579042036,0.970094579042036,0.327791715216006,-0.327791715216006,-1.6004655174047,1.6004655174047,-0.6294744491979,0.6294744491979,-0.439718734492137,0.439718734492137,0.175294298012145,-0.175294298012145,0.529581492691909,-0.529581492691909,-0.313664793376336,0.313664793376336,-1.96755521490472,1.96755521490472,-0.688724536831434,0.688724536831434,1.1810682335007,-1.1810682335007,0.988915270323626,-0.988915270323626,-1.23054630316169,1.23054630316169,0.5296390815015,-0.5296390815015,0.335339016642609,-0.335339016642609,0.201883822476917,-0.201883822476917,-1.10192776519091,1.10192776519091,-1.08231476669211,1.08231476669211,-0.0955405610507999,0.0955405610507999,0.317055058415711,-0.317055058415711,-1.18634723426675,1.18634723426675,0.762610765679821,-0.762610765679821,-1.45177824612265,1.45177824612265,0.450010603201735,-0.450010603201735,-0.0210619451896385,0.0210619451896385,2.84377902409033,-2.84377902409033,-2.54191477639264,2.54191477639264,1.24301761089673,-1.24301761089673,-0.818041122514013,0.818041122514013,-2.60104342868652,2.60104342868652,-0.246082775411879,0.246082775411879,-1.14933011509589,1.14933011509589,0.313254428308825,-0.313254428308825,-0.189311587289434,0.189311587289434,0.711582283600868,-0.711582283600868,1.55121659022643,-1.55121659022643,-2.14620511091761,2.14620511091761,0.413732730785526,-0.413732730785526,-0.347498011315508,0.347498011315508,-0.669140998977875,0.669140998977875,-0.656091658196353,0.656091658196353,-2.42019161318558,2.42019161318558,-0.30817276349807,0.30817276349807,0.800248414823044,-0.800248414823044,-0.58095314588677,0.58095314588677,1.27789776972525,-1.27789776972525,1.43340323762219,-1.43340323762219,-1.27261282187632,1.27261282187632,0.714619591467494,-0.714619591467494,-0.567235612568802,0.567235612568802,-0.896530960115223,0.896530960115223,-1.13434387329054,1.13434387329054,1.42592298172384,-1.42592298172384,1.31250041047155,-1.31250041047155,-0.632230588683611,0.632230588683611,-1.91639876364336,1.91639876364336,-0.797993205467885,0.797993205467885,0.289945817216386,-0.289945817216386,-1.29074174647586,1.29074174647586,-0.117981489805792,0.117981489805792,-0.444753912655325,0.444753912655325,0.642144920625407,-0.642144920625407,-0.949004667421428,0.949004667421428,-0.973239674776824,0.973239674776824,-0.404664911484059,0.404664911484059,1.54560268160778,-1.54560268160778,0.880466942482661,-0.880466942482661,-0.976824822338956,0.976824822338956,0.394784441957754,-0.394784441957754,0.66624259662203,-0.66624259662203,0.936167608564491,-0.936167608564491,-0.128297474144491,0.128297474144491,0.260920147266777,-0.260920147266777,0.815955031505382,-0.815955031505382,-0.960899013062198,0.960899013062198,0.51518520166772,-0.51518520166772,0.786734244776996,-0.786734244776996,0.0591202943009417,-0.0591202943009417,-0.1074926898979,0.1074926898979,0.471859851891181,-0.471859851891181,-1.46679638614354,1.46679638614354,-1.06199905745794,1.06199905745794,-1.09982674002836,1.09982674002836,0.591963671044395,-0.591963671044395,-0.083658065866605,0.083658065866605,1.19414170847795,-1.19414170847795,0.445818904462874,-0.445818904462874,0.544971409357576,-0.544971409357576,0.975415023808629,-0.975415023808629,-0.557886246085986,0.557886246085986,-0.782889908724657,0.782889908724657,1.10032525287368,-1.10032525287368,-0.0553668915364404,0.0553668915364404,-0.92027529681323,0.92027529681323,1.87364995075095,-1.87364995075095,-0.270730680044411,0.270730680044411,0.67782371865891,-0.67782371865891,-0.383491992446318,0.383491992446318,0.536855178085047,-0.536855178085047,0.235161728947819,-0.235161728947819,-0.953829448112846,0.953829448112846,1.12375148719232,-1.12375148719232,-0.530618125403768,0.530618125403768,-1.53075065384791,1.53075065384791,0.629368772000308,-0.629368772000308,-0.796087319789467,0.796087319789467,-0.0105623020962669,0.0105623020962669,0.509304180927215,-0.509304180927215,-1.03724528022241,1.03724528022241,-0.682011293685325,0.682011293685325,0.08901964342812,-0.08901964342812,0.88839488399714,-0.88839488399714,0.321090282977361,-0.321090282977361,-0.726485303696385,0.726485303696385,-0.599279917473233,0.599279917473233,-0.948391732232733,0.948391732232733,0.293768329979307,-0.293768329979307,0.910471081669383,-0.910471081669383,0.0786827613061207,-0.0786827613061207,0.538118566224804,-0.538118566224804,0.35427167380811,-0.35427167380811,-0.0323213704225821,0.0323213704225821,0.83528672629664,-0.83528672629664,-1.54181893545822,1.54181893545822,-1.66908444196539,1.66908444196539,0.440418308347959,-0.440418308347959,1.20919653264245,-1.20919653264245,1.63639151168364,-1.63639151168364,-1.36032983469616,1.36032983469616,0.855261964193156,-0.855261964193156,1.22446203914664,-1.22446203914664,-2.78852161051104,2.78852161051104,-0.622503059477228,0.622503059477228,1.12260189706172,-1.12260189706172,1.18514851398489,-1.18514851398489,-0.293670960604067,0.293670960604067,0.0667761124517006,-0.0667761124517006,-1.21424999167658,1.21424999167658,-0.580039165343057,0.580039165343057,-1.92355344322846,1.92355344322846,0.479872665978516,-0.479872665978516,-0.0982242428629456,0.0982242428629456,-2.40665183087425,2.40665183087425,-1.45570865211701,1.45570865211701,1.21906789967121,-1.21906789967121,0.322186707755383,-0.322186707755383,-0.715477349845609,0.715477349845609,0.504941116068643,-0.504941116068643,0.018595752270187,-0.018595752270187,-0.55737522748553,0.55737522748553,0.621649758040509,-0.621649758040509,-0.967558644325713,0.967558644325713,0.110347261633813,-0.110347261633813,-0.357477912742772,0.357477912742772,0.367918097007664,-0.367918097007664,-1.11040256086968,1.11040256086968,-0.806362641881661,0.806362641881661,0.646904308731345,-0.646904308731345,-0.68152844719016,0.68152844719016,-0.696064146300614,0.696064146300614,0.0564404222322883,-0.0564404222322883,1.38165054552932,-1.38165054552932,-0.0235482947759947,0.0235482947759947,-0.460046023448822,0.460046023448822,0.71802476540704,-0.71802476540704,-0.739841032938018,0.739841032938018,-0.864192773287019,0.864192773287019,0.0443789112365696,-0.0443789112365696,1.81045310076534,-1.81045310076534,0.476703146181637,-0.476703146181637,0.166930078621312,-0.166930078621312,-0.783221104521457,0.783221104521457,0.167516730592547,-0.167516730592547,-0.471650722519151,0.471650722519151,0.321428253528981,-0.321428253528981,-0.4979800631809,0.4979800631809,0.177325116995935,-0.177325116995935,-0.327038120884847,0.327038120884847,-0.744102065104321,0.744102065104321,1.28194477527707,-1.28194477527707,0.582854805384717,-0.582854805384717,0.0508759602588894,-0.0508759602588894,0.0738488221029303,-0.0738488221029303,0.365317340785556,-0.365317340785556,1.71910308682063,-1.71910308682063,0.806907450508941,-0.806907450508941,-0.182115492957692,0.182115492957692,0.0751232415827654,-0.0751232415827654,-0.501353739370621,0.501353739370621,0.374111096457201,-0.374111096457201,0.0202807667241816,-0.0202807667241816,-0.705491382806448,0.705491382806448,0.917572525090912,-0.917572525090912,-1.62408779795867,1.62408779795867,0.144007961248658,-0.144007961248658,1.23783493500649,-1.23783493500649,-1.71863226732778,1.71863226732778,1.24785910855644,-1.24785910855644,-1.52236508919398,1.52236508919398,1.3879251423406,-1.3879251423406,-0.671432338282899,0.671432338282899,-0.817974698139206,0.817974698139206,0.824602572473793,-0.824602572473793,-0.353182857839167,0.353182857839167,-0.554607928272103,0.554607928272103,-0.432495563174344,0.432495563174344,1.83093947528015,-1.83093947528015,-0.535664197256958,0.535664197256958,1.32711729759779,-1.32711729759779,0.343284429348081,-0.343284429348081,-0.0979104844147298,0.0979104844147298,0.492239947231382,-0.492239947231382,-1.22439582288068,1.22439582288068,-0.838857521837861,0.838857521837861,0.331229064546834,-0.331229064546834,-1.81231404846887,1.81231404846887,-0.614673150558369,0.614673150558369,0.349434672234052,-0.349434672234052,-0.211345925156515,0.211345925156515,0.114580824316473,-0.114580824316473,-0.965562025002994,0.965562025002994,0.617562658649963,-0.617562658649963,-0.192069273829872,0.192069273829872,-0.300038467095309,0.300038467095309,1.87210517417119,-1.87210517417119,0.570750304270286,-0.570750304270286,-1.03113603160008,1.03113603160008,-0.658678958826432,0.658678958826432,0.0243764893383729,-0.0243764893383729,-1.63540468460768,1.63540468460768,0.964708814701993,-0.964708814701993,-0.795850618713377,0.795850618713377,0.762110838562174,-0.762110838562174,0.285390338656401,-0.285390338656401,-0.951808488086482,0.951808488086482,0.755170257249724,-0.755170257249724,0.479752892686884,-0.479752892686884,0.198034874123424,-0.198034874123424,-0.483804360462091,0.483804360462091,0.773216566050022,-0.773216566050022,-0.247604056555807,0.247604056555807,0.571917227595524,-0.571917227595524,0.285781597872692,-0.285781597872692,-1.95427665095425,1.95427665095425,-0.00911541438574621,0.00911541438574621,1.07426938025306,-1.07426938025306,0.688566444768019,-0.688566444768019,-0.272557246035077,0.272557246035077,-2.42441918984197,2.42441918984197,0.204649485815772,-0.204649485815772,-1.49618424868623,1.49618424868623,-0.491258133873185,0.491258133873185,-0.691204143661685,0.691204143661685,0.117914060673462,-0.117914060673462,-0.59721332865882,0.59721332865882,-0.515140168242263,0.515140168242263,-0.306964455853995,0.306964455853995,0.648657291566703,-0.648657291566703,0.60222317034116,-0.60222317034116,0.415492973549738,-0.415492973549738,1.0161202494756,-1.0161202494756,0.492541871155458,-0.492541871155458,-0.632976386106285,0.632976386106285,1.09687699990544,-1.09687699990544,0.667058597309446,-0.667058597309446,0.179141667172706,-0.179141667172706,0.577507620200712,-0.577507620200712,-0.802250586001457,0.802250586001457,-2.06603510851002,2.06603510851002,1.68917682168142,-1.68917682168142,-0.421290781126571,0.421290781126571,-0.659251256081247,0.659251256081247,-1.65147636181712,1.65147636181712,0.709117734204847,-0.709117734204847,-0.557805339196567,0.557805339196567,1.49796321293061,-1.49796321293061,0.995834393757352,-0.995834393757352,0.485586275793565,-0.485586275793565,1.3788403549085,-1.3788403549085,-0.676278396139102,0.676278396139102,-0.656678628725559,0.656678628725559,-2.03274904343777,2.03274904343777,-0.768241021332214,0.768241021332214,-0.916190114516221,0.916190114516221,-0.125921508136039,0.125921508136039,0.503876878313006,-0.503876878313006,-0.242002422406827,0.242002422406827,-1.15710387009132,1.15710387009132,-1.07845102999485,1.07845102999485,-1.12095718628592,1.12095718628592,-0.774899331450896,0.774899331450896,2.2945758917719,-2.2945758917719,-1.47177363920372,1.47177363920372,-0.487394543746685,0.487394543746685,0.987631644821791,-0.987631644821791,0.0508081846581927,-0.0508081846581927,1.01016623927272,-1.01016623927272,0.96505976638358,-0.96505976638358,-0.758722816057719,0.758722816057719,-1.4567564084746,1.4567564084746,-0.365474542051939,0.365474542051939,0.396374630968447,-0.396374630968447,-0.0959402392258966,0.0959402392258966,0.6655276777971,-0.6655276777971,-0.17260841096822,0.17260841096822,-1.49479331692619,1.49479331692619,-0.148975222016081,0.148975222016081,-2.17336854478236,2.17336854478236,1.11666076096716,-1.11666076096716,0.345408504339379,-0.345408504339379,0.0471195286778196,-0.0471195286778196,0.224112862148403,-0.224112862148403,1.30384948444968,-1.30384948444968,1.48240733643366,-1.48240733643366,0.191062317357649,-0.191062317357649,0.763411205901216,-0.763411205901216,-1.35892123193716,1.35892123193716,-0.896738815099002,0.896738815099002,0.407069859239204,-0.407069859239204,1.09308711663613,-1.09308711663613,0.618232568822161,-0.618232568822161,-0.0654943655061782,0.0654943655061782,-0.312560556892139,0.312560556892139,-0.637825257933089,0.637825257933089,-0.294943324041496,0.294943324041496,0.252717833747549,-0.252717833747549,1.84323531448212,-1.84323531448212,0.468739249854054,-0.468739249854054,0.0174996275498439,-0.0174996275498439,1.59291916013435,-1.59291916013435,0.772905301318324,-0.772905301318324,1.26859849051028,-1.26859849051028,0.566372649279726,-0.566372649279726,0.782378512005645,-0.782378512005645,0.110630498188089,-0.110630498188089,0.844853664150422,-0.844853664150422,-0.65383079958966,0.65383079958966,0.258553393302376,-0.258553393302376,-1.65427143949217,1.65427143949217,0.0734441217470696,-0.0734441217470696,0.177334956733463,-0.177334956733463,-1.52989373836957,1.52989373836957,-0.330100898364584,0.330100898364584,-1.29006848407787,1.29006848407787,-0.452987523575172,0.452987523575172,0.162985070768422,-0.162985070768422,-0.0798093841339003,0.0798093841339003,-0.529517964980458,0.529517964980458,0.0465716358372409,-0.0465716358372409,1.66938902333723,-1.66938902333723,0.362663696400215,-0.362663696400215,0.704607754532455,-0.704607754532455,-0.968979264408453,0.968979264408453,-0.404748169304911,0.404748169304911,0.886681155735818,-0.886681155735818,0.848868788655383,-0.848868788655383,-0.537949645077079,0.537949645077079,1.72067162710002,-1.72067162710002,0.0917051248799748,-0.0917051248799748,-0.962688760342725,0.962688760342725,0.894250582895387,-0.894250582895387,-0.28151095686443,0.28151095686443,-0.864860426865055,0.864860426865055,-1.50277769671343,1.50277769671343,0.53610227741364,-0.53610227741364,0.557299941074913,-0.557299941074913,2.17187274580393,-2.17187274580393,-0.515456809065544,0.515456809065544,0.156110867454413,-0.156110867454413,0.238428802972632,-0.238428802972632,-0.696821413195629,0.696821413195629,-1.68445815059185,1.68445815059185,-1.0513420425044,1.0513420425044,1.32233339427364,-1.32233339427364,-0.221350033553171,0.221350033553171,1.73917289867869,-1.73917289867869,-0.46448300833137,0.46448300833137,-0.583656927184778,0.583656927184778,-0.527128106738521,0.527128106738521,-0.355759430976292,0.355759430976292,1.44176931413213,-1.44176931413213,0.82808401955745,-0.82808401955745,-0.0763967748938697,0.0763967748938697,-0.25505324179906,0.25505324179906,-0.172026546899093,0.172026546899093,0.0358037091774649,-0.0358037091774649,-0.103265415920274,0.103265415920274,-0.707217637594105,0.707217637594105,0.521095208310344,-0.521095208310344,1.31874315592065,-1.31874315592065,0.678548512218219,-0.678548512218219,-0.339117882577338,0.339117882577338,-0.971243152736917,0.971243152736917,-0.270114703767078,0.270114703767078,-0.190765478943769,0.190765478943769,0.368691406307793,-0.368691406307793,0.248558589513048,-0.248558589513048,1.84879805195416,-1.84879805195416,-1.03274343628848,1.03274343628848,-0.229114630639118,0.229114630639118,-0.0790886882768101,0.0790886882768101,0.764024733404537,-0.764024733404537,1.26560365244861,-1.26560365244861,1.89877951822048,-1.89877951822048,-0.782893946825041,0.782893946825041,0.383022265388022,-0.383022265388022,-0.0333730318880433,0.0333730318880433,-0.280702367276042,0.280702367276042,1.81763907345668,-1.81763907345668,-0.443086062589893,0.443086062589893,1.30155722369893,-1.30155722369893,-0.0523989175022948,0.0523989175022948,2.07886340568569,-2.07886340568569,0.240068971685763,-0.240068971685763,-1.57678561892359,1.57678561892359,0.161557701024088,-0.161557701024088,-1.79798876618832,1.79798876618832,-0.752248486650447,0.752248486650447,-0.817946636996707,0.817946636996707,1.04696380818342,-1.04696380818342,1.3744748622598,-1.3744748622598,0.674757966044108,-0.674757966044108,0.0783745887700592,-0.0783745887700592,2.86111126685596,-2.86111126685596,-1.09660475672174,1.09660475672174,-0.532033016340124,0.532033016340124,-0.142556497878307,0.142556497878307,-0.393693283863135,0.393693283863135,1.28366095773199,-1.28366095773199,-0.494088442940718,0.494088442940718,1.93447701414989,-1.93447701414989,0.719756508100861,-0.719756508100861,0.590674774782355,-0.590674774782355,-1.45786494124419,1.45786494124419,1.66943670244225,-1.66943670244225,-1.22876252071765,1.22876252071765,-2.69871325083873,2.69871325083873,1.47891893386328,-1.47891893386328,-0.605870634094626,0.605870634094626,0.0862041542111134,-0.0862041542111134,-0.393120764729433,0.393120764729433,-0.292276406217518,0.292276406217518,-0.519957264958605,0.519957264958605,0.673578741169629,-0.673578741169629,0.877782815845061,-0.877782815845061,0.784041316620181,-0.784041316620181,0.517453625014918,-0.517453625014918,0.165600245213456,-0.165600245213456,-0.237079754378593,0.237079754378593,0.750405405217373,-0.750405405217373,-0.132505588675757,0.132505588675757,0.639016741036329,-0.639016741036329,-0.642110359683062,0.642110359683062,2.04003997908326,-2.04003997908326,0.886845653701528,-0.886845653701528,-1.31734580992243,1.31734580992243,0.389885252321668,-0.389885252321668,-0.278379687332213,0.278379687332213,0.758822276181252,-0.758822276181252,2.53518463424119,-2.53518463424119,-0.690349016739197,0.690349016739197,-0.412417814774021,0.412417814774021,0.217111154167842,-0.217111154167842,-0.0803747729058021,0.0803747729058021,-1.87818245796649,1.87818245796649,0.556128311049032,-0.556128311049032,-1.3198903685474,1.3198903685474,-0.568692037069502,0.568692037069502,0.331532242976062,-0.331532242976062,1.12048894440265,-1.12048894440265,0.214058555871662,-0.214058555871662,-0.127579684561777,0.127579684561777,-0.731312442470565,0.731312442470565,-0.901712272696647,0.901712272696647,0.157329649036832,-0.157329649036832,1.00342199942873,-1.00342199942873,0.272425300085701,-0.272425300085701,0.181474581286583,-0.181474581286583,0.328499696818879,-0.328499696818879,0.138811009994931,-0.138811009994931,0.866010844077324,-0.866010844077324,-0.760245218772514,0.760245218772514,0.00153014031218537,-0.00153014031218537,0.858307738143936,-0.858307738143936,0.0215167795929051,-0.0215167795929051,-0.164948653935839,0.164948653935839,-0.954779778035476,0.954779778035476,-0.9140069816464,0.9140069816464,1.33471092077354,-1.33471092077354,0.524504866557198,-0.524504866557198,-0.110922932942649,0.110922932942649,-0.76592254738171,0.76592254738171,0.741460076480758,-0.741460076480758,-0.448312338655286,0.448312338655286,0.960984276022243,-0.960984276022243,0.452928596518329,-0.452928596518329,0.0686673396809211,-0.0686673396809211,0.680170167989147,-0.680170167989147,-1.06951609304045,1.06951609304045,-0.622707103346509,0.622707103346509,-0.376706885416767,0.376706885416767,1.1500080417624,-1.1500080417624,-2.18356316668294,2.18356316668294,0.947077446071654,-0.947077446071654,1.44232587196892,-1.44232587196892,0.520005411819389,-0.520005411819389,-0.248765614642266,0.248765614642266,-1.80118394369924,1.80118394369924,0.998250215422187,-0.998250215422187,0.244517123644422,-0.244517123644422,0.453185831527425,-0.453185831527425,-1.76866865625114,1.76866865625114,-0.382658745818842,0.382658745818842,0.944426592138118,-0.944426592138118,-0.123088800914376,0.123088800914376,0.497891020428204,-0.497891020428204,-0.427869509157287,0.427869509157287,0.0223182835717682,-0.0223182835717682,0.586177074032453,-0.586177074032453,1.11473224423796,-1.11473224423796,-0.579249360491448,0.579249360491448,0.0497932878782741,-0.0497932878782741,0.53592964765815,-0.53592964765815,-0.239558380830698,0.239558380830698,1.28702674941577,-1.28702674941577,1.53500008782208,-1.53500008782208,-0.352494959811244,0.352494959811244,0.0134552620416838,-0.0134552620416838,-0.0426873613534108,0.0426873613534108,1.39811613684991,-1.39811613684991,-0.892778752402228,0.892778752402228,-0.323277058928097,0.323277058928097,-0.657929649792492,0.657929649792492,-0.517654707013592,0.517654707013592,0.525899971975675,-0.525899971975675,0.875076310202659,-0.875076310202659,-0.213369372444131,0.213369372444131,-1.3017756847337,1.3017756847337,-0.612264201559697,0.612264201559697,-1.56435210055195,1.56435210055195,0.470902246158227,-0.470902246158227,-1.24595809009878,1.24595809009878,0.0304767734490596,-0.0304767734490596,0.847471071780525,-0.847471071780525,0.226555056918747,-0.226555056918747,-0.328112209359521,0.328112209359521,0.371753901603994,-0.371753901603994,0.0810144406840523,-0.0810144406840523,-0.0498883964028354,0.0498883964028354,-0.0048400656583286,0.0048400656583286,0.101291096449301,-0.101291096449301,1.48007088112323,-1.48007088112323,0.824334274011518,-0.824334274011518,-1.11233019016685,1.11233019016685,0.566698311607906,-0.566698311607906,0.716828561484068,-0.716828561484068,0.0140475275557225,-0.0140475275557225,-1.2240617461482,1.2240617461482,0.898083358779377,-0.898083358779377,0.279325543558001,-0.279325543558001,-1.5569728717965,1.5569728717965,0.976501432238022,-0.976501432238022,-0.685353829567928,0.685353829567928,0.747442356990891,-0.747442356990891,0.221775003104551,-0.221775003104551,-0.782888409358046,0.782888409358046,-0.24415475275967,0.24415475275967,0.110320170296084,-0.110320170296084,-0.981757468496902,0.981757468496902,-0.245288931569742,0.245288931569742,0.918897415831363,-0.918897415831363,-1.14348086049395,1.14348086049395,-0.128799562045956,0.128799562045956,-0.285680033413782,0.285680033413782,-0.951200882070317,0.951200882070317,0.185503767790698,-0.185503767790698,0.36944786155091,-0.36944786155091,0.584111468645585,-0.584111468645585,1.03145256807841,-1.03145256807841,0.139384744380145,-0.139384744380145,0.390589276948405,-0.390589276948405,0.254765380146583,-0.254765380146583,-0.178519127757307,0.178519127757307,1.19277069273697,-1.19277069273697,1.24789263758817,-1.24789263758817,-1.67543323444485,1.67543323444485,-1.41071246170021,1.41071246170021,1.99049683900831,-1.99049683900831,-1.0267016062021,1.0267016062021,-1.7723376715121,1.7723376715121,-0.970006444494815,0.970006444494815,-1.87041565465373,1.87041565465373,-0.0326019498138057,0.0326019498138057,0.311542036263077,-0.311542036263077,1.92425534032662,-1.92425534032662,0.633780107527716,-0.633780107527716,0.701887319339471,-0.701887319339471,-0.575479612789313,0.575479612789313,-0.514166376949866,0.514166376949866,0.677442627977489,-0.677442627977489,1.60943570938129,-1.60943570938129,0.104847918233091,-0.104847918233091,0.174249158539634,-0.174249158539634,-0.369550994351612,0.369550994351612,-0.6391593300333,0.6391593300333,-0.0334569246804087,0.0334569246804087,-1.24334073179523,1.24334073179523,0.996371936188559,-0.996371936188559,-0.188420035418931,0.188420035418931,1.1699628740357,-1.1699628740357,-0.932903496890222,0.932903496890222,-0.724339694271282,0.724339694271282,0.244872964349407,-0.244872964349407,-1.13083661971967,1.13083661971967,-1.42453519381425,1.42453519381425,-1.5405282789876,1.5405282789876,0.127664542962438,-0.127664542962438,1.1460706739286,-1.1460706739286,-0.00617186843403215,0.00617186843403215,-0.051724490695928,0.051724490695928,-0.454404203002565,0.454404203002565,0.864104940575853,-0.864104940575853,1.0214254648878,-1.0214254648878,-1.41686020168744,1.41686020168744,3.57004684410868,-3.57004684410868,-1.2349062942764,1.2349062942764,1.41505341157573,-1.41505341157573,-0.784560195125093,0.784560195125093,0.611459381759106,-0.611459381759106,-0.414127812393529,0.414127812393529,1.14022489237203,-1.14022489237203,1.45632808859718,-1.45632808859718,0.102999458635124,-0.102999458635124,0.891651233698749,-0.891651233698749,-0.401607772359562,0.401607772359562,0.493886203462463,-0.493886203462463,-1.20660623165999,1.20660623165999,0.306414791456681,-0.306414791456681,-1.14390432566083,1.14390432566083,1.16497169923508,-1.16497169923508,-0.59306897043574,0.59306897043574,0.401763875015923,-0.401763875015923,0.208750438179295,-0.208750438179295,0.139917899488029,-0.139917899488029,-2.01432723446276,2.01432723446276,1.17196762512954,-1.17196762512954,-0.408360924146422,0.408360924146422,0.976480399321668,-0.976480399321668,0.804176840272462,-0.804176840272462,0.462490222663307,-0.462490222663307,0.0171250547963949,-0.0171250547963949,-0.666596525490386,0.666596525490386,-2.08136766922029,2.08136766922029,-0.366621903594474,0.366621903594474,-0.383360614959735,0.383360614959735,-0.646158670028443,0.646158670028443,0.289282844253703,-0.289282844253703,-0.178315170202762,0.178315170202762,-0.400923449926469,0.400923449926469,1.16448243960031,-1.16448243960031,0.551495225091375,-0.551495225091375,0.996604503544934,-0.996604503544934,-1.64483672227566,1.64483672227566,-0.790966328208052,0.790966328208052,1.43637865122568,-1.43637865122568,0.438256429628647,-0.438256429628647,0.79460431978788,-0.79460431978788,-1.36808684670709,1.36808684670709,-1.16476578220548,1.16476578220548,1.36126600103984,-1.36126600103984,1.37197237248299,-1.37197237248299,1.1659044905698,-1.1659044905698,0.957841153559138,-0.957841153559138,1.5508093229157,-1.5508093229157,-0.104827770069947,0.104827770069947,0.740861518406003,-0.740861518406003,1.05190841648974,-1.05190841648974,-0.381557190501165,0.381557190501165,1.45473688882905,-1.45473688882905,0.126538781852908,-0.126538781852908,-0.546783927123019,0.546783927123019,-1.36209072558633,1.36209072558633,-1.10971329875566,1.10971329875566,-0.311033368226028,0.311033368226028,-1.8739746947528,1.8739746947528,-1.25908352193926,1.25908352193926,0.272011839946341,-0.272011839946341,-0.256714323618314,0.256714323618314,0.604013867575229,-0.604013867575229,-0.917830028785676,0.917830028785676,1.09951115921271,-1.09951115921271,0.245272434437343,-0.245272434437343,-0.301428961120493,0.301428961120493,-0.940461902141236,0.940461902141236,-2.16337430677202,2.16337430677202,-1.2255722687529,1.2255722687529,1.5359268625242,-1.5359268625242,0.474466668497929,-0.474466668497929,-0.272029124470316,0.272029124470316,0.620603661126223,-0.620603661126223,-0.32112203740896,0.32112203740896,-0.332377657517897,0.332377657517897,2.11882314581576,-2.11882314581576,-1.00055767486018,1.00055767486018,-0.565644450059691,0.565644450059691,1.38376963728169,-1.38376963728169,0.231249593054577,-0.231249593054577,1.16540390965098,-1.16540390965098,-0.062384555122172,0.062384555122172,0.950327825778265,-0.950327825778265,-0.218294189101241,0.218294189101241,0.382138173016207,-0.382138173016207,-0.696625588280513,0.696625588280513,1.97876858530673,-1.97876858530673,0.720045895965902,-0.720045895965902,-0.58704415587944,0.58704415587944,0.00997444664881326,-0.00997444664881326,1.50665593118645,-1.50665593118645,-1.02155161959888,1.02155161959888,0.0396402218170401,-0.0396402218170401,-0.377127989200564,0.377127989200564,-0.548285774014367,0.548285774014367,1.00673057025904,-1.00673057025904,-2.39841252712618,2.39841252712618,0.213995811355785,-0.213995811355785,-0.474187375325048,0.474187375325048,-0.323268125391137,0.323268125391137,0.439288945144754,-0.439288945144754,-0.561159100619293,0.561159100619293,-0.20158012727766,0.20158012727766,-0.939599244581662,0.939599244581662,-1.25862609324208,1.25862609324208,-0.598724918530585,0.598724918530585,-0.462032464762669,0.462032464762669,-0.182143443455232,0.182143443455232,-1.32198138561494,1.32198138561494,0.222188170417831,-0.222188170417831,-1.03160894290188,1.03160894290188,0.448140990726081,-0.448140990726081,0.0648970796881987,-0.0648970796881987,1.66116654951281,-1.66116654951281,-0.883445673555033,0.883445673555033,1.99043055654801,-1.99043055654801,0.234720762608006,-0.234720762608006,-0.223720119837933,0.223720119837933,-1.11882126925247,1.11882126925247,-0.095997588587936,0.095997588587936,-0.175168072638079,0.175168072638079,-0.272368043370498,0.272368043370498,1.36189714204401,-1.36189714204401,1.13402393934508,-1.13402393934508,0.544582027373238,-0.544582027373238,0.468128149493313,-0.468128149493313,-1.24437135232308,1.24437135232308,-0.406215595238767,0.406215595238767,-0.636400870065095,0.636400870065095,-1.11573241575177,1.11573241575177,0.84944723863648,-0.84944723863648,-0.35789325714882,0.35789325714882,-0.582778922900036,0.582778922900036,-0.982241920229651,0.982241920229651,-0.601832080973699,0.601832080973699,-0.251136303355089,0.251136303355089,-0.351683181975603,0.351683181975603,0.0673603098402432,-0.0673603098402432,-0.449391410933241,0.449391410933241,-0.345072238557965,0.345072238557965,-0.039056217164283,0.039056217164283,-0.0348336824045877,0.0348336824045877,-0.583324875749462,0.583324875749462,-1.03735783377339,1.03735783377339,-1.22849783912979,1.22849783912979,-1.03249570084364,1.03249570084364,-1.64078613624408,1.64078613624408,1.39836134010592,-1.39836134010592,0.174149614524939,-0.174149614524939,0.418456662019832,-0.418456662019832,-1.43389812299706,1.43389812299706,-0.859054666954721,0.859054666954721,-0.439492121478331,0.439492121478331,-0.364938810103679,0.364938810103679,0.413474542811311,-0.413474542811311,-0.394580045300365,0.394580045300365,-1.35546054096199,1.35546054096199,-1.10322493287875,1.10322493287875,-2.33202512700105,2.33202512700105,0.658804055720714,-0.658804055720714,-0.0975606693312887,0.0975606693312887,-0.936006077428115,0.936006077428115,0.119338282089122,-0.119338282089122,-0.0873721830308938,0.0873721830308938,-0.414659110799158,0.414659110799158,1.09746170978636,-1.09746170978636,-1.15016829841312,1.15016829841312,-0.627362173218738,0.627362173218738,0.521057355976128,-0.521057355976128,-0.617029513071864,0.617029513071864,0.462724157119127,-0.462724157119127,0.291694926338451,-0.291694926338451,1.47383317941147,-1.47383317941147,0.976970342442382,-0.976970342442382,0.889007346211904,-0.889007346211904,0.272414908957792,-0.272414908957792,0.442556658414008,-0.442556658414008,2.30815879213862,-2.30815879213862,-0.0328608345988146,0.0328608345988146,0.161727481791478,-0.161727481791478,0.559009579874432,-0.559009579874432,-0.831108745198294,0.831108745198294,-0.897223810664511,0.897223810664511,-0.231405146005386,0.231405146005386,0.568530763907602,-0.568530763907602,0.593103748941026,-0.593103748941026,-1.01894213359341,1.01894213359341,-1.05740724174113,1.05740724174113,0.651777955831746,-0.651777955831746,-1.10474243965963,1.10474243965963,1.35478553826643,-1.35478553826643,0.351946962527861,-0.351946962527861,-0.447894013014053,0.447894013014053,0.0642092685604472,-0.0642092685604472,2.17240628045458,-2.17240628045458,-0.592914805333183,0.592914805333183,-0.168273224473217,0.168273224473217,0.0489778108443243,-0.0489778108443243,-1.41737471000765,1.41737471000765,-0.0560079964097467,0.0560079964097467,-0.819854935434832,0.819854935434832,0.226406579454464,-0.226406579454464,-0.660425073074554,0.660425073074554,-0.801963363643747,0.801963363643747,0.455490914050421,-0.455490914050421,0.0118825620714209,-0.0118825620714209,-0.0219354101969553,0.0219354101969553,2.46567495692865,-2.46567495692865,-1.20514692098572,1.20514692098572,1.07509672504948,-1.07509672504948,1.3094651890046,-1.3094651890046,-0.331074894064026,0.331074894064026,-1.7380290233644,1.7380290233644,0.911812731093006,-0.911812731093006,1.0816519598741,-1.0816519598741,-1.91147673274995,1.91147673274995,-0.152240084302706,0.152240084302706,-0.209596712800489,0.209596712800489,1.13940953910412,-1.13940953910412,-0.207477940019622,0.207477940019622,-2.01865137695926,2.01865137695926,1.11348769702931,-1.11348769702931,-1.09478019635967,1.09478019635967,1.23880118913057,-1.23880118913057,-0.600349351680528,0.600349351680528,1.03108678339815,-1.03108678339815,-0.800856084995891,0.800856084995891,-0.631004683553087,0.631004683553087,-0.608919509328957,0.608919509328957,0.0551522756104367,-0.0551522756104367,-1.29714070441866,1.29714070441866,-0.88813797411762,0.88813797411762,0.212216905825726,-0.212216905825726,-1.17853718874962,1.17853718874962,1.65013605535556,-1.65013605535556,-1.81198620714378,1.81198620714378,1.6414663034926,-1.6414663034926,-0.34488335298152,0.34488335298152,1.05575181452148,-1.05575181452148,-1.05081759299422,1.05081759299422,-2.34876706976552,2.34876706976552,-1.5666302305061,1.5666302305061,0.674529978399804,-0.674529978399804,-0.300862271290384,0.300862271290384,-0.18318907662872,0.18318907662872,-0.27357719078397,0.27357719078397,0.915641456578372,-0.915641456578372,0.0483295395694666,-0.0483295395694666,-1.61375262228831,1.61375262228831,-2.01317465368749,2.01317465368749,-0.880477594424436,0.880477594424436,0.185971313551806,-0.185971313551806,-0.0355425800069087,0.0355425800069087,-1.91621148272679,1.91621148272679,0.49622430514468,-0.49622430514468,-1.66387454628921,1.66387454628921,1.38608739884146,-1.38608739884146,-0.650233981728955,0.650233981728955,1.79429814591625,-1.79429814591625,1.01900045653457,-1.01900045653457,-0.383208105815362,0.383208105815362,-1.86301180470571,1.86301180470571,0.695200431033479,-0.695200431033479,1.57085296517338,-1.57085296517338,-0.818341694764716,0.818341694764716,2.37520716707098,-2.37520716707098,-2.39693420617565,2.39693420617565,-0.138201428499747,0.138201428499747,0.193980959172763,-0.193980959172763,0.0333253282965751,-0.0333253282965751,1.35143488578429,-1.35143488578429,0.412545236583682,-0.412545236583682,-0.359451446957563,0.359451446957563,1.00472204871932,-1.00472204871932,-0.172558176932337,0.172558176932337,-0.71616311546722,0.71616311546722,-0.905142241330364,0.905142241330364,0.491682178135783,-0.491682178135783,-0.729017734011819,0.729017734011819,1.77538937225071,-1.77538937225071,-0.500861635888896,0.500861635888896,1.18385713176674,-1.18385713176674,-0.308058181271009,0.308058181271009,2.38544275914155,-2.38544275914155,-1.49910332757059,1.49910332757059,0.515101603683062,-0.515101603683062,-0.84355936599467,0.84355936599467,-0.18459807697408,0.18459807697408,-0.775798662043983,0.775798662043983,0.448987710572912,-0.448987710572912,0.733833402708929,-0.733833402708929,-0.285722269008624,0.285722269008624,-0.0459644119227291,0.0459644119227291,0.0688907530998719,-0.0688907530998719,0.42272548879946,-0.42272548879946,0.368600495813366,-0.368600495813366,0.492171830697222,-0.492171830697222,1.57461501714158,-1.57461501714158,-0.447334951855866,0.447334951855866,0.465927223952868,-0.465927223952868,0.657691946154183,-0.657691946154183,0.744189027736781,-0.744189027736781,0.0597675048267188,-0.0597675048267188,-1.41303498934631,1.41303498934631,-0.105331859498261,0.105331859498261,0.702959576923633,-0.702959576923633,0.534103788859979,-0.534103788859979,-0.0730090815978984,0.0730090815978984,0.190971138408563,-0.190971138408563,0.661675135184149,-0.661675135184149,-0.709380139700306,0.709380139700306,-0.898780255982608,0.898780255982608,0.475452469909225,-0.475452469909225,0.814794462658684,-0.814794462658684,-0.934452112705088,0.934452112705088,-0.271590190843883,0.271590190843883,-0.968974480453201,0.968974480453201,-0.694573587249099,0.694573587249099,-0.955460169441851,0.955460169441851,-1.03227751241508,1.03227751241508,0.302844813105637,-0.302844813105637,0.705171138606737,-0.705171138606737,-0.721536527264344,0.721536527264344,-0.366233172409177,0.366233172409177,0.556484310848574,-0.556484310848574,-2.5097725856004,2.5097725856004,-0.0210145481995743,0.0210145481995743,-2.22596144593974,2.22596144593974,-2.03716948673295,2.03716948673295,-0.548426684468191,0.548426684468191,0.691754403536526,-0.691754403536526,-1.56549591934254,1.56549591934254,-0.450829491449443,0.450829491449443,-0.492905530161545,0.492905530161545,0.188379336373293,-0.188379336373293,0.807508055391571,-0.807508055391571,0.0182483465089121,-0.0182483465089121,1.10357699070347,-1.10357699070347,-0.74834156010012,0.74834156010012,0.122542276820095,-0.122542276820095,-2.76981350439075,2.76981350439075,2.61233770864456,-2.61233770864456,0.690409102758024,-0.690409102758024,-1.79200249528246,1.79200249528246,1.31124674758169,-1.31124674758169,-0.711157165301758,0.711157165301758,-0.376381930202419,0.376381930202419,0.696975771125884,-0.696975771125884,-1.48554036125965,1.48554036125965,-0.396711415326291,0.396711415326291,2.04233122354829,-2.04233122354829,2.07091810572555,-2.07091810572555,0.402448973594214,-0.402448973594214,-0.50888057244093,0.50888057244093,0.522250173136834,-0.522250173136834,-0.0897038667629405,0.0897038667629405,-1.1210107283974,1.1210107283974,-0.649594245286802,0.649594245286802,0.0210886195274043,-0.0210886195274043,-1.12748061293075,1.12748061293075,-0.563209885265396,0.563209885265396,-3.02969593045482,3.02969593045482,-0.633776334223459,0.633776334223459,0.877048448940491,-0.877048448940491,0.633575714616997,-0.633575714616997,-1.74116826262457,1.74116826262457,0.221124735568241,-0.221124735568241,-0.277664179512385,0.277664179512385,-0.321915021709526,0.321915021709526,-0.638774637359586,0.638774637359586,1.02368260155306,-1.02368260155306,0.0502234018511781,-0.0502234018511781,0.579111736604799,-0.579111736604799,-0.985087035546715,0.985087035546715,1.97774223251241,-1.97774223251241,0.1713532042927,-0.1713532042927,0.663493092872923,-0.663493092872923,0.223782402531722,-0.223782402531722,1.10773457541264,-1.10773457541264,0.579962176183063,-0.579962176183063,-0.514736485612928,0.514736485612928,0.327590747357352,-0.327590747357352,0.980151960045644,-0.980151960045644,-0.967573891587703,0.967573891587703,0.527861407998144,-0.527861407998144,0.22631644344035,-0.22631644344035,-1.46075764954963,1.46075764954963,-0.677675579013867,0.677675579013867,-0.00671934218519947,0.00671934218519947,0.914961383851981,-0.914961383851981,-1.84544435107584,1.84544435107584,-1.04449853977073,1.04449853977073,1.24773771100901,-1.24773771100901,1.16002363662399,-1.16002363662399,-1.50385701553435,1.50385701553435,-0.467006913614338,0.467006913614338,-0.300980002029734,0.300980002029734,0.0239565953550182,-0.0239565953550182,-0.654345437666684,0.654345437666684,0.0381268307998618,-0.0381268307998618,-0.279035878805891,0.279035878805891,-0.176374189053111,0.176374189053111,0.51062261484919,-0.51062261484919,-0.146813520454904,0.146813520454904,0.170748829788015,-0.170748829788015,-1.26112693403075,1.26112693403075,-0.315653089772482,0.315653089772482,-0.237432943295907,0.237432943295907,-0.620763332900531,0.620763332900531,0.395090161417369,-0.395090161417369,0.853984339212166,-0.853984339212166,-2.4293311275752,2.4293311275752,-0.197940074676994,0.197940074676994,-1.57098983598559,1.57098983598559,1.04235262913816,-1.04235262913816,-2.16678022096372,2.16678022096372,-1.34738058423703,1.34738058423703,1.05040121012921,-1.05040121012921,0.111966737859827,-0.111966737859827,-0.109222407408938,0.109222407408938,0.386692001625924,-0.386692001625924,1.65506907822691,-1.65506907822691,0.511098004010805,-0.511098004010805,0.89899277815364,-0.89899277815364,0.419617546913717,-0.419617546913717,0.945454369381564,-0.945454369381564,-0.141485125292076,0.141485125292076,1.32677700154053,-1.32677700154053,-0.073651666944366,0.073651666944366,-0.758337038584039,0.758337038584039,-2.53245446528483,2.53245446528483,-0.126444355083522,0.126444355083522,-1.32531084510789,1.32531084510789,-0.755192389391061,0.755192389391061,-1.94547047205698,1.94547047205698,0.307404440273495,-0.307404440273495,-0.0955615398748058,0.0955615398748058,1.50082467896868,-1.50082467896868,-2.19091941370523,2.19091941370523,-0.109260678770044,0.109260678770044,-0.197053970123338,0.197053970123338,0.285179702406319,-0.285179702406319,0.33917424232941,-0.33917424232941,-0.354479945473621,0.354479945473621,0.299218295887397,-0.299218295887397,-1.66343190072462,1.66343190072462,-1.72133002859892,1.72133002859892
-0.113776835595765,0.113776835595765,-1.29392740659511,1.29392740659511,1.23669585133822,-1.23669585133822,2.31609798477353,-2.31609798477353,1.55263938816756,-1.55263938816756,1.2467007966805,-1.2467007966805,0.574301385140804,-0.574301385140804,0.738289632136272,-0.738289632136272,0.357398500886996,-0.357398500886996,0.0120137201534781,-0.0120137201534781,-0.592309271112225,0.592309271112225,-1.18767002662661,1.18767002662661,-0.681151714475331,0.681151714475331,-1.08881201770242,1.08881201770242,1.29553347958492,-1.29553347958492,-0.156972728866716,0.156972728866716,0.0970472101220798,-0.0970472101220798,-1.0793558406144,1.0793558406144,-1.61840398726268,1.61840398726268,1.15437613888602,-1.15437613888602,0.499831653289214,-0.499831653289214,-0.106952508971618,0.106952508971618,0.690334406835672,-0.690334406835672,-0.030625255431491,0.030625255431491,-0.311915793070859,0.311915793070859,1.05578325343645,-1.05578325343645,0.400646396460427,-0.400646396460427,-0.0856171655853849,0.0856171655853849,-1.38073996913941,1.38073996913941,1.76158627069111,-1.76158627069111,1.99413802305091,-1.99413802305091,-0.318428812993067,0.318428812993067,-0.310285012755892,0.310285012755892,0.46719212977696,-0.46719212977696,0.613429642340499,-0.613429642340499,1.20475183866222,-1.20475183866222,1.52491026958636,-1.52491026958636,-0.845977118686664,0.845977118686664,1.62186162979174,-1.62186162979174,1.46816240349959,-1.46816240349959,1.18327899423704,-1.18327899423704,0.298647784809376,-0.298647784809376,-1.58141807158842,1.58141807158842,1.41595340976772,-1.41595340976772,0.422313264833597,-0.422313264833597,-1.29650406742819,1.29650406742819,-0.0493665816065518,0.0493665816065518,-0.410541643817115,0.410541643817115,0.474389283713674,-0.474389283713674,-1.28267718670259,1.28267718670259,-1.94676880134212,1.94676880134212,0.299049197423609,-0.299049197423609,0.61414914190184,-0.61414914190184,-1.50616346815166,1.50616346815166,-0.274503239576544,0.274503239576544,-1.02308722173363,1.02308722173363,-1.46695064570193,1.46695064570193,-0.317987872341731,0.317987872341731,0.24621636011132,-0.24621636011132,-1.27000696857708,1.27000696857708,1.74386646067992,-1.74386646067992,-0.157135511356377,0.157135511356377,-1.52342779085501,1.52342779085501,-1.49751127901456,1.49751127901456,0.160220144565908,-0.160220144565908,1.96543397714403,-1.96543397714403,-0.895395987287884,0.895395987287884,-0.369802836693637,0.369802836693637,0.383675394586059,-0.383675394586059,0.131353292619541,-0.131353292619541,-0.189345002329338,0.189345002329338,-0.0104513676234683,0.0104513676234683,1.35796199023702,-1.35796199023702,-0.487007034356976,0.487007034356976,2.24893676270046,-2.24893676270046,0.223774013078225,-0.223774013078225,1.75630925937868,-1.75630925937868,-1.42760975142306,1.42760975142306,0.238602828152008,-0.238602828152008,0.645600051729385,-0.645600051729385,-0.337468480836247,0.337468480836247,1.58044479050888,-1.58044479050888,-0.52121915983502,0.52121915983502,-0.23630631321044,0.23630631321044,-1.13579129810323,1.13579129810323,0.0875209463120208,-0.0875209463120208,0.277592857327333,-0.277592857327333,-1.7048586342722,1.7048586342722,-0.441594060811337,0.441594060811337,0.400639291422973,-0.400639291422973,0.218823494132956,-0.218823494132956,-0.403865314801207,0.403865314801207,0.861889808063415,-0.861889808063415,0.15015992968398,-0.15015992968398,1.47934715473058,-1.47934715473058,-0.28689132817058,0.28689132817058,0.238776403100068,-0.238776403100068,0.26989124999451,-0.26989124999451,0.222974117458033,-0.222974117458033,0.224392598961892,-0.224392598961892,-0.591937337958426,0.591937337958426,-0.479965587494451,0.479965587494451,0.0525437509651613,-0.0525437509651613,2.01553195007576,-2.01553195007576,-0.614727108517727,0.614727108517727,-0.0764375373899967,0.0764375373899967,-0.00871320410198127,0.00871320410198127,2.06369685596759,-2.06369685596759,-0.880598346880026,0.880598346880026,1.26537837129434,-1.26537837129434,-0.700681061589944,0.700681061589944,-0.0317509317538144,0.0317509317538144,0.251164220809796,-0.251164220809796,-0.0688203047005252,0.0688203047005252,-0.860610331867581,0.860610331867581,-1.50755184132418,1.50755184132418,0.0849761180464961,-0.0849761180464961,1.49005510525485,-1.49005510525485,0.55657763764231,-0.55657763764231,0.670059693871655,-0.670059693871655,1.35458953646276,-1.35458953646276,0.742972283733219,-0.742972283733219,-1.99668962120533,1.99668962120533,1.74521685128836,-1.74521685128836,0.600966250696885,-0.600966250696885,0.346850264060083,-0.346850264060083,0.567271606909233,-0.567271606909233,-0.95399812882969,0.95399812882969,-0.9439735478279,0.9439735478279,-0.489296117574181,0.489296117574181,-0.708627830221944,0.708627830221944,-0.549768420503599,0.549768420503599,1.54982076282344,-1.54982076282344,0.0307678210857877,-0.0307678210857877,0.486011466991324,-0.486011466991324,-0.613207201793596,0.613207201793596,-2.34550706804745,2.34550706804745,0.74032254300989,-0.74032254300989,-1.02505226833198,1.02505226833198,1.34053520686743,-1.34053520686743,1.06794174807706,-1.06794174807706,-1.00934024596183,1.00934024596183,-1.18642030082636,1.18642030082636,-0.0398870813224125,0.0398870813224125,0.403353967716266,-0.403353967716266,0.885581786829058,-0.885581786829058,0.016415756792386,-0.016415756792386,-0.345926691972881,0.345926691972881,0.31543070712008,-0.31543070712008,0.0968016178937502,-0.0968016178937502,1.26873189572286,-1.26873189572286,0.676773360023262,-0.676773360023262,0.508962991648301,-0.508962991648301,0.790528430418421,-0.790528430418421,0.147059315030123,-0.147059315030123,-0.688695689241019,0.688695689241019,2.74930153509664,-2.74930153509664,0.48809620019887,-0.48809620019887,-0.867161949365892,0.867161949365892,1.05905193573287,-1.05905193573287,-1.48035746755932,1.48035746755932,1.82086701530793,-1.82086701530793,-0.546520314649945,0.546520314649945,-0.588361164018828,0.588361164018828,-0.274644576825167,0.274644576825167,1.22187879371577,-1.22187879371577,-0.933751706094561,0.933751706094561,-0.00645189219791186,0.00645189219791186,-1.04803143856207,1.04803143856207,-1.82381613609344,1.82381613609344,0.083669814261799,-0.083669814261799,0.752186485829602,-0.752186485829602,0.855530139408162,-0.855530139408162,-0.557948264827435,0.557948264827435,0.729277906006917,-0.729277906006917,0.67147067034101,-0.67147067034101,-0.16908567226129,0.16908567226129,-0.711763403511107,0.711763403511107,-0.212469409832535,0.212469409832535,-2.25238630305668,2.25238630305668,-0.4196280586739,0.4196280586739,0.550433941079038,-0.550433941079038,-0.628937895531694,0.628937895531694,0.750140486052531,-0.750140486052531,-0.504733190403816,0.504733190403816,0.696650716943919,-0.696650716943919,0.141176675595489,-0.141176675595489,1.0004787223303,-1.0004787223303,1.7989945272125,-1.7989945272125,-0.101308086778701,0.101308086778701,-0.12454640904889,0.12454640904889,0.279334159278302,-0.279334159278302,0.473966233963999,-0.473966233963999,-3.3939377085756,3.3939377085756,-0.728739714148005,0.728739714148005,-0.00176396010736898,0.00176396010736898,-0.202216960254176,0.202216960254176,-0.87264431326737,0.87264431326737,-1.25257556320677,1.25257556320677,-0.990786448470621,0.990786448470621,-0.740637724100511,0.740637724100511,0.269161092079697,-0.269161092079697,0.810939154131482,-0.810939154131482,-1.58121659874329,1.58121659874329,-0.325582760472267,0.325582760472267,-0.341462589624687,0.341462589624687,-0.977834384429951,0.977834384429951,0.994108438915278,-0.994108438915278,0.387856370604141,-0.387856370604141,-0.468040454469149,0.468040454469149,2.27385874000983,-2.27385874000983,-1.20080658416091,1.20080658416091,0.936034479569186,-0.936034479569186,-1.16505685079859,1.16505685079859,-2.16252617127427,2.16252617127427,-0.383162561534798,0.383162561534798,0.0514010841481637,-0.0514010841481637,1.22218727063061,-1.22218727063061,-0.13439957391358,0.13439957391358,-1.75390605155295,1.75390605155295,0.973665463566141,-0.973665463566141,-2.39209059577205,2.39209059577205,2.91999576604575,-2.91999576604575,0.472889665029717,-0.472889665029717,0.317289318457802,-0.317289318457802,-1.32594314484969,1.32594314484969,-1.22183170887924,1.22183170887924,-0.180692831728976,0.180692831728976,1.12065854156136,-1.12065854156136,0.607478124486993,-0.607478124486993,-1.65476374305044,1.65476374305044,0.359491708586844,-0.359491708586844,-1.03778390841611,1.03778390841611,-0.117396877873159,0.117396877873159,1.83606917138889,-1.83606917138889,-0.390452316874733,0.390452316874733,-1.56697114237365,1.56697114237365,1.15700318539548,-1.15700318539548,0.537231699377094,-0.537231699377094,1.12191109760678,-1.12191109760678,-0.562083867768803,0.562083867768803,0.461131508379358,-0.461131508379358,-0.64638920257234,0.64638920257234,1.76028065621209,-1.76028065621209,-0.409381659792127,0.409381659792127,0.619849481500342,-0.619849481500342,-0.133321660220283,0.133321660220283,0.504524355666993,-0.504524355666993,1.4321595478479,-1.4321595478479,0.230136751975325,-0.230136751975325,0.161605782328333,-0.161605782328333,0.356081717475212,-0.356081717475212,0.988994798686564,-0.988994798686564,0.785195338830357,-0.785195338830357,1.24207887990764,-1.24207887990764,-1.05473897847264,1.05473897847264,-0.169831013385581,0.169831013385581,-0.221470969971563,0.221470969971563,-0.714525917956288,0.714525917956288,0.913721162591687,-0.913721162591687,-1.6842142907306,1.6842142907306,-1.50566391728968,1.50566391728968,0.147951597457921,-0.147951597457921,0.386417131314801,-0.386417131314801,-0.541453622500898,0.541453622500898,-0.705421134176091,0.705421134176091,2.42130861281587,-2.42130861281587,0.16908900214529,-0.16908900214529,0.0576731717838682,-0.0576731717838682,0.41441116274818,-0.41441116274818,-0.802156176563858,0.802156176563858,-1.25595920866838,1.25595920866838,-0.725626463014539,0.725626463014539,-1.59488704402711,1.59488704402711,-1.77090637565541,1.77090637565541,-0.0784204731557223,0.0784204731557223,1.6761802062008,-1.6761802062008,-0.264960029771186,0.264960029771186,1.33498659880195,-1.33498659880195,0.969001147032942,-0.969001147032942,-0.628326928640991,0.628326928640991,0.121688356187735,-0.121688356187735,-1.86735741064288,1.86735741064288,0.0435068939345743,-0.0435068939345743,-0.27861134679991,0.27861134679991,-0.183885099772075,0.183885099772075,1.71882392985989,-1.71882392985989,-0.597794398905815,0.597794398905815,1.51673754944133,-1.51673754944133,-0.301612744796006,0.301612744796006,-0.421964296977668,0.421964296977668,0.188656418571582,-0.188656418571582,1.06650714012824,-1.06650714012824,-1.30975193390003,1.30975193390003,-0.513008909382353,0.513008909382353,0.24429038528544,-0.24429038528544,-0.453070685319932,0.453070685319932,0.143529905679908,-0.143529905679908,-0.282180465608166,0.282180465608166,1.07186031355017,-1.07186031355017,0.701865632127187,-0.701865632127187,-0.974636910823243,0.974636910823243,0.783940472712051,-0.783940472712051,-0.762554612869785,0.762554612869785,0.313013873161561,-0.313013873161561,-0.888837622331875,0.888837622331875,-0.64650817939421,0.64650817939421,0.636781660524835,-0.636781660524835,-0.295083726506745,0.295083726506745,1.23969053825556,-1.23969053825556,0.758957088642292,-0.758957088642292,-0.149763145508019,0.149763145508019,1.83255195410614,-1.83255195410614,-0.879396111093038,0.879396111093038,0.515455281414752,-0.515455281414752,-1.06937542810434,1.06937542810434,-0.93006326683637,0.93006326683637,0.384191039219382,-0.384191039219382,-1.15202490872139,1.15202490872139,-0.778534721663859,0.778534721663859,-0.0318123000436272,0.0318123000436272,0.366634850764875,-0.366634850764875,-0.353149752569652,0.353149752569652,-1.1853478910642,1.1853478910642,1.66465120103225,-1.66465120103225,-1.23669163060511,1.23669163060511,0.615698433758465,-0.615698433758465,0.0170533019414926,-0.0170533019414926,-0.41432338840639,0.41432338840639,0.80447105118189,-0.80447105118189,0.0731395298185339,-0.0731395298185339,0.0930697867537648,-0.0930697867537648,0.731959632550987,-0.731959632550987,0.112187038162218,-0.112187038162218,-0.633824810792207,0.633824810792207,0.492140022966574,-0.492140022966574,-0.115716636682994,0.115716636682994,0.123769215427801,-0.123769215427801,-1.2866067137026,1.2866067137026,-0.256149104303169,0.256149104303169,-0.300128555572121,0.300128555572121,1.33373326176778,-1.33373326176778,-0.333409846816263,0.333409846816263,-0.700179615656915,0.700179615656915,-1.47896316060284,1.47896316060284,2.34114587787351,-2.34114587787351,-0.857530964910449,0.857530964910449,0.908061294540599,-0.908061294540599,0.693027684697091,-0.693027684697091,-0.563008990398102,0.563008990398102,0.273554341426823,-0.273554341426823,-0.307835745497753,0.307835745497753,-1.02384380493778,1.02384380493778,-1.90794050401344,1.90794050401344,0.735073818214685,-0.735073818214685,0.0633125427861161,-0.0633125427861161,0.336117707364947,-0.336117707364947,-0.830480947328224,0.830480947328224,-0.827821963537477,0.827821963537477,0.468758738038908,-0.468758738038908,-1.04416065201078,1.04416065201078,-0.624322432182289,0.624322432182289,-0.856619135783572,0.856619135783572,-0.0695143606212879,0.0695143606212879,1.55460620665791,-1.55460620665791,-0.299614267839631,0.299614267839631,0.246219612486042,-0.246219612486042,-0.579745426150889,0.579745426150889,0.630057776424289,-0.630057776424289,-0.83460755990642,0.83460755990642,1.62257807369066,-1.62257807369066,-1.80866555493182,1.80866555493182,1.76193094830319,-1.76193094830319,0.543240324333056,-0.543240324333056,1.75388237269537,-1.75388237269537,1.23369705913123,-1.23369705913123,-0.512381088420493,0.512381088420493,0.0585562111086907,-0.0585562111086907,0.19338738082494,-0.19338738082494,0.0955572251393791,-0.0955572251393791,0.365176893528786,-0.365176893528786,-1.53100458359031,1.53100458359031,-1.18426164348622,1.18426164348622,1.07018225153876,-1.07018225153876,0.757641269073866,-0.757641269073866,-0.888221774196287,0.888221774196287,-0.554422225218192,0.554422225218192,1.09781777313053,-1.09781777313053,1.03574246749458,-1.03574246749458,0.895316861459472,-0.895316861459472,-0.286981630830673,0.286981630830673,-0.173536164069352,0.173536164069352,2.08001637299371,-2.08001637299371,2.19252527463086,-2.19252527463086,1.51156769403614,-1.51156769403614,0.356710332729101,-0.356710332729101,1.50608397847713,-1.50608397847713,-0.648022271997988,0.648022271997988,-2.47565043236078,2.47565043236078,0.043436665633969,-0.043436665633969,-0.474414675126346,0.474414675126346,1.1830005391575,-1.1830005391575,-0.886788552477436,0.886788552477436,0.692809264188885,-0.692809264188885,1.83167959900782,-1.83167959900782,-0.810639480174338,0.810639480174338,1.13300701273379,-1.13300701273379,0.949191424600239,-0.949191424600239,-1.76252386324897,1.76252386324897,-1.58417809505642,1.58417809505642,0.489666570847738,-0.489666570847738,0.415155595570309,-0.415155595570309,-0.262555924896223,0.262555924896223,0.291871343863435,-0.291871343863435,-0.908954648683732,0.908954648683732,-1.04185504099013,1.04185504099013,0.524087617593825,-0.524087617593825,1.63377873768497,-1.63377873768497,1.31165965012742,-1.31165965012742,0.381067987160887,-0.381067987160887,-0.365466221554916,0.365466221554916,1.34585245059492,-1.34585245059492,-0.113753073583384,0.113753073583384,1.56190463726801,-1.56190463726801,0.0971590896781118,-0.0971590896781118,0.285777462087656,-0.285777462087656,-1.86770150723703,1.86770150723703,0.764498580465781,-0.764498580465781,-0.0828941216686687,0.0828941216686687,1.04850746132128,-1.04850746132128,0.603110082276619,-0.603110082276619,-0.0127565682911674,0.0127565682911674,-0.0394649901709708,0.0394649901709708,0.846907048836732,-0.846907048836732,1.62153269913565,-1.62153269913565,-0.736682964338618,0.736682964338618,-1.16753131584964,1.16753131584964,0.0551209940233646,-0.0551209940233646,1.50133111090815,-1.50133111090815,1.06455812954713,-1.06455812954713,-1.22301834726287,1.22301834726287,-0.681220783597555,0.681220783597555,0.120606393001576,-0.120606393001576,-1.48658865773588,1.48658865773588,0.816081726676962,-0.816081726676962,-0.963089602738944,0.963089602738944,-0.702951716996011,0.702951716996011,-0.13152563466155,0.13152563466155,0.951784940680362,-0.951784940680362,0.451548630770958,-0.451548630770958,1.99250230223807,-1.99250230223807,0.822330307784028,-0.822330307784028,-0.484284644292468,0.484284644292468,-1.97396878260119,1.97396878260119,0.503243722872535,-0.503243722872535,-0.583973459925068,0.583973459925068,-2.18679173945004,2.18679173945004,0.474552223963808,-0.474552223963808,-0.539739074072629,0.539739074072629,-0.883562600108408,0.883562600108408,0.0503738200346507,-0.0503738200346507,-0.244486231936253,0.244486231936253,-1.32912379933927,1.32912379933927,-0.68029451124541,0.68029451124541,-0.178869472152125,0.178869472152125,-1.46115425685127,1.46115425685127,0.970558464006211,-0.970558464006211,0.924048665871565,-0.924048665871565,-1.22907811744091,1.22907811744091,-0.926065732336055,0.926065732336055,0.0332281556361125,-0.0332281556361125,-0.113795222059674,0.113795222059674,0.894496362264138,-0.894496362264138,0.187132395499475,-0.187132395499475,-1.63501741417193,1.63501741417193,1.68960060388963,-1.68960060388963,-0.0733861568438907,0.0733861568438907,1.65780802898052,-1.65780802898052,-0.579410320514472,0.579410320514472,-1.14573316521977,1.14573316521977,0.506200079830565,-0.506200079830565,0.827263381197018,-0.827263381197018,0.187291526772713,-0.187291526772713,-1.38462668964478,1.38462668964478,0.257412942155023,-0.257412942155023,-1.06625645572375,1.06625645572375,-0.158068001232809,0.158068001232809,1.19936218551773,-1.19936218551773,1.29645086653213,-1.29645086653213,-1.71469037433984,1.71469037433984,-0.0540358836397213,0.0540358836397213,2.13790544716529,-2.13790544716529,0.393071734925209,-0.393071734925209,0.541720780249019,-0.541720780249019,0.702040371109405,-0.702040371109405,-0.198096330539862,0.198096330539862,0.0729502735605309,-0.0729502735605309,-0.471064376954209,0.471064376954209,0.321693562946902,-0.321693562946902,0.0996008856754424,-0.0996008856754424,0.0918610580545089,-0.0918610580545089,0.552648990149689,-0.552648990149689,0.950767396971349,-0.950767396971349,0.316598110222763,-0.316598110222763,-0.0321757136314316,0.0321757136314316,-0.192104439113896,0.192104439113896,0.0916939351725268,-0.0916939351725268,0.0297708202105763,-0.0297708202105763,0.457772606027978,-0.457772606027978,0.442315616856186,-0.442315616856186,0.209522890876139,-0.209522890876139,0.433741973600375,-0.433741973600375,-0.656491021400663,0.656491021400663,0.678391337765333,-0.678391337765333,-0.208789046149433,0.208789046149433,-0.527870974445607,0.527870974445607,0.0657901252209457,-0.0657901252209457,-1.05015696953949,1.05015696953949,0.659741848669172,-0.659741848669172,-0.695335475047155,0.695335475047155,-0.499302365649007,0.499302365649007,-0.923558790258859,0.923558790258859,-0.122304338133033,0.122304338133033,0.760911466604081,-0.760911466604081,1.93163399322734,-1.93163399322734,-0.599252527585584,0.599252527585584,-1.14574492218522,1.14574492218522,0.0015536471620232,-0.0015536471620232,2.51256901022203,-2.51256901022203,-0.602285113583007,0.602285113583007,0.93689594014296,-0.93689594014296,0.338061506511295,-0.338061506511295,2.61806187448447,-2.61806187448447,0.646097762070839,-0.646097762070839,0.801036109046859,-0.801036109046859,-0.651604550622121,0.651604550622121,0.868775077501394,-0.868775077501394,-0.812038275382721,0.812038275382721,-0.188981573304286,0.188981573304286,1.2056278296898,-1.2056278296898,-0.72922661004847,0.72922661004847,-0.24594030796906,0.24594030796906,-1.07198764054659,1.07198764054659,0.242970517447141,-0.242970517447141,0.529428387235941,-0.529428387235941,-0.111396850029661,0.111396850029661,-1.81439637539364,1.81439637539364,0.0708065402676984,-0.0708065402676984,0.317231944594763,-0.317231944594763,0.0328986047421588,-0.0328986047421588,0.893622495519347,-0.893622495519347,-0.195126690923535,0.195126690923535,-0.523733602190116,0.523733602190116,0.323405999656685,-0.323405999656685,-1.38284572408273,1.38284572408273,0.142272113639292,-0.142272113639292,0.49227694522949,-0.49227694522949,-0.412007401156468,0.412007401156468,-0.415523860681623,0.415523860681623,0.0237009881478228,-0.0237009881478228,0.471413053577376,-0.471413053577376,-0.783037681864435,0.783037681864435,-0.73454670890803,0.73454670890803,-0.0879106283525926,0.0879106283525926,-1.20935654100153,1.20935654100153,0.115068944717123,-0.115068944717123,0.0360681482659064,-0.0360681482659064,0.00328308975719692,-0.00328308975719692,-0.13194459278817,0.13194459278817,1.23023723466066,-1.23023723466066,-0.160575989759961,0.160575989759961,-0.221375738432669,0.221375738432669,-0.332927718178064,0.332927718178064,0.551977698617801,-0.551977698617801,-1.54954696990718,1.54954696990718,-0.511622553249836,0.511622553249836,-0.455939619395005,0.455939619395005,0.370762385256798,-0.370762385256798,-1.15518048858321,1.15518048858321,-1.86290401842549,1.86290401842549,-1.84173571928331,1.84173571928331,0.502354033357634,-0.502354033357634,0.867246022602728,-0.867246022602728,1.35050157472826,-1.35050157472826,-0.893622849440455,0.893622849440455,0.59512300748696,-0.59512300748696,1.33434525158315,-1.33434525158315,-0.237218866027744,0.237218866027744,-1.53133582812053,1.53133582812053,-1.12323044839851,1.12323044839851,-0.562067953885332,0.562067953885332,2.30716670273142,-2.30716670273142,-0.573261704722386,0.573261704722386,0.131260434676512,-0.131260434676512,-0.0913272905203039,0.0913272905203039,-0.050074102155693,0.050074102155693,-2.35052607206687,2.35052607206687,-0.163734561410319,0.163734561410319,0.489899849978879,-0.489899849978879,-0.783699146961966,0.783699146961966,0.632514452862739,-0.632514452862739,-0.254561036139841,0.254561036139841,-0.0467442372708841,0.0467442372708841,0.781401630593918,-0.781401630593918,-0.441790561498934,0.441790561498934,2.45072218170349,-2.45072218170349,0.261680869323196,-0.261680869323196,-0.686469576173247,0.686469576173247,0.399551106334841,-0.399551106334841,0.602422666440589,-0.602422666440589,0.469020181663635,-0.469020181663635,-0.441002465747491,0.441002465747491,-1.65426766208517,1.65426766208517,0.729730292133262,-0.729730292133262,0.0754454923427935,-0.0754454923427935,-0.930273019550629,0.930273019550629,1.69998312016157,-1.69998312016157,-3.11473387742208,3.11473387742208,-1.16941904540153,1.16941904540153,0.576440897745431,-0.576440897745431,0.758283472317136,-0.758283472317136,0.312120293786534,-0.312120293786534,-1.16254495076909,1.16254495076909,-0.766347394861331,0.766347394861331,0.553986742707626,-0.553986742707626,-0.227346046790383,0.227346046790383,1.54618757475741,-1.54618757475741,-1.61537242001581,1.61537242001581,0.442727698758734,-0.442727698758734,-1.84155249956941,1.84155249956941,1.19540976665277,-1.19540976665277,-0.515003803502296,0.515003803502296,-0.909173095301493,0.909173095301493,0.726964383195144,-0.726964383195144,-0.359132349304331,0.359132349304331,-1.45678564912693,1.45678564912693,-0.372120636541273,0.372120636541273,0.915757155469716,-0.915757155469716,0.0456541153047006,-0.0456541153047006,2.15665027158809,-2.15665027158809,-0.385149130477732,0.385149130477732,1.90424678084787,-1.90424678084787,0.946869941655779,-0.946869941655779,0.4643643355555,-0.4643643355555,-0.174850412804615,0.174850412804615,-1.57431019731182,1.57431019731182,1.72131998781253,-1.72131998781253,-0.729233737274835,0.729233737274835,-1.03307112791812,1.03307112791812,1.8714436100066,-1.8714436100066,-0.149559312360581,0.149559312360581,0.0212339789206742,-0.0212339789206742,1.39553364101795,-1.39553364101795,-1.19719839775076,1.19719839775076,-1.97069744511884,1.97069744511884,-1.07670183973885,1.07670183973885,0.255989548959367,-0.255989548959367,-0.366427458195376,0.366427458195376,1.81989469560864,-1.81989469560864,0.646734110057862,-0.646734110057862,1.10652191361436,-1.10652191361436,-0.305641428626149,0.305641428626149,1.61847582329052,-1.61847582329052,0.201646475723971,-0.201646475723971,-1.34621053811403,1.34621053811403,0.792953106676221,-0.792953106676221,-0.787735911626496,0.787735911626496,-0.849860775566169,0.849860775566169,-1.02161626139786,1.02161626139786,0.186189193540753,-0.186189193540753,-0.43781626072551,0.43781626072551,-1.38679948791041,1.38679948791041,1.10233126528935,-1.10233126528935,-0.842962781012571,0.842962781012571,1.03124525895994,-1.03124525895994,-0.0762447315955414,0.0762447315955414,0.193465109170922,-0.193465109170922,0.746464591202004,-0.746464591202004,0.79074282881086,-0.79074282881086,0.330678537328648,-0.330678537328648,0.521056059536544,-0.521056059536544,0.114952008771356,-0.114952008771356,-0.0165327854107493,0.0165327854107493,-0.386071156745944,0.386071156745944,-0.164073560411082,0.164073560411082,0.334620883704476,-0.334620883704476,-0.272815004800473,0.272815004800473,-0.0956797497014796,0.0956797497014796,-0.800065494251241,0.800065494251241,0.0443647530735397,-0.0443647530735397,0.0598018991519759,-0.0598018991519759,0.683451696536611,-0.683451696536611,-0.00757138830352922,0.00757138830352922,-0.84696064210834,0.84696064210834,-0.291707756824539,0.291707756824539,1.64634881101858,-1.64634881101858,0.392201086345907,-0.392201086345907,-0.879563703955442,0.879563703955442,-0.568135226586769,0.568135226586769,1.05168398588615,-1.05168398588615,-0.905610535097585,0.905610535097585,0.0485736136916754,-0.0485736136916754,0.442306025753903,-0.442306025753903,1.82778903567585,-1.82778903567585,0.36043697641966,-0.36043697641966,-0.466841768514398,0.466841768514398,-0.730141498595006,0.730141498595006,-0.31304342037145,0.31304342037145,0.0803344992720765,-0.0803344992720765,0.622752984263466,-0.622752984263466,1.29513909840181,-1.29513909840181,1.27594275379382,-1.27594275379382,0.0023917180129535,-0.0023917180129535,0.129388875300544,-0.129388875300544,1.34411531422509,-1.34411531422509,-2.62745823236349,2.62745823236349,-0.639319191300628,0.639319191300628,-0.139242652657798,0.139242652657798,0.356314571366275,-0.356314571366275,-1.41977979647112,1.41977979647112,-0.454679780719253,0.454679780719253,0.54298182224867,-0.54298182224867,1.12933128879525,-1.12933128879525,-0.0835494215397077,0.0835494215397077,-0.410302194866119,0.410302194866119,2.16283944029251,-2.16283944029251,-0.749734942512099,0.749734942512099,-0.18106788278214,0.18106788278214,1.01374145306654,-1.01374145306654,-0.0861468120109733,0.0861468120109733,0.550894911391442,-0.550894911391442,0.29695725464238,-0.29695725464238,-0.657351403442877,0.657351403442877,-1.1438076161868,1.1438076161868,1.90861159527762,-1.90861159527762,-0.174726954618693,0.174726954618693,-1.61701219642745,1.61701219642745,-1.12569825726716,1.12569825726716,-0.950441597818659,0.950441597818659,-0.0382435140094747,0.0382435140094747,0.403489882781094,-0.403489882781094,0.765204832165966,-0.765204832165966,0.734540355261711,-0.734540355261711,0.470093268256207,-0.470093268256207,2.00335244659761,-2.00335244659761,-0.151367713074765,0.151367713074765,0.491896695528059,-0.491896695528059,-1.18061703394053,1.18061703394053,0.782889877986834,-0.782889877986834,1.698618913842,-1.698618913842,1.76942018497871,-1.76942018497871,-1.98938219296263,1.98938219296263,0.859978302268062,-0.859978302268062,-2.21957333598965,2.21957333598965,0.227265074934469,-0.227265074934469,0.281048278063441,-0.281048278063441,-1.42291237599691,1.42291237599691,-0.614991682232881,0.614991682232881,0.595612214389536,-0.595612214389536,-1.98468447556694,1.98468447556694,-1.1497808569793,1.1497808569793,0.881842164814152,-0.881842164814152,-0.59129270119427,0.59129270119427,-0.16668174535198,0.16668174535198,-1.66918671022642,1.66918671022642,1.42233701408273,-1.42233701408273,-0.968202805498062,0.968202805498062,1.06023452153636,-1.06023452153636,0.522597292395757,-0.522597292395757,0.0379088651433305,-0.0379088651433305,-0.898740144783884,0.898740144783884,2.79763461755115,-2.79763461755115,2.25129246708544,-2.25129246708544,2.14568169673238,-2.14568169673238,-0.621885259534938,0.621885259534938,1.90712942523549,-1.90712942523549,-1.19207803193368,1.19207803193368,-0.168245771081759,0.168245771081759,0.11292400247493,-0.11292400247493,-0.0483528836042132,0.0483528836042132,-0.0936809886796445,0.0936809886796445,-0.600150855575799,0.600150855575799,0.491817852098567,-0.491817852098567,-1.09301499404157,1.09301499404157,1.11404578384066,-1.11404578384066,-0.923494137865284,0.923494137865284,1.69193186130638,-1.69193186130638,-1.5417821085894,1.5417821085894,0.0513971857050743,-0.0513971857050743,0.0116195750563663,-0.0116195750563663,-0.631387489786976,0.631387489786976,0.0435610804424961,-0.0435610804424961,-0.127735226736147,0.127735226736147,-0.431918038758908,0.431918038758908,-2.70508483525178,2.70508483525178,-1.92489843730892,1.92489843730892,0.772357636210661,-0.772357636210661,1.8737150520537,-1.8737150520537,-1.44017746165831,1.44017746165831,-0.417872704481804,0.417872704481804,-1.67828148695643,1.67828148695643,-0.130198369057869,0.130198369057869,-0.171318444394547,0.171318444394547,0.313790515441986,-0.313790515441986,1.09994678311354,-1.09994678311354,1.10437296506208,-1.10437296506208,0.279582538336654,-0.279582538336654,-2.79454901397968,2.79454901397968,1.33895122714902,-1.33895122714902,1.33186410882329,-1.33186410882329,0.0508848459767939,-0.0508848459767939,-0.798258925472311,0.798258925472311,0.646100517839959,-0.646100517839959,-0.871996894743683,0.871996894743683,1.21654060017379,-1.21654060017379,-0.543956623841058,0.543956623841058,-1.1557664613961,1.1557664613961,-0.919852657279154,0.919852657279154,-1.25934079986462,1.25934079986462,0.885374925809976,-0.885374925809976,-0.10906630980776,0.10906630980776,1.02249707709106,-1.02249707709106,-0.705288766840097,0.705288766840097,-1.64013999331214,1.64013999331214,-0.494908423696095,0.494908423696095,-0.93873459809359,0.93873459809359,-1.04660936328019,1.04660936328019,-0.878147432657053,0.878147432657053,-0.811252898865178,0.811252898865178,1.19875479148544,-1.19875479148544,-0.489159171886228,0.489159171886228,0.853830750847185,-0.853830750847185,-0.330310497580814,0.330310497580814,0.488508110826176,-0.488508110826176,1.02445491742212,-1.02445491742212,0.62563798010771,-0.62563798010771,1.74354320569478,-1.74354320569478,-0.603122106257391,0.603122106257391,0.0364243501466808,-0.0364243501466808,-0.0716130460309726,0.0716130460309726,-0.610988934733242,0.610988934733242,0.432144196766115,-0.432144196766115,0.133376735626984,-0.133376735626984,0.407090903348169,-0.407090903348169,0.340171994572415,-0.340171994572415,1.08092227401612,-1.08092227401612,-0.278927377149912,0.278927377149912,0.497933703179038,-0.497933703179038,-1.00415543258248,1.00415543258248,-0.292538991522061,0.292538991522061,0.498817426544207,-0.498817426544207,1.18091991843859,-1.18091991843859,0.400953035013314,-0.400953035013314,-0.980308197499292,0.980308197499292,-0.234454083220821,0.234454083220821,1.23195264468896,-1.23195264468896,0.818250641292299,-0.818250641292299,0.327004626490963,-0.327004626490963,0.431773092884893,-0.431773092884893,0.000800655181406702,-0.000800655181406702,-0.874187522537526,0.874187522537526,-0.445210009604408,0.445210009604408,-0.40962671253771,0.40962671253771,0.912634552183875,-0.912634552183875,-1.19789880200398,1.19789880200398,0.727765598503556,-0.727765598503556,-1.11826220065001,1.11826220065001,0.364105285977882,-0.364105285977882,-0.351667626543473,0.351667626543473,0.585629502068893,-0.585629502068893,-0.238749867624213,0.238749867624213,-1.37552279313219,1.37552279313219,0.320740906861261,-0.320740906861261,0.297429567193747,-0.297429567193747,2.43476026145256,-2.43476026145256,-0.15199343675482,0.15199343675482,0.238770209419602,-0.238770209419602,0.593657844134448,-0.593657844134448,0.554823369297656,-0.554823369297656,0.794763027113758,-0.794763027113758,1.37225844171379,-1.37225844171379,2.90441837972926,-2.90441837972926,-0.499774634507456,0.499774634507456,-0.874566813483736,0.874566813483736,-0.131457524094285,0.131457524094285,-1.56614263859911,1.56614263859911,0.816075170268256,-0.816075170268256,-1.9322519355976,1.9322519355976,-0.11465950091185,0.11465950091185,1.14333133547197,-1.14333133547197,-0.621477826761266,0.621477826761266,0.334504958473615,-0.334504958473615,1.14410950229063,-1.14410950229063,-1.66540329606114,1.66540329606114,-0.311321545735396,0.311321545735396,1.67645311287905,-1.67645311287905,-0.215138971209211,0.215138971209211,0.816433813956331,-0.816433813956331,0.946899492713359,-0.946899492713359,0.184690795778856,-0.184690795778856,-0.503031059860004,0.503031059860004,1.53013848783566,-1.53013848783566,0.560910992025243,-0.560910992025243,0.401742834192817,-0.401742834192817,1.67234930324392,-1.67234930324392,-0.203764116992848,0.203764116992848,-0.246922065138007,0.246922065138007,-0.977191755130267,0.977191755130267,0.282541234408393,-0.282541234408393,-0.719430681420256,0.719430681420256,-0.151633446089802,0.151633446089802,-0.536647851868443,0.536647851868443,0.320935638412405,-0.320935638412405,-0.230296115188322,0.230296115188322,0.0955291983344071,-0.0955291983344071,-0.623623263384679,0.623623263384679,1.69960622359638,-1.69960622359638,-1.10895928402807,1.10895928402807,-0.695570235292923,0.695570235292923,0.664710910686314,-0.664710910686314,1.07322300989158,-1.07322300989158,0.400599846042303,-0.400599846042303,0.81349596975165,-0.81349596975165,-0.401406371954557,0.401406371954557,0.0115995052423242,-0.0115995052423242,1.5672098449362,-1.5672098449362,-0.291771916848925,0.291771916848925,0.446696788021148,-0.446696788021148,-0.219296501333864,0.219296501333864,-1.00256965956858,1.00256965956858,0.288915550159079,-0.288915550159079,0.058710635907889,-0.058710635907889,0.0811358024535516,-0.0811358024535516,-1.06381877032254,1.06381877032254,-1.53752994774843,1.53752994774843,-0.961047968557557,0.961047968557557,-0.556729430938663,0.556729430938663,-0.92639317456585,0.92639317456585,-0.00992901279063582,0.00992901279063582,1.44653610771745,-1.44653610771745,-0.421825387171063,0.421825387171063,1.43770608353038,-1.43770608353038,-0.07126991754412,0.07126991754412,-1.05321657188113,1.05321657188113,1.76211986432444,-1.76211986432444,-1.09907151291923,1.09907151291923,-2.52696114159178,2.52696114159178,0.959191841599587,-0.959191841599587,-0.963304734085691,0.963304734085691,-2.1505291522022,2.1505291522022,-0.397302670752442,0.397302670752442,0.512629446016689,-0.512629446016689,0.828568349515464,-0.828568349515464,2.58056660242681,-2.58056660242681,-0.179615187860707,0.179615187860707,1.6384421215842,-1.6384421215842,0.00337517761360116,-0.00337517761360116,-1.40960774489298,1.40960774489298,-0.991864591515766,0.991864591515766,0.315850562170343,-0.315850562170343,-0.696981236127174,0.696981236127174,-0.913414199007605,0.913414199007605,-2.48100802416558,2.48100802416558,0.55493189840374,-0.55493189840374,0.418288395653153,-0.418288395653153,-0.609982168140164,0.609982168140164,0.395175185622801,-0.395175185622801,0.593916627776089,-0.593916627776089,-1.68836837760657,1.68836837760657,-0.0742304349353362,0.0742304349353362,-0.748909437758063,0.748909437758063,-0.0486351305940433,0.0486351305940433,-1.8208014004801,1.8208014004801,-0.34007154476667,0.34007154476667,-0.217172634780905,0.217172634780905,0.754979218142805,-0.754979218142805,-1.46747096820251,1.46747096820251,0.173029057824373,-0.173029057824373,-1.30480929630465,1.30480929630465,1.59246792201172,-1.59246792201172,1.37231509082567,-1.37231509082567,-0.0340219520333781,0.0340219520333781,-0.221991996699781,0.221991996699781,-1.32257203070007,1.32257203070007,-0.220856557095212,0.220856557095212,2.1727040195899,-2.1727040195899,-0.761871884519252,0.761871884519252,0.540455935907504,-0.540455935907504,-1.7640789350571,1.7640789350571,2.26143202768239,-2.26143202768239,0.327856516162213,-0.327856516162213,-0.243686589838548,0.243686589838548,0.809321198979608,-0.809321198979608,-2.57671253184444,2.57671253184444,0.400989829532491,-0.400989829532491,-0.405619000655528,0.405619000655528,0.133983702031501,-0.133983702031501,1.10594169467598,-1.10594169467598,-1.69194007093433,1.69194007093433,-0.370230781202198,0.370230781202198,-0.29847116997697,0.29847116997697,-0.998354666903939,0.998354666903939,-0.855043162098715,0.855043162098715,1.03547059851471,-1.03547059851471,0.675564223048777,-0.675564223048777,0.132837148832261,-0.132837148832261,2.2640915258447,-2.2640915258447,-0.722823881696505,0.722823881696505,0.687446135169155,-0.687446135169155,-0.398736155513151,0.398736155513151,-0.144130616047827,0.144130616047827,0.0298441281166685,-0.0298441281166685,0.770052029060235,-0.770052029060235,0.630027411153617,-0.630027411153617,-0.245639809934723,0.245639809934723,-1.23864200030858,1.23864200030858,-0.00656078159408328,0.00656078159408328,-1.21205115751052,1.21205115751052,0.585799759130464,-0.585799759130464,1.14707996022488,-1.14707996022488,1.59366764942686,-1.59366764942686,-0.199033566638481,0.199033566638481,-0.92581684768357,0.92581684768357,0.741377814340918,-0.741377814340918,1.29161159251669,-1.29161159251669,0.559999733068064,-0.559999733068064,-0.470639587201171,0.470639587201171,0.983884191918048,-0.983884191918048,0.907030641322602,-0.907030641322602,-0.687032711371893,0.687032711371893,0.444326675582221,-0.444326675582221,0.0614182560219174,-0.0614182560219174,-0.426769091299788,0.426769091299788,-1.40777661859319,1.40777661859319,-0.774322268243414,0.774322268243414,0.293478825860773,-0.293478825860773,-0.378914235165708,0.378914235165708,-0.1783904654807,0.1783904654807,-0.895573186296261,0.895573186296261,-1.84280192029088,1.84280192029088,-0.210694698248401,0.210694698248401,-0.159924520246819,0.159924520246819,-1.33289102877165,1.33289102877165,0.224027972984904,-0.224027972984904,0.178733039781969,-0.178733039781969,0.944064760930609,-0.944064760930609,0.638536015846778,-0.638536015846778,-2.05367625997066,2.05367625997066,0.688318913055192,-0.688318913055192,-0.320365222771183,0.320365222771183,-0.0572675429513004,0.0572675429513004,0.116255895413065,-0.116255895413065,0.565463492387229,-0.565463492387229,0.750388650916295,-0.750388650916295,0.781635177115437,-0.781635177115437,0.279074687698983,-0.279074687698983,-1.41088735501094,1.41088735501094,1.76046097467862,-1.76046097467862,0.691903606121384,-0.691903606121384,1.02170160451289,-1.02170160451289,2.01789231881537,-2.01789231881537,0.445511511424651,-0.445511511424651,1.09642253420666,-1.09642253420666,-0.50784057789892,0.50784057789892,1.95844326240556,-1.95844326240556,0.0862723151688816,-0.0862723151688816,1.9331724459719,-1.9331724459719,-0.600306465132537,0.600306465132537,-0.0605399821428844,0.0605399821428844,0.993868246326085,-0.993868246326085,2.06914583780105,-2.06914583780105,1.45271604748682,-1.45271604748682,0.0215122700464306,-0.0215122700464306,0.721243275557212,-0.721243275557212,1.13475108343282,-1.13475108343282,1.38983799103594,-1.38983799103594,-1.98297166143533,1.98297166143533,-0.377390251752598,0.377390251752598,0.941885903548197,-0.941885903548197,-0.883424057787423,0.883424057787423,0.915030618199932,-0.915030618199932,0.014134816533407,-0.014134816533407,-0.594134392661739,0.594134392661739,-0.233731272425132,0.233731272425132,0.124322300748722,-0.124322300748722,1.39047015067817,-1.39047015067817,0.351647840571509,-0.351647840571509,-0.782960559912717,0.782960559912717,-0.254156732309289,0.254156732309289,-0.962095670709609,0.962095670709609,0.776120521230385,-0.776120521230385,-0.599039901243177,0.599039901243177,1.66407848646404,-1.66407848646404,0.484326859511271,-0.484326859511271,0.3391843972704,-0.3391843972704,-1.33665490637811,1.33665490637811,-1.42573871160592,1.42573871160592,-1.10560785504386,1.10560785504386,2.15591171528498,-2.15591171528498,0.871904218228065,-0.871904218228065,0.581540699809257,-0.581540699809257,0.351632018849767,-0.351632018849767,-1.62690528581036,1.62690528581036,-1.52516138365342,1.52516138365342,-1.42606070760134,1.42606070760134,-0.185984588327519,0.185984588327519,-0.827166838975674,0.827166838975674,-0.276175783790041,0.276175783790041,-0.987259006089359,0.987259006089359,-0.36060586841507,0.36060586841507,-1.76812318021639,1.76812318021639,1.24671569279849,-1.24671569279849,-1.68145077005308,1.68145077005308,0.666003749845278,-0.666003749845278,-1.06456527382834,1.06456527382834,-1.01318801900973,1.01318801900973,2.38495212860363,-2.38495212860363,-0.0104720079510829,0.0104720079510829,1.69014613971501,-1.69014613971501,0.0913139532534537,-0.0913139532534537,-0.554461057601251,0.554461057601251,-0.103109045573545,0.103109045573545,-0.95146716910267,0.95146716910267,-0.771082572914737,0.771082572914737,1.23631573346658,-1.23631573346658,1.22079188185333,-1.22079188185333,0.0379045601286044,-0.0379045601286044,0.796515575474015,-0.796515575474015,1.06409406861101,-1.06409406861101,-1.84295159381968,1.84295159381968,0.656387195592093,-0.656387195592093,0.630485954119465,-0.630485954119465,-1.56310072698384,1.56310072698384,0.350002571467637,-0.350002571467637,1.51746028135284,-1.51746028135284,-0.446744572155925,0.446744572155925,-0.175988589528348,0.175988589528348,0.870656105547575,-0.870656105547575,1.19996497972506,-1.19996497972506,0.0927184961127442,-0.0927184961127442,-1.59068967084552,1.59068967084552,0.314904690476282,-0.314904690476282,1.04738959969892,-1.04738959969892,0.47622758091978,-0.47622758091978,-0.175741893628617,0.175741893628617,-0.396762687368935,0.396762687368935,-0.349399552599156,0.349399552599156,1.39446694031976,-1.39446694031976,0.987810249188201,-0.987810249188201,-0.153672577159065,0.153672577159065,2.98615073350967,-2.98615073350967,0.25420436265071,-0.25420436265071,-0.675720358027184,0.675720358027184,1.33512694081008,-1.33512694081008,0.129283973060153,-0.129283973060153,0.103218663997674,-0.103218663997674,-1.65945261545918,1.65945261545918,0.917574302896849,-0.917574302896849,-0.240163957865314,0.240163957865314,0.488162414306442,-0.488162414306442,2.04753039649885,-2.04753039649885,-0.600452647227156,0.600452647227156,-0.13071349023368,0.13071349023368,1.26493950114725,-1.26493950114725,-0.907129001046276,0.907129001046276,0.266810860110295,-0.266810860110295,1.13069208030403,-1.13069208030403,-0.977994234540722,0.977994234540722,0.676757250184001,-0.676757250184001,0.056892301115673,-0.056892301115673,-1.45700007411253,1.45700007411253,1.18125022548534,-1.18125022548534,-0.281874271459882,0.281874271459882,0.851092261143414,-0.851092261143414,-1.26342907992481,1.26342907992481,1.10455782881289,-1.10455782881289,0.224388199443256,-0.224388199443256,0.697849261825143,-0.697849261825143,-0.988296549241547,0.988296549241547,1.4747532973647,-1.4747532973647,-1.70578289010353,1.70578289010353,1.26011732811763,-1.26011732811763,0.222789370604387,-0.222789370604387,-0.212835708082169,0.212835708082169,1.60975530004517,-1.60975530004517,1.57215584495716,-1.57215584495716,-1.40793821703926,1.40793821703926,-0.555822804004414,0.555822804004414,0.00614465972709192,-0.00614465972709192,-0.577318144414354,0.577318144414354,-0.670114062785058,0.670114062785058,-0.20209265782855,0.20209265782855,-0.144392667655326,0.144392667655326,-0.818292111696988,0.818292111696988,-0.381720742145666,0.381720742145666,-0.516663439972765,0.516663439972765,-0.853789193637232,0.853789193637232,-1.36107704076676,1.36107704076676,-0.628815201095418,0.628815201095418,1.63592150983675,-1.63592150983675,0.135518940171376,-0.135518940171376,0.87781580645368,-0.87781580645368,0.0588416498022477,-0.0588416498022477,-1.36068267612669,1.36068267612669,0.497473101004072,-0.497473101004072,-0.447086166460442,0.447086166460442,-1.09196416348163,1.09196416348163,-2.38685611672113,2.38685611672113,-0.30565801426517,0.30565801426517,0.496847682171482,-0.496847682171482,-1.32771343338602,1.32771343338602,-0.694518521884505,0.694518521884505,-0.708683801152374,0.708683801152374,-1.14936996349782,1.14936996349782,1.40512964495607,-1.40512964495607,-0.656462994596873,0.656462994596873,-1.37896468868432,1.37896468868432,-1.98623537879927,1.98623537879927,1.59302140043158,-1.59302140043158,0.407626165592457,-0.407626165592457,-1.58984847264118,1.58984847264118,1.08150796011045,-1.08150796011045,0.606900243918599,-0.606900243918599,0.582722903682436,-0.582722903682436,-0.389408287461996,0.389408287461996,-0.937236511287922,0.937236511287922,0.979463080675973,-0.979463080675973,-0.917626131173682,0.917626131173682,0.487491830668405,-0.487491830668405,0.841848166143526,-0.841848166143526,0.282908695708829,-0.282908695708829,0.265111246336816,-0.265111246336816,-0.380480395154354,0.380480395154354,-0.0174393592925169,0.0174393592925169,-0.323835591503015,0.323835591503015,1.15144872414948,-1.15144872414948,-0.506648209427134,0.506648209427134,-0.634081511194809,0.634081511194809,-0.151256472780284,0.151256472780284,0.233938169337459,-0.233938169337459,1.32746720908141,-1.32746720908141,0.104615252159159,-0.104615252159159,2.09331967398816,-2.09331967398816,-0.244820717510009,0.244820717510009,-0.273565033541368,0.273565033541368,0.0466889907479229,-0.0466889907479229,-1.08905770673977,1.08905770673977,2.23815263153283,-2.23815263153283,-1.03697026031298,1.03697026031298,-1.46943861897349,1.46943861897349,0.944694523735602,-0.944694523735602,1.08979630832466,-1.08979630832466,-0.718119369689946,0.718119369689946,0.0120487024703785,-0.0120487024703785,0.595107990173299,-0.595107990173299,1.59381614866465,-1.59381614866465,0.792443468147423,-0.792443468147423,0.279663884530173,-0.279663884530173,1.33647191855341,-1.33647191855341,-0.395744054143948,0.395744054143948,-1.90578040397454,1.90578040397454,-0.225905637625266,0.225905637625266,-0.295435721824204,0.295435721824204,0.426027154652396,-0.426027154652396,0.925504964946169,-0.925504964946169,2.51708118290014,-2.51708118290014,-1.38912119061956,1.38912119061956,-0.434978838700309,0.434978838700309,-1.04494539167946,1.04494539167946,-0.17406835198596,0.17406835198596,0.359438722715258,-0.359438722715258,2.68753349975083,-2.68753349975083,-0.939446312747272,0.939446312747272,0.0615836788090756,-0.0615836788090756,-0.325511412109855,0.325511412109855,-0.813863735262486,0.813863735262486,0.523961464879732,-0.523961464879732,-0.688372888846752,0.688372888846752,0.357706943307076,-0.357706943307076,0.0850176653113863,-0.0850176653113863,1.09373357162263,-1.09373357162263,1.32919038346936,-1.32919038346936,-1.7873160781047,1.7873160781047,2.16097344317473,-2.16097344317473,-1.0774911244658,1.0774911244658,0.38025101052425,-0.38025101052425,0.160632334673582,-0.160632334673582,0.736702039472766,-0.736702039472766,0.19064071758173,-0.19064071758173,1.4247304120576,-1.4247304120576,-0.493431403723172,0.493431403723172,1.31759713732724,-1.31759713732724,0.640153719540879,-0.640153719540879,-0.828866819309844,0.828866819309844,0.260142527405559,-0.260142527405559,0.179975975964135,-0.179975975964135,0.890993518038389,-0.890993518038389,2.12297369062889,-2.12297369062889,1.07466958379412,-1.07466958379412,0.39480176902589,-0.39480176902589,0.419377575968039,-0.419377575968039,-0.70053360904734,0.70053360904734,0.326129257615266,-0.326129257615266,1.98418614808986,-1.98418614808986,-1.04810068102657,1.04810068102657,1.14046196654331,-1.14046196654331,0.296598394859236,-0.296598394859236,0.649482940212541,-0.649482940212541,-1.06400878313322,1.06400878313322,0.797199587479063,-0.797199587479063,-0.555949621320114,0.555949621320114,-0.912009301783057,0.912009301783057,0.328386271096147,-0.328386271096147,-1.10797447850415,1.10797447850415,-1.4870482806894,1.4870482806894,-0.563934858853561,0.563934858853561,-1.02399281167894,1.02399281167894,1.80459084147855,-1.80459084147855,1.12812480735259,-1.12812480735259,-0.217324334431992,0.217324334431992,0.0107511861653385,-0.0107511861653385,0.815490562783176,-0.815490562783176,-0.267932807101188,0.267932807101188,-1.50182320897054,1.50182320897054,0.5780617030478,-0.5780617030478,0.789316182106437,-0.789316182106437,-1.03401232146477,1.03401232146477,-1.13278785327218,1.13278785327218,1.53359774664771,-1.53359774664771,-0.615145307365306,0.615145307365306,0.723891153427916,-0.723891153427916,-1.02062893713448,1.02062893713448,0.527872351237984,-0.527872351237984,0.848997357034878,-0.848997357034878,-0.512765594556977,0.512765594556977,-0.798530786951959,0.798530786951959,-0.391258316865805,0.391258316865805,-1.59627293736631,1.59627293736631,2.11975185343682,-2.11975185343682,-0.777058785613001,0.777058785613001,-0.0993499664720123,0.0993499664720123,-0.551998936894682,0.551998936894682,-1.72582609969471,1.72582609969471,0.667990367789332,-0.667990367789332,0.837642443433826,-0.837642443433826,-0.521035634794006,0.521035634794006,-0.111466770798624,0.111466770798624,0.954129671958142,-0.954129671958142,0.645408155193587,-0.645408155193587,-1.26424122665361,1.26424122665361,2.37392284274483,-2.37392284274483,-0.317300411882697,0.317300411882697,0.0353075003839088,-0.0353075003839088,-0.258538691866606,0.258538691866606,-0.322301255103931,0.322301255103931,-1.11462198881606,1.11462198881606,-1.46446252598998,1.46446252598998,0.811358499839428,-0.811358499839428,0.370226070026294,-0.370226070026294,-0.403818485436659,0.403818485436659,1.73045303006718,-1.73045303006718,0.174377747447995,-0.174377747447995,1.27876239822072,-1.27876239822072,-0.316661029880988,0.316661029880988,1.36964727724839,-1.36964727724839,0.739179041380753,-0.739179041380753,0.610157626302896,-0.610157626302896,0.238969129202199,-0.238969129202199,0.801994853773915,-0.801994853773915,-0.737869317562456,0.737869317562456,0.0890133769895385,-0.0890133769895385,0.0869887195024108,-0.0869887195024108,-0.337772553742712,0.337772553742712,-0.0577697794633035,0.0577697794633035,0.218559892893775,-0.218559892893775,2.44659306291706,-2.44659306291706,-0.322802031492823,0.322802031492823,0.123774406288655,-0.123774406288655,0.889461298849533,-0.889461298849533,0.286401857873647,-0.286401857873647,0.190656081931784,-0.190656081931784,0.162179244901893,-0.162179244901893,-0.374473350109425,0.374473350109425,0.337363983054862,-0.337363983054862,-0.934095176988401,0.934095176988401,1.27149608521527,-1.27149608521527,-0.603401144913939,0.603401144913939,0.196140695655203,-0.196140695655203,0.388144823062393,-0.388144823062393,-0.788505384782584,0.788505384782584,0.0467289867392937,-0.0467289867392937,-0.191822447422551,0.191822447422551,0.0997646114781102,-0.0997646114781102,0.617821663025049,-0.617821663025049,0.763510045716283,-0.763510045716283,-1.14397619383534,1.14397619383534,-1.26313278190586,1.26313278190586,0.0156159463532374,-0.0156159463532374,-0.68064512318196,0.68064512318196,0.560100059384931,-0.560100059384931,0.658334249650686,-0.658334249650686,0.371190711413194,-0.371190711413194,-1.24482564161934,1.24482564161934,1.53054401932341,-1.53054401932341,0.703761825240042,-0.703761825240042,-0.556660969176438,0.556660969176438,-0.305637699572205,0.305637699572205,-0.769187170846696,0.769187170846696,-0.756573310717466,0.756573310717466,0.172671408673041,-0.172671408673041,-0.136053992882734,0.136053992882734,-0.334915928920636,0.334915928920636,-0.540806474191602,0.540806474191602,-0.270205556672943,0.270205556672943,0.487709725024603,-0.487709725024603,0.803429208130723,-0.803429208130723,0.447545859198771,-0.447545859198771,-0.0794443182498658,0.0794443182498658,0.733374573696212,-0.733374573696212,-0.260858378568716,0.260858378568716,-0.0467801184496118,0.0467801184496118,-0.964029034260077,0.964029034260077,0.355730515102815,-0.355730515102815,-0.8451921506704,0.8451921506704,0.525339429964442,-0.525339429964442,0.296853992116435,-0.296853992116435,1.89306587031796,-1.89306587031796,1.34824677859849,-1.34824677859849,0.455414509305974,-0.455414509305974,-1.26175835003703,1.26175835003703,-0.585804114698079,0.585804114698079,-0.310814771483871,0.310814771483871,-0.991726908384443,0.991726908384443,0.949027284753548,-0.949027284753548,1.29775248909969,-1.29775248909969,-1.15546123963558,1.15546123963558,-0.166761841382442,0.166761841382442,-0.237679873406859,0.237679873406859,0.76612750805022,-0.76612750805022,-1.15290879693415,1.15290879693415,-0.267161059721896,0.267161059721896,-1.46347940357175,1.46347940357175,-1.01503671810955,1.01503671810955,-0.340521201046614,0.340521201046614,0.00445551101127502,-0.00445551101127502,1.29313798571189,-1.29313798571189,-0.142904246403542,0.142904246403542,0.284046306427141,-0.284046306427141,-1.02009756034877,1.02009756034877,0.495655203247372,-0.495655203247372,-0.480773572711514,0.480773572711514,-0.246614358945829,0.246614358945829,1.17418590927966,-1.17418590927966,1.86201974084531,-1.86201974084531,1.38113141444309,-1.38113141444309,0.822641985728542,-0.822641985728542,-0.541180648378244,0.541180648378244,-1.0908303778608,1.0908303778608,0.624414277493882,-0.624414277493882,0.671347628964798,-0.671347628964798,0.867730696445685,-0.867730696445685,-0.0268956106340126,0.0268956106340126,-0.648709261703219,0.648709261703219,2.41330616875065,-2.41330616875065,0.101760684477177,-0.101760684477177,2.0433030044959,-2.0433030044959,-0.994310363501899,0.994310363501899,-1.55171810322628,1.55171810322628,1.0857660896317,-1.0857660896317,0.183005467213864,-0.183005467213864,0.760970652473154,-0.760970652473154,0.346959678873656,-0.346959678873656,-0.838747029794077,0.838747029794077,1.25098476639399,-1.25098476639399,-0.470880712190927,0.470880712190927,-0.787377043996052,0.787377043996052,0.0765293113385644,-0.0765293113385644,-0.187435754847915,0.187435754847915,-1.25635755909754,1.25635755909754,-0.0732825771099028,0.0732825771099028,-1.03909945669085,1.03909945669085,-1.27838069182756,1.27838069182756,0.666404231883005,-0.666404231883005,-1.23522284231063,1.23522284231063,0.374538019697029,-0.374538019697029,-0.156884041357287,0.156884041357287,-1.03655878901201,1.03655878901201,-1.4012139990178,1.4012139990178,0.383305826227536,-0.383305826227536,0.497257715532721,-0.497257715532721,-0.37613042749863,0.37613042749863,-1.442228084595,1.442228084595,-1.67811722116379,1.67811722116379,-0.813050350168826,0.813050350168826,0.262339757301061,-0.262339757301061,-1.480724929585,1.480724929585,0.793302323848133,-0.793302323848133,0.528427066208014,-0.528427066208014,-1.63670963937515,1.63670963937515,1.500633753141,-1.500633753141,-0.390262032087488,0.390262032087488,-1.75610000926316,1.75610000926316,1.32975682370997,-1.32975682370997,0.411960331752152,-0.411960331752152,0.517494474966738,-0.517494474966738,0.633878057162714,-0.633878057162714,1.38192752796105,-1.38192752796105,-1.20357402993319,1.20357402993319,0.789202146128774,-0.789202146128774,0.943462105092722,-0.943462105092722,-0.140814647584939,0.140814647584939,1.05041681225932,-1.05041681225932,-0.759309575345533,0.759309575345533,0.728258140492664,-0.728258140492664,-1.28188583910756,1.28188583910756,-0.493324044816245,0.493324044816245,-0.0224257236402841,0.0224257236402841,-0.397515831945055,0.397515831945055,0.705855485788448,-0.705855485788448,0.426259335034217,-0.426259335034217,-0.582701457772034,0.582701457772034,-0.451953384119143,0.451953384119143,0.433049506921236,-0.433049506921236,-1.22091762038051,1.22091762038051,-1.18556988911108,1.18556988911108,0.201984717480258,-0.201984717480258,-3.12537154812884,3.12537154812884,1.20936395087624,-1.20936395087624,-1.31187571280256,1.31187571280256,0.154061357514985,-0.154061357514985,1.9985709532378,-1.9985709532378,-0.690987742789902,0.690987742789902,-0.451872758184699,0.451872758184699,-0.0177186868245884,0.0177186868245884,-2.561131480705,2.561131480705,1.0967990684014,-1.0967990684014,0.432677542342844,-0.432677542342844,-0.321912920272153,0.321912920272153,-0.999675651345947,0.999675651345947,-2.29361216436802,2.29361216436802,1.79485690048302,-1.79485690048302,-0.713507195182971,0.713507195182971,-0.208614040367394,0.208614040367394,1.22168193650454,-1.22168193650454,-1.36781994828477,1.36781994828477,-1.84296410779679,1.84296410779679,-0.287566674537792,0.287566674537792,-0.999352567086632,0.999352567086632,-1.23809166512416,1.23809166512416,-2.69259069778865,2.69259069778865,0.0592474048710426,-0.0592474048710426,-0.334537073172657,0.334537073172657,1.31752334846784,-1.31752334846784,0.506391994560596,-0.506391994560596,0.78921874134376,-0.78921874134376,-2.01123226552913,2.01123226552913,-0.161049334888573,0.161049334888573,1.73194384250841,-1.73194384250841,0.595214063468149,-0.595214063468149,-1.29178727669672,1.29178727669672,0.436650627277085,-0.436650627277085,-1.11513772614011,1.11513772614011,-1.66787271286552,1.66787271286552,1.31938860052933,-1.31938860052933,-0.165426538023432,0.165426538023432,-0.942027118793058,0.942027118793058,-0.201356583910477,0.201356583910477,-1.78205678426859,1.78205678426859,0.826165716132684,-0.826165716132684,0.748835752408221,-0.748835752408221,-0.653979317154345,0.653979317154345,-0.739324663663562,0.739324663663562,0.598227446199139,-0.598227446199139,-0.110631374462905,0.110631374462905,0.110187297030888,-0.110187297030888,-0.187118482164732,0.187118482164732,-1.08516528535268,1.08516528535268,-0.587069892216129,0.587069892216129,-0.415319929731639,0.415319929731639,-1.31458851176344,1.31458851176344,0.326977024544466,-0.326977024544466,0.208405420244768,-0.208405420244768,-0.647037245276591,0.647037245276591,0.384039944291006,-0.384039944291006,-0.403688799642677,0.403688799642677,0.158953867695121,-0.158953867695121,-0.9557553142885,0.9557553142885,-0.0718169652394457,0.0718169652394457,-2.47897829995168,2.47897829995168,-0.470857865385437,0.470857865385437,-0.763296228647852,0.763296228647852,-0.250219301385019,0.250219301385019,-0.223116923305633,0.223116923305633,0.172493056369384,-0.172493056369384,1.89894948472008,-1.89894948472008,0.0933452945645544,-0.0933452945645544,1.48276505743818,-1.48276505743818,-0.904415972016805,0.904415972016805,-0.672992682802959,0.672992682802959,-0.981121172760734,0.981121172760734,-1.04740628668106,1.04740628668106,1.13419102828498,-1.13419102828498,-1.34540103762664,1.34540103762664,0.452281162094756,-0.452281162094756,1.12159171117006,-1.12159171117006,-2.03676317600931,2.03676317600931,0.695078591391903,-0.695078591391903,-0.243818488109913,0.243818488109913,-0.807180395263109,0.807180395263109,0.0513527619206097,-0.0513527619206097,-0.437027506896129,0.437027506896129,-0.200623149158557,0.200623149158557,0.335605383628467,-0.335605383628467,1.9522008268803,-1.9522008268803,1.04781771328459,-1.04781771328459,-0.542968909589973,0.542968909589973,0.136836603638035,-0.136836603638035,1.08798806987554,-1.08798806987554,-1.09040881351853,1.09040881351853,0.566462141704321,-0.566462141704321,0.145031826145765,-0.145031826145765,0.845515275817773,-0.845515275817773,-1.20976958533161,1.20976958533161,1.00388461470073,-1.00388461470073,-0.305381651223076,0.305381651223076,0.0619192128791102,-0.0619192128791102,0.416905552112518,-0.416905552112518,0.17858529114144,-0.17858529114144,-0.524316701278685,0.524316701278685,1.86765221723699,-1.86765221723699,-1.03991550222969,1.03991550222969,0.660378840703147,-0.660378840703147,-1.37015766231044,1.37015766231044,0.89734154860419,-0.89734154860419,-0.00428162865189071,0.00428162865189071,-0.00260939121544043,0.00260939121544043,-0.96621676616752,0.96621676616752,-1.20747790481092,1.20747790481092,-1.64712397840242,1.64712397840242,-1.90387599071037,1.90387599071037,-1.01520635057811,1.01520635057811,0.722003013253379,-0.722003013253379,0.194003653773934,-0.194003653773934,-0.0224606530694931,0.0224606530694931,0.237770029646358,-0.237770029646358,0.437780653544391,-0.437780653544391,1.11488753686832,-1.11488753686832,-0.598077753377714,0.598077753377714,-0.93741094559905,0.93741094559905,-0.437910569955274,0.437910569955274,0.520366816286625,-0.520366816286625,0.819603626595833,-0.819603626595833,1.52605587108357,-1.52605587108357,-1.28677461873933,1.28677461873933,1.56219274911362,-1.56219274911362,-0.53765124545625,0.53765124545625,-0.994106147196326,0.994106147196326,0.743919465062858,-0.743919465062858,0.242567428100257,-0.242567428100257,-0.356357230775012,0.356357230775012,0.997522538703559,-0.997522538703559,0.63303982850381,-0.63303982850381,-0.722750514782371,0.722750514782371,-0.627016670175335,0.627016670175335,0.11224550774138,-0.11224550774138,-0.705581244349408,0.705581244349408,-0.8616191024596,0.8616191024596,-0.302135535800484,0.302135535800484,-0.387757991426591,0.387757991426591,-0.771328704573311,0.771328704573311,-0.515383829884221,0.515383829884221,-0.218687983309185,0.218687983309185,-2.2896075162536,2.2896075162536,0.651248416685523,-0.651248416685523,0.755312310077414,-0.755312310077414,0.3200712154545,-0.3200712154545,0.963022550740736,-0.963022550740736,-0.568541698443495,0.568541698443495,-0.640197834651488,0.640197834651488,-0.709995041464131,0.709995041464131,-0.602971623241401,0.602971623241401,-1.62187558189169,1.62187558189169,0.205527569614275,-0.205527569614275,-0.61087822137555,0.61087822137555,-1.32278909036051,1.32278909036051,0.910261854583742,-0.910261854583742,-0.523174042840858,0.523174042840858,-0.810114518864766,0.810114518864766,0.311540266461374,-0.311540266461374,0.162486743548185,-0.162486743548185,-0.108512561576753,0.108512561576753,-1.84030325947611,1.84030325947611,-0.185963145274317,0.185963145274317,0.954018745683697,-0.954018745683697,0.920975954279434,-0.920975954279434,-1.49811869191489,1.49811869191489,-0.758749012127524,0.758749012127524,1.37791898352717,-1.37791898352717,-0.136828668050487,0.136828668050487,0.429829644087139,-0.429829644087139,-0.267855612181896,0.267855612181896,0.460486219167267,-0.460486219167267,-0.964908828665416,0.964908828665416,0.794492300482168,-0.794492300482168,-1.77808114514321,1.77808114514321,-0.712027863897748,0.712027863897748,1.16613831088754,-1.16613831088754,-2.29754698508282,2.29754698508282,0.592058913643098,-0.592058913643098,-0.647051903396436,0.647051903396436,-2.54550265122313,2.54550265122313,-0.703420975400782,0.703420975400782,-0.325986193591818,0.325986193591818,-0.337769465749258,0.337769465749258,0.727987302600679,-0.727987302600679,0.0245295409326262,-0.0245295409326262,-1.03145058089465,1.03145058089465,0.541342669795398,-0.541342669795398,0.519045663791023,-0.519045663791023,0.196848478357757,-0.196848478357757,-0.28938856505963,0.28938856505963,-0.267322472275148,0.267322472275148,0.559495768555922,-0.559495768555922,0.488549970876417,-0.488549970876417,0.461445776515917,-0.461445776515917,0.295129920854392,-0.295129920854392,0.0424640739802552,-0.0424640739802552,0.227997252586378,-0.227997252586378,-0.998782811994,0.998782811994,-0.469461869239218,0.469461869239218,0.315586367894843,-0.315586367894843,0.0122708130944991,-0.0122708130944991,1.21292550684427,-1.21292550684427,0.653921442873571,-0.653921442873571,0.123245929429942,-0.123245929429942,-0.653689518772397,0.653689518772397,-0.490071569916228,0.490071569916228,0.128385426533756,-0.128385426533756,-0.651842591782029,0.651842591782029,1.03396014191524,-1.03396014191524,-0.854368163822896,0.854368163822896,0.499118498485093,-0.499118498485093,1.07353303857056,-1.07353303857056,1.23303016762116,-1.23303016762116,-0.865582850194604,0.865582850194604,-0.20641461955034,0.20641461955034,1.16495354339741,-1.16495354339741,0.832559288647214,-0.832559288647214,-2.37056966333562,2.37056966333562,1.24100521265222,-1.24100521265222,0.703927861730077,-0.703927861730077,-1.93603361074925,1.93603361074925,1.7958603503568,-1.7958603503568,1.11632817786668,-1.11632817786668,1.28282536294476,-1.28282536294476,1.75008311145248,-1.75008311145248,-0.234806707389968,0.234806707389968,0.590052148529743,-0.590052148529743,-0.240302942810176,0.240302942810176,1.11316452719396,-1.11316452719396,0.274323921869223,-0.274323921869223,-0.845551579563829,0.845551579563829,0.106730361748252,-0.106730361748252,0.143563477711953,-0.143563477711953,-0.0510998153305441,0.0510998153305441,-0.698272100800033,0.698272100800033,-0.396234855058045,0.396234855058045,-1.15655121654963,1.15655121654963,-1.14981373883955,1.14981373883955,-1.26690269791119,1.26690269791119,2.93228475644152,-2.93228475644152,2.46295169997663,-2.46295169997663,1.32533606497409,-1.32533606497409,-0.42982846799635,0.42982846799635,0.358505571193062,-0.358505571193062,-0.650462237848993,0.650462237848993,-1.25242061458114,1.25242061458114,-0.342455807613569,0.342455807613569,-1.38634899949217,1.38634899949217,-0.140733009974157,0.140733009974157,1.12309760096941,-1.12309760096941,-0.45030451264395,0.45030451264395,-0.111007275229199,0.111007275229199,0.368290107891592,-0.368290107891592,-0.526983203495614,0.526983203495614,0.907981715595318,-0.907981715595318,-0.624505292440594,0.624505292440594,-0.726546997845105,0.726546997845105,0.106828233530943,-0.106828233530943,0.928836594725671,-0.928836594725671,0.762296783966604,-0.762296783966604,-0.0556025090285263,0.0556025090285263,1.26983062192126,-1.26983062192126,-0.805870641562912,0.805870641562912,-1.02225717564487,1.02225717564487,0.786250883714393,-0.786250883714393,1.98795147957164,-1.98795147957164,0.351490397191578,-0.351490397191578,0.299587744769416,-0.299587744769416,-0.690092034625641,0.690092034625641,-0.176765968896436,0.176765968896436,0.92711428542902,-0.92711428542902,1.20163012523705,-1.20163012523705,-0.263135851399985,0.263135851399985,-0.845572313264956,0.845572313264956,-0.441672650877764,0.441672650877764,0.824639007866648,-0.824639007866648,0.163954437054303,-0.163954437054303,0.112959500955485,-0.112959500955485,-2.69380649432074,2.69380649432074,0.36063318473941,-0.36063318473941,0.974959573285165,-0.974959573285165,0.258314744186512,-0.258314744186512,-1.40061531987495,1.40061531987495,0.455120815146765,-0.455120815146765,0.385039473590043,-0.385039473590043,0.0150184276023851,-0.0150184276023851,1.3430652741885,-1.3430652741885,0.797112541731674,-0.797112541731674,0.480710813972878,-0.480710813972878,-1.1207788695648,1.1207788695648,-0.0945680912207866,0.0945680912207866,0.0556957099501891,-0.0556957099501891,-0.586498718199637,0.586498718199637,0.652983328282954,-0.652983328282954,-0.613622566585673,0.613622566585673,-0.231936921534711,0.231936921534711,0.077549555478872,-0.077549555478872,0.332956170297129,-0.332956170297129,-0.261693466754719,0.261693466754719,0.379246034425232,-0.379246034425232,-0.143659834641969,0.143659834641969,-0.325177277913252,0.325177277913252,0.267999167593724,-0.267999167593724,1.48126990353792,-1.48126990353792,0.13530080268654,-0.13530080268654,-0.746934165517779,0.746934165517779,-1.10253297566014,1.10253297566014,-1.47768921391189,1.47768921391189,1.18404783712739,-1.18404783712739,-0.40715229521009,0.40715229521009,-0.044136552502363,0.044136552502363,-1.45373264964582,1.45373264964582,0.409449603855054,-0.409449603855054,1.05882556705213,-1.05882556705213,-1.04511048069041,1.04511048069041,0.231013498713522,-0.231013498713522,-0.659351802591406,0.659351802591406,-0.521090087717875,0.521090087717875,-1.63277605841576,1.63277605841576,-1.9695995714436,1.9695995714436,-0.856430797903802,0.856430797903802,-0.034159824683374,0.034159824683374,1.1454393892242,-1.1454393892242,-0.845599326421925,0.845599326421925,-0.635548805003631,0.635548805003631,2.25240452148378,-2.25240452148378,-0.378613205317997,0.378613205317997,0.450772474379272,-0.450772474379272,-0.310185486426446,0.310185486426446,-0.386354906847192,0.386354906847192,-0.615346128193393,0.615346128193393,-0.00657377230785256,0.00657377230785256,-0.671266035621242,0.671266035621242,0.125283616849206,-0.125283616849206,0.606773386102994,-0.606773386102994,0.0266978174008927,-0.0266978174008927,0.31557441230843,-0.31557441230843,-0.21779806036865,0.21779806036865,1.03509060506265,-1.03509060506265,-0.0497649303409681,0.0497649303409681,0.487474698428258,-0.487474698428258,-0.898802560884906,0.898802560884906,-0.263121332386816,0.263121332386816,0.608241622207343,-0.608241622207343,-1.4548990151876,1.4548990151876,0.370186785704602,-0.370186785704602,-0.790931558523904,0.790931558523904,0.720641237444278,-0.720641237444278,-0.292348799527394,0.292348799527394,0.656424967433088,-0.656424967433088,1.2417536624133,-1.2417536624133,-0.4973494527782,0.4973494527782,-0.262618770107706,0.262618770107706,0.438545170086145,-0.438545170086145,0.483009944360046,-0.483009944360046,-0.913794503805521,0.913794503805521,0.742556454086941,-0.742556454086941,0.402838568070882,-0.402838568070882,0.0478891652935573,-0.0478891652935573,-0.41746940695831,0.41746940695831,-0.332114647811388,0.332114647811388,1.49192217666437,-1.49192217666437,-0.600284428771731,0.600284428771731,-0.0944396513927756,0.0944396513927756,1.0402139755806,-1.0402139755806,0.343423582739784,-0.343423582739784,-0.370978894266199,0.370978894266199,0.817231981595429,-0.817231981595429,0.557454936080193,-0.557454936080193,-0.101747404878809,0.101747404878809,0.012789093330289,-0.012789093330289,1.83460964286199,-1.83460964286199,0.438666216962893,-0.438666216962893,0.818225938465109,-0.818225938465109,0.0718453262293575,-0.0718453262293575,0.670103525093587,-0.670103525093587,-0.172552906918869,0.172552906918869,0.227568094927906,-0.227568094927906,-0.584184368975706,0.584184368975706,0.524836065182682,-0.524836065182682,0.786534859716948,-0.786534859716948,-1.36029027005651,1.36029027005651,-0.444303713804918,0.444303713804918,-1.01873110910487,1.01873110910487,-2.44825868994453,2.44825868994453,-0.630044627417416,0.630044627417416,-1.27457150638638,1.27457150638638,1.19724645683018,-1.19724645683018,-0.214643794791639,0.214643794791639,-2.95163306678868,2.95163306678868,0.64792709848612,-0.64792709848612,1.04585561202632,-1.04585561202632,-0.86069021448382,0.86069021448382,0.0265603204967525,-0.0265603204967525,0.355173984515911,-0.355173984515911,-0.27185990109817,0.27185990109817,0.65158647862368,-0.65158647862368,-1.24120419639024,1.24120419639024,0.670894195940179,-0.670894195940179,0.00544006835914383,-0.00544006835914383,-0.815972100941408,0.815972100941408,-1.25337484750272,1.25337484750272,0.550764217906849,-0.550764217906849,-1.31860470255253,1.31860470255253,-2.15981526677488,2.15981526677488,1.19952261266065,-1.19952261266065,-0.0994967635196212,0.0994967635196212,0.0654996304210655,-0.0654996304210655,-0.450235989307347,0.450235989307347,-0.929162204979527,0.929162204979527,-0.515368418439119,0.515368418439119,-0.208449988201003,0.208449988201003,0.525431572051624,-0.525431572051624,-0.148366185687613,0.148366185687613,0.749540680822179,-0.749540680822179,0.350023736590105,-0.350023736590105,0.447156911177473,-0.447156911177473,1.55973562419463,-1.55973562419463,-0.783885040493501,0.783885040493501,-0.244850831697724,0.244850831697724,0.20826228563817,-0.20826228563817,0.947881712255305,-0.947881712255305,-0.6686736151723,0.6686736151723,0.508418196097495,-0.508418196097495,-0.409880406766312,0.409880406766312,-1.29414152408065,1.29414152408065,-0.304029711670376,0.304029711670376,-0.185269533999343,0.185269533999343,-0.772932596190377,0.772932596190377,-1.62275002222208,1.62275002222208,0.297661196891882,-0.297661196891882,1.20049259955577,-1.20049259955577,0.344475350944714,-0.344475350944714,0.631816339569167,-0.631816339569167,-0.830439817481614,0.830439817481614,1.76988001789128,-1.76988001789128,0.261884243451746,-0.261884243451746,-0.0975392171123016,0.0975392171123016,1.42767295543618,-1.42767295543618,0.242609363811357,-0.242609363811357,-1.41991286447183,1.41991286447183,1.4054808391275,-1.4054808391275,0.849853761807335,-0.849853761807335,1.07075491826629,-1.07075491826629,0.0889414443553508,-0.0889414443553508,0.0653299271958928,-0.0653299271958928,-1.59115793497895,1.59115793497895,0.917391306808821,-0.917391306808821,-2.04378749852812,2.04378749852812,0.00960409087679625,-0.00960409087679625,0.906140757432071,-0.906140757432071,-1.47251500465984,1.47251500465984,0.256272498705591,-0.256272498705591,-0.332683328528433,0.332683328528433,0.893312769972531,-0.893312769972531,-0.549124683487849,0.549124683487849,-0.606242652314581,0.606242652314581,-0.186851460777471,0.186851460777471,-0.705835741401223,0.705835741401223,2.12828971576133,-2.12828971576133,-1.1413105557511,1.1413105557511,0.942888641861742,-0.942888641861742,-2.6926658688617,2.6926658688617,-1.24452249667462,1.24452249667462,0.933528254649294,-0.933528254649294,-1.87851692264398,1.87851692264398,-0.468292018590025,0.468292018590025,0.130622859205774,-0.130622859205774,0.378437813850982,-0.378437813850982,-3.81536277515611,3.81536277515611,-2.09370804637188,2.09370804637188,-0.160731682898962,0.160731682898962,-0.144833099580132,0.144833099580132,0.816857202270874,-0.816857202270874,1.07115547270835,-1.07115547270835,-1.11418524042371,1.11418524042371,0.970153454511036,-0.970153454511036,-1.04927046284368,1.04927046284368,0.945328584367481,-0.945328584367481,-0.542870263042547,0.542870263042547,-0.702734576173985,0.702734576173985,0.946459128535143,-0.946459128535143,0.152177439263125,-0.152177439263125,1.67693925125864,-1.67693925125864,-0.635152494424329,0.635152494424329,0.819570824955292,-0.819570824955292,0.341807767475081,-0.341807767475081,-0.189020025766461,0.189020025766461,1.48804426012429,-1.48804426012429,1.36850621275101,-1.36850621275101,-0.426328919990986,0.426328919990986,-0.036666973115919,0.036666973115919,0.615361482771855,-0.615361482771855,-1.15041185263113,1.15041185263113,1.09262852082483,-1.09262852082483,0.848178373735266,-0.848178373735266,1.4669857242323,-1.4669857242323,0.0688660500260021,-0.0688660500260021,0.769977443663726,-0.769977443663726,-1.00994019726916,1.00994019726916,-0.128537484274564,0.128537484274564,-0.0101467914341681,0.0101467914341681,-0.916411324040282,0.916411324040282,0.71209359396731,-0.71209359396731,-0.744632670272699,0.744632670272699,0.528456368808433,-0.528456368808433,0.439779092430071,-0.439779092430071,0.742278026309085,-0.742278026309085,-0.433395062292142,0.433395062292142,0.778263214475036,-0.778263214475036,-0.790658247848992,0.790658247848992,1.23870331480397,-1.23870331480397,-0.488452186819061,0.488452186819061,-1.39700281042808,1.39700281042808,0.580914221700252,-0.580914221700252,-1.96862270185762,1.96862270185762,1.05050030715552,-1.05050030715552,0.078833894305673,-0.078833894305673,1.79105835948506,-1.79105835948506,0.0416371350483548,-0.0416371350483548,0.410516343175316,-0.410516343175316,-2.06284291932612,2.06284291932612,-0.397691711240113,0.397691711240113,1.60279269266548,-1.60279269266548,-0.924809592665268,0.924809592665268,-0.616816023901025,0.616816023901025,1.49146289333423,-1.49146289333423,-1.33149719461976,1.33149719461976,-0.111785654329961,0.111785654329961,-1.28656250500765,1.28656250500765,-1.41621384782607,1.41621384782607,-0.67017829919371,0.67017829919371,-0.25772914335906,0.25772914335906,0.665615409086921,-0.665615409086921,1.04115309154911,-1.04115309154911,0.266876197262744,-0.266876197262744,1.21014493694561,-1.21014493694561,1.00197142847287,-1.00197142847287,-0.404757403169156,0.404757403169156,-0.669127196360108,0.669127196360108,-1.1479269628344,1.1479269628344,-0.055092556394017,0.055092556394017,0.96400062649522,-0.96400062649522,-0.406200777294873,0.406200777294873,0.632453918874976,-0.632453918874976,0.411017180290696,-0.411017180290696,1.18428073815288,-1.18428073815288,1.29886736424105,-1.29886736424105,-0.224967435392937,0.224967435392937,-1.94614496667783,1.94614496667783,0.156220219336464,-0.156220219336464,-0.0639525092852831,0.0639525092852831,-0.411126196662883,0.411126196662883,-0.246843757296751,0.246843757296751,0.575593495115122,-0.575593495115122,1.5589246129799,-1.5589246129799,-1.42038052296238,1.42038052296238,1.45958819396418,-1.45958819396418,-0.8502583269422,0.8502583269422,-1.97429102618336,1.97429102618336,0.255904529252514,-0.255904529252514,0.319278144933224,-0.319278144933224,1.40780623462024,-1.40780623462024,-0.429307966689772,0.429307966689772,-0.600094630656353,0.600094630656353,1.05204260220698,-1.05204260220698,-0.0805496810457661,0.0805496810457661,0.736960128429493,-0.736960128429493,0.657648802799199,-0.657648802799199,0.622268912376155,-0.622268912376155,0.0786309016742334,-0.0786309016742334,0.571411616030482,-0.571411616030482,1.51821043970666,-1.51821043970666,0.978826467773347,-0.978826467773347,0.47871711285504,-0.47871711285504,-1.16824076016774,1.16824076016774,0.588041117863482,-0.588041117863482,-0.290556306877697,0.290556306877697,0.20237020950429,-0.20237020950429,1.3529197076145,-1.3529197076145,-1.42622544580669,1.42622544580669,1.69212703120672,-1.69212703120672,-0.231702754176371,0.231702754176371,0.116166900785891,-0.116166900785891,0.421519128102494,-0.421519128102494,-0.535224227343556,0.535224227343556,-1.90705641587767,1.90705641587767,3.1562048211202,-3.1562048211202,2.04852882706922,-2.04852882706922,0.9787255880334,-0.9787255880334,0.000354152159616784,-0.000354152159616784,-0.205338548793895,0.205338548793895,-1.34180610591488,1.34180610591488,-2.12460066412788,2.12460066412788,1.38005736752381,-1.38005736752381,0.42339855516778,-0.42339855516778,0.663391683988018,-0.663391683988018,-0.583515656756543,0.583515656756543,-0.447374773067615,0.447374773067615,1.43943555333071,-1.43943555333071,0.261985958879559,-0.261985958879559,-0.0806523751559364,0.0806523751559364,-1.85778797851666,1.85778797851666,-0.719534525245623,0.719534525245623,-1.54849363864145,1.54849363864145,-0.147003901999884,0.147003901999884,2.28004153615785,-2.28004153615785,1.38580527234998,-1.38580527234998,-1.40689116685432,1.40689116685432,0.0907670063633391,-0.0907670063633391,1.46510574661648,-1.46510574661648,-1.12638514218525,1.12638514218525,-0.645161628944058,0.645161628944058,-0.696568569436465,0.696568569436465,-0.198435161172698,0.198435161172698,-1.26717755826717,1.26717755826717,-1.4199042836159,1.4199042836159,-0.135201148420577,0.135201148420577,-0.366586307200468,0.366586307200468,-0.2742956124121,0.2742956124121,-1.73546168121837,1.73546168121837,-0.536478028570976,0.536478028570976,0.896891489611137,-0.896891489611137,0.59592220688703,-0.59592220688703,-0.69122520480572,0.69122520480572,-0.714205126036825,0.714205126036825,0.837590909804924,-0.837590909804924,0.679361810069792,-0.679361810069792,-1.59753295225459,1.59753295225459,0.824183071984609,-0.824183071984609,0.33948557364377,-0.33948557364377,0.829830336722472,-0.829830336722472,1.36057406695664,-1.36057406695664,0.281104374251803,-0.281104374251803,-1.67828420640528,1.67828420640528,0.947770058973069,-0.947770058973069,0.469793141371443,-0.469793141371443,1.05993759106035,-1.05993759106035,0.882003404319954,-0.882003404319954,-0.210827357770903,0.210827357770903,-0.283149240228084,0.283149240228084,0.372052263993623,-0.372052263993623,-0.688290518730653,0.688290518730653,0.875717081368131,-0.875717081368131,0.783648082390556,-0.783648082390556,-0.528422605939316,0.528422605939316,0.42916483004735,-0.42916483004735,1.2606674616529,-1.2606674616529,-0.538751811615254,0.538751811615254,1.03178040031729,-1.03178040031729,-0.0347600184981406,0.0347600184981406,-0.373414564265048,0.373414564265048,-0.120843388025025,0.120843388025025,0.377767153893555,-0.377767153893555,1.15336067214503,-1.15336067214503,-0.433663149131165,0.433663149131165,0.472301677165388,-0.472301677165388,-0.0612312400690975,0.0612312400690975,-1.00305940058321,1.00305940058321,-0.182052078613142,0.182052078613142,1.14419299250602,-1.14419299250602,0.371653014381955,-0.371653014381955,-0.308103254695087,0.308103254695087,1.14846917661874,-1.14846917661874,-1.60257950781328,1.60257950781328,0.661899514076475,-0.661899514076475,0.35120673437857,-0.35120673437857,-0.758671877310403,0.758671877310403,-1.79403170426048,1.79403170426048,-0.261058149476532,0.261058149476532,0.0169046411505684,-0.0169046411505684,0.98343447685767,-0.98343447685767,-2.12622702610259,2.12622702610259,1.0565013226764,-1.0565013226764,-1.30250701915844,1.30250701915844,-2.02447923608121,2.02447923608121,0.498480817806724,-0.498480817806724,-0.194344359175062,0.194344359175062,-0.23517997764022,0.23517997764022,-0.984155034321692,0.984155034321692,-0.490918531797918,0.490918531797918,0.757733843081383,-0.757733843081383,0.542401439732507,-0.542401439732507,-0.0135376790596393,0.0135376790596393,0.462098801038386,-0.462098801038386,0.178638292370931,-0.178638292370931,0.539443654801351,-0.539443654801351,0.52941890588385,-0.52941890588385,2.11581325919052,-2.11581325919052,-0.127652431786292,0.127652431786292,0.344565005175576,-0.344565005175576,1.01349852727784,-1.01349852727784,1.43258392505928,-1.43258392505928,0.238622604709621,-0.238622604709621,0.53835652682855,-0.53835652682855,0.25577937197692,-0.25577937197692,-0.128994076464645,0.128994076464645,-0.889200536088068,0.889200536088068,0.69587974455913,-0.69587974455913,1.188385144481,-1.188385144481,0.168062162578298,-0.168062162578298,0.8044647704793,-0.8044647704793,-0.810626271603348,0.810626271603348,-0.35256993591142,0.35256993591142,1.95140190542189,-1.95140190542189,1.52032396161859,-1.52032396161859,-0.505740647376605,0.505740647376605,-0.150892254987459,0.150892254987459,1.60410119779667,-1.60410119779667,0.827545025290753,-0.827545025290753,-1.39046840170355,1.39046840170355,0.161404142269466,-0.161404142269466,0.462699360500828,-0.462699360500828,-1.33380597789497,1.33380597789497,-1.44060207368119,1.44060207368119,-0.116385924772984,0.116385924772984,-1.48520038355415,1.48520038355415,0.872357424132988,-0.872357424132988,-0.246022635935086,0.246022635935086,0.501863770366757,-0.501863770366757,-0.146468290691468,0.146468290691468,2.42100734413901,-2.42100734413901,-1.01427659807326,1.01427659807326,0.455199592095154,-0.455199592095154,0.970742642684259,-0.970742642684259,-0.463398962317742,0.463398962317742,0.0480822907901616,-0.0480822907901616,2.04076613679872,-2.04076613679872,-0.897979716263347,0.897979716263347,-0.0763216617082334,0.0763216617082334,0.964279809070497,-0.964279809070497,-2.19244556817413,2.19244556817413,-0.0412411376594207,0.0412411376594207,0.0421502865288927,-0.0421502865288927,-0.306434553940893,0.306434553940893,-2.2475729358466,2.2475729358466,-1.2081072417884,1.2081072417884,-0.915209025332148,0.915209025332148,1.21145080456822,-1.21145080456822,0.437363980082919,-0.437363980082919,0.359531924644018,-0.359531924644018,0.22893993585557,-0.22893993585557,0.158253864704896,-0.158253864704896,1.19467688648497,-1.19467688648497,0.457932264324236,-0.457932264324236,0.384162962968005,-0.384162962968005,-1.00482298056038,1.00482298056038,-1.39787248951484,1.39787248951484,-0.882264396390954,0.882264396390954,0.699630394620247,-0.699630394620247,0.573928129220352,-0.573928129220352,-0.214191129250672,0.214191129250672,-2.75872287886462,2.75872287886462,2.26880902627473,-2.26880902627473,0.202821471536388,-0.202821471536388,-0.769414978598907,0.769414978598907,0.569321379256296,-0.569321379256296,-0.38791976386664,0.38791976386664,1.57704080950102,-1.57704080950102,0.915115693554636,-0.915115693554636,-0.516962851097711,0.516962851097711,0.879396475820196,-0.879396475820196,-0.403364602662456,0.403364602662456,-1.00985166250476,1.00985166250476,0.0226451570277399,-0.0226451570277399,-1.54688230902457,1.54688230902457,0.918047671551769,-0.918047671551769,-0.816086133243257,0.816086133243257,1.16856896090037,-1.16856896090037,0.434128411431778,-0.434128411431778,0.834023378727222,-0.834023378727222,1.73693368399909,-1.73693368399909,0.0933590161322124,-0.0933590161322124,0.0646727257256037,-0.0646727257256037,-2.16053656369918,2.16053656369918,-0.907091206018445,0.907091206018445,0.562223601956033,-0.562223601956033,0.139272920840637,-0.139272920840637,1.28441455760377,-1.28441455760377,-1.65452580722568,1.65452580722568,0.898965215097277,-0.898965215097277,-1.45548429443617,1.45548429443617,-0.20046435908779,0.20046435908779,0.474542909713333,-0.474542909713333,0.0839086610549973,-0.0839086610549973,0.0699362409887235,-0.0699362409887235,-1.18458615572497,1.18458615572497,-0.70819331170807,0.70819331170807,0.443905688790711,-0.443905688790711,-0.479989606920847,0.479989606920847,0.377192698116185,-0.377192698116185,-0.26313093704863,0.26313093704863,0.27543388540746,-0.27543388540746,0.536580453697386,-0.536580453697386,1.1251178844508,-1.1251178844508,-0.737393472135377,0.737393472135377,0.249574475645199,-0.249574475645199,-0.335637914062443,0.335637914062443,-0.462052263082987,0.462052263082987,0.482801977471138,-0.482801977471138,0.585127413942408,-0.585127413942408,0.578460395260186,-0.578460395260186,-0.0104324636685991,0.0104324636685991,-0.737918621260783,0.737918621260783,1.36639330254523,-1.36639330254523,0.00442217877753704,-0.00442217877753704,1.38203160353579,-1.38203160353579,3.17327347244434,-3.17327347244434,-1.05838774599072,1.05838774599072,1.69494292099798,-1.69494292099798,-1.9276354321545,1.9276354321545,-1.90445290113364,1.90445290113364,-0.225378966478475,0.225378966478475,-1.49406417011278,1.49406417011278,-1.20499737289082,1.20499737289082,-0.860837259142128,0.860837259142128,0.0844407431747685,-0.0844407431747685,0.0753834551486153,-0.0753834551486153,0.148552545735912,-0.148552545735912,-1.61586583648412,1.61586583648412,0.917781777410135,-0.917781777410135,-1.1592899983583,1.1592899983583,-0.230474376429422,0.230474376429422,1.33664840409745,-1.33664840409745,1.21713544587416,-1.21713544587416,0.741778906842155,-0.741778906842155,-1.4233189707655,1.4233189707655,2.17339260601643,-2.17339260601643,-0.49846029826974,0.49846029826974,-1.91772398540175,1.91772398540175,0.4870899345372,-0.4870899345372,-0.00527187492350184,0.00527187492350184,-1.26288570203072,1.26288570203072,0.574346922341071,-0.574346922341071,-0.856008008927149,0.856008008927149,-0.544053366715871,0.544053366715871,0.197790351842796,-0.197790351842796,1.08352288817455,-1.08352288817455,-0.211836763736488,0.211836763736488,0.918577863681708,-0.918577863681708,1.20078703467589,-1.20078703467589,-0.220777110722589,0.220777110722589,0.827367769507533,-0.827367769507533,0.691461221587691,-0.691461221587691,-0.578661508384953,0.578661508384953,0.0273330466869048,-0.0273330466869048,-0.113972955463609,0.113972955463609,-0.297610224957087,0.297610224957087,-1.57303907080052,1.57303907080052,0.317087312012709,-0.317087312012709,1.84807526261442,-1.84807526261442,-0.243072391715335,0.243072391715335,0.56128103111038,-0.56128103111038,-0.601067615257584,0.601067615257584,-0.52464680324722,0.52464680324722,-1.33084856424113,1.33084856424113,0.923095669741752,-0.923095669741752,0.675356333729086,-0.675356333729086,-1.22565977576241,1.22565977576241,1.27473799473103,-1.27473799473103,0.761901461138762,-0.761901461138762,0.234178499893732,-0.234178499893732,-0.207649609131613,0.207649609131613,0.167356831088231,-0.167356831088231,-1.03125067712754,1.03125067712754,0.843103508883571,-0.843103508883571,-0.998174794578971,0.998174794578971,-0.0374779237972114,0.0374779237972114,-1.08316212067951,1.08316212067951,0.638093999659434,-0.638093999659434,0.746939800715586,-0.746939800715586,1.33349110430524,-1.33349110430524,-0.877337050037265,0.877337050037265,-0.787013471544129,0.787013471544129,-1.58633939702871,1.58633939702871,0.143620574863909,-0.143620574863909,-0.228170164320191,0.228170164320191,-0.718771007752622,0.718771007752622,1.19340449399194,-1.19340449399194,-0.995315474360046,0.995315474360046,0.0746989366155764,-0.0746989366155764,-0.121405754399917,0.121405754399917,-0.380658621899116,0.380658621899116,0.586985343166725,-0.586985343166725,1.90130950523123,-1.90130950523123,2.01615430555585,-2.01615430555585,0.532208282846881,-0.532208282846881,-0.997993921974655,0.997993921974655,-0.608785615231969,0.608785615231969,-0.207539241940179,0.207539241940179,0.286589349972453,-0.286589349972453,1.70200399064688,-1.70200399064688,0.585312586332219,-0.585312586332219,0.876453657728026,-0.876453657728026,-0.445729344378849,0.445729344378849,0.45018392510098,-0.45018392510098,2.45468991443352,-2.45468991443352,-0.885702220758106,0.885702220758106,1.58094426562237,-1.58094426562237,-2.18786160065142,2.18786160065142,0.912195242389209,-0.912195242389209,0.630567644265669,-0.630567644265669
