0.16276292098778,-0.16276292098778,-0.795073340271835,0.795073340271835,-1.36312742847198,1.36312742847198,-0.992396589618259,0.992396589618259,1.02517364316109,-1.02517364316109,1.31563771850964,-1.31563771850964,-0.245084974719937,0.245084974719937,-0.841416685527138,0.841416685527138,-0.319647553767692,0.319647553767692,-0.606583449445858,0.606583449445858,-0.91733361586498,0.91733361586498,-0.285084679442189,0.285084679442189,0.640771979829066,-0.640771979829066,-0.63760288693906,0.63760288693906,0.877597989861288,-0.877597989861288,-0.48326792114204,0.48326792114204,-0.112679663424278,0.112679663424278,-1.19679735297697,1.19679735297697,-0.100238256229406,0.100238256229406,0.829490430601153,-0.829490430601153,1.46554247738474,-1.46554247738474,1.13038068349583,-1.13038068349583,-1.6627032345652,1.6627032345652,-0.415085223194731,0.415085223194731,-1.05813668221117,1.05813668221117,0.556220905513694,-0.556220905513694,0.446870033521501,-0.446870033521501,-0.967859367608891,0.967859367608891,0.138501867611271,-0.138501867611271,1.27090176119021,-1.27090176119021,-2.16730293013984,2.16730293013984,0.865254167996049,-0.865254167996049,-0.55267172437525,0.55267172437525,1.10376131492682,-1.10376131492682,-0.775434943963193,0.775434943963193,-0.0155866094047573,0.0155866094047573,-0.179230769357108,0.179230769357108,0.562448048972954,-0.562448048972954,-0.628902835190099,0.628902835190099,-0.287626780945712,0.287626780945712,0.806476861778051,-0.806476861778051,1.37589956694091,-1.37589956694091,-0.687391192116865,0.687391192116865,-1.5817799895932,1.5817799895932,1.47859433535658,-1.47859433535658,-0.062856025365151,0.062856025365151,0.29194674286707,-0.29194674286707,-0.907369561329441,0.907369561329441,0.519690442586561,-0.519690442586561,0.368394872671523,-0.368394872671523,0.327661609905963,-0.327661609905963,-0.182153975216752,0.182153975216752,-0.121405874231684,0.121405874231684,-1.3262803500737,1.3262803500737,-1.61966929253443,1.61966929253443,0.785339751805951,-0.785339751805951,0.777541565815993,-0.777541565815993,-0.529600987966682,0.529600987966682,0.875198343154038,-0.875198343154038,-0.902522097032031,0.902522097032031,-0.127129301271194,0.127129301271194,0.0388632521142949,-0.0388632521142949,0.0772411157730704,-0.0772411157730704,-0.0744088904708902,0.0744088904708902,-0.326844435767276,0.326844435767276,-0.604711510472877,0.604711510472877,-0.757337350899464,0.757337350899464,0.288982758058887,-0.288982758058887,-0.339948092158321,0.339948092158321,0.923575076454825,-0.923575076454825,1.19469736089454,-1.19469736089454,0.0977437841373155,-0.0977437841373155,-1.37243727969375,1.37243727969375,-0.0588470011656621,0.0588470011656621,-0.90692975909274,0.90692975909274,0.723237705746526,-0.723237705746526,0.976967428640175,-0.976967428640175,-0.586049918711541,0.586049918711541,-1.20612907294044,1.20612907294044,0.560383990430073,-0.560383990430073,-0.188815475599934,0.188815475599934,-0.556447761284713,0.556447761284713,0.0348743229568897,-0.0348743229568897,-0.221695440763383,0.221695440763383,1.07755450035404,-1.07755450035404,-0.506918403426887,0.506918403426887,0.0335531241310213,-0.0335531241310213,-0.410155889243276,0.410155889243276,0.40818573432222,-0.40818573432222,0.467587735511661,-0.467587735511661,1.53114746713045,-1.53114746713045,-0.275661416099113,0.275661416099113,-0.0459223777281034,0.0459223777281034,-0.481415301522757,0.481415301522757,-1.09903198458372,1.09903198458372,0.919808252092622,-0.919808252092622,0.214001455312786,-0.214001455312786,-0.0685441930046352,0.0685441930046352,1.19939842457032,-1.19939842457032,-0.45304763141344,0.45304763141344,-0.346112614556178,0.346112614556178,-1.30979158913934,1.30979158913934,0.382623708340399,-0.382623708340399,-0.691533574544606,0.691533574544606,0.263301946238284,-0.263301946238284,2.00092790551427,-2.00092790551427,-0.785011592635185,0.785011592635185,0.154028922565239,-0.154028922565239,0.438864140587422,-0.438864140587422,1.04675699890491,-1.04675699890491,-1.67080002785461,1.67080002785461,-0.298377000251528,0.298377000251528,-0.502554443144337,0.502554443144337,-1.88327048534513,1.88327048534513,0.0368928740199863,-0.0368928740199863,-1.26752606512012,1.26752606512012,-1.28430574032726,1.28430574032726,0.63088715282876,-0.63088715282876,-1.97380177807813,1.97380177807813,2.75599418114497,-2.75599418114497,-1.42544342401638,1.42544342401638,0.700235314967898,-0.700235314967898,-1.36273623638225,1.36273623638225,1.97193958114587,-1.97193958114587,0.780627845711516,-0.780627845711516,-1.29385608174554,1.29385608174554,1.10748106992713,-1.10748106992713,0.179385190041043,-0.179385190041043,0.533564327923602,-0.533564327923602,0.515914221306311,-0.515914221306311,-0.76678025437981,0.76678025437981,-0.427924583767223,0.427924583767223,0.735452565146617,-0.735452565146617,1.58370481244184,-1.58370481244184,-0.303405836524001,0.303405836524001,-1.73596158785061,1.73596158785061,0.140607022051904,-0.140607022051904,-0.540555364537458,0.540555364537458,1.51203922275243,-1.51203922275243,0.143731172694755,-0.143731172694755,-0.426194935181379,0.426194935181379,1.81597740760099,-1.81597740760099,-0.389922615776669,0.389922615776669,-0.385116937226367,0.385116937226367,0.741666852298972,-0.741666852298972,0.376926728361206,-0.376926728361206,-1.49335835749466,1.49335835749466,-0.360989804130605,0.360989804130605,-1.64984858041237,1.64984858041237,0.386802204629667,-0.386802204629667,-0.220089372815181,0.220089372815181,-0.934497945132517,0.934497945132517,1.80952295983937,-1.80952295983937,-0.360607050342267,0.360607050342267,-1.79165929831258,1.79165929831258,-1.02959638147358,1.02959638147358,-2.01778224556292,2.01778224556292,0.0592865825835512,-0.0592865825835512,-1.25838198034577,1.25838198034577,0.207470693301175,-0.207470693301175,0.199273295345405,-0.199273295345405,1.28108261407059,-1.28108261407059,-0.496237043708534,0.496237043708534,-1.19108727910413,1.19108727910413,-0.40369245728945,0.40369245728945,1.61619262252662,-1.61619262252662,-0.234708401259721,0.234708401259721,-0.47638011156064,0.47638011156064,-0.304064847697081,0.304064847697081,0.928986506920366,-0.928986506920366,-1.36371815050546,1.36371815050546,0.501867512741298,-0.501867512741298,1.49787526632448,-1.49787526632448,2.30524521209753,-2.30524521209753,-1.09252913788017,1.09252913788017,-0.59856592698311,0.59856592698311,0.503828498609124,-0.503828498609124,0.6948375239371,-0.6948375239371,-0.733089390634393,0.733089390634393,-1.40704454569374,1.40704454569374,0.524523192225023,-0.524523192225023,-0.577061828463303,0.577061828463303,-0.490710639136452,0.490710639136452,-1.73280203547842,1.73280203547842,-0.156575508927459,0.156575508927459,1.14101786864982,-1.14101786864982,0.259332920677542,-0.259332920677542,-2.65753699323426,2.65753699323426,-0.0121515342933307,0.0121515342933307,1.3472820087357,-1.3472820087357,-2.02358242170292,2.02358242170292,-0.940099976450024,0.940099976450024,0.093114548210375,-0.093114548210375,0.169783563905567,-0.169783563905567,2.10075155379235,-2.10075155379235,-0.152323835684526,0.152323835684526,-0.464829727149698,0.464829727149698,0.861904497457474,-0.861904497457474,0.242038692338772,-0.242038692338772,-1.04893832719037,1.04893832719037,-1.53120344614025,1.53120344614025,-0.395947374131252,0.395947374131252,-0.770959294531578,0.770959294531578,0.798771120242168,-0.798771120242168,-1.15640569211673,1.15640569211673,-0.886173427638192,0.886173427638192,-0.298463073725198,0.298463073725198,0.685407545195569,-0.685407545195569,0.380864548390451,-0.380864548390451,0.851330958577495,-0.851330958577495,-0.193539117307714,0.193539117307714,-0.827556332598909,0.827556332598909,0.194694059855382,-0.194694059855382,1.03557929174904,-1.03557929174904,-1.16905923871822,1.16905923871822,0.418841296696082,-0.418841296696082,-0.670699220574246,0.670699220574246,-0.558631186825367,0.558631186825367,0.377166077124612,-0.377166077124612,0.603981805848701,-0.603981805848701,0.699753476481607,-0.699753476481607,1.30446402884183,-1.30446402884183,0.277627742490771,-0.277627742490771,0.129105527425362,-0.129105527425362,-0.277214589648112,0.277214589648112,-0.051542887067404,0.051542887067404,0.786307825222066,-0.786307825222066,-0.176267883160474,0.176267883160474,0.571985122818466,-0.571985122818466,1.2085708036035,-1.2085708036035,0.111250482069833,-0.111250482069833,0.51363993712175,-0.51363993712175,-0.0872763386513616,0.0872763386513616,-0.394141801883595,0.394141801883595,0.236532617227201,-0.236532617227201,0.65595910613086,-0.65595910613086,-0.0946931971732811,0.0946931971732811,-1.45745062557967,1.45745062557967,1.14304051914031,-1.14304051914031,-0.409335956583341,0.409335956583341,0.470604799106182,-0.470604799106182,0.560757557137519,-0.560757557137519,-0.220322591011355,0.220322591011355,0.717908979352821,-0.717908979352821,-0.78620802282444,0.78620802282444,1.68444931159942,-1.68444931159942,-0.200860109647677,0.200860109647677,0.874267492333526,-0.874267492333526,0.543769493611785,-0.543769493611785,2.14894645336309,-2.14894645336309,-0.390853404325549,0.390853404325549,-1.39114772017978,1.39114772017978,-1.39833853726839,1.39833853726839,-0.834159043170066,0.834159043170066,-0.888017387744182,0.888017387744182,-0.574613514729547,0.574613514729547,-0.544359760693966,0.544359760693966,-0.489135031897476,0.489135031897476,-0.0888200796353038,0.0888200796353038,-1.44252701890387,1.44252701890387,-0.850125424172419,0.850125424172419,0.610638367169493,-0.610638367169493,0.342151526584165,-0.342151526584165,0.619737969518439,-0.619737969518439,0.258168746374809,-0.258168746374809,-1.72951354319868,1.72951354319868,-0.345470573255014,0.345470573255014,0.483683885088912,-0.483683885088912,-0.55561990950069,0.55561990950069,1.32632234798006,-1.32632234798006,2.04389716194951,-2.04389716194951,0.616753322901101,-0.616753322901101,0.621623220440175,-0.621623220440175,0.453222706800392,-0.453222706800392,-0.0554195929187387,0.0554195929187387,0.222765271346128,-0.222765271346128,-0.935077201733378,0.935077201733378,0.585664366032899,-0.585664366032899,-1.28501584612319,1.28501584612319,0.922751926869111,-0.922751926869111,0.078989282572709,-0.078989282572709,-0.363462482980314,0.363462482980314,0.37310812163886,-0.37310812163886,1.25777451442296,-1.25777451442296,0.368123715325419,-0.368123715325419,1.10517591481433,-1.10517591481433,-0.2249301766045,0.2249301766045,-1.32557110834217,1.32557110834217,-0.744612511745384,0.744612511745384,-0.817821897547213,0.817821897547213,-0.54236051688354,0.54236051688354,-0.93609769000715,0.93609769000715,0.263377987146413,-0.263377987146413,0.837652450087793,-0.837652450087793,-0.147950717224113,0.147950717224113,-1.54670907047087,1.54670907047087,0.630160845355103,-0.630160845355103,-0.0772017324397107,0.0772017324397107,2.01144911525866,-2.01144911525866,-1.00554588037945,1.00554588037945,-0.945363958936061,0.945363958936061,-2.72208829800844,2.72208829800844,0.129177046952375,-0.129177046952375,-3.61799068088623,3.61799068088623,1.14664466140491,-1.14664466140491,-0.611011337305297,0.611011337305297,0.204970134164711,-0.204970134164711,-0.0407772749183553,0.0407772749183553,-1.64241266715486,1.64241266715486,-0.611876730490617,0.611876730490617,-0.18967892692723,0.18967892692723,1.11093087725554,-1.11093087725554,0.0858732486324027,-0.0858732486324027,-0.871805458388249,0.871805458388249,0.420774637386437,-0.420774637386437,-0.952866255682474,0.952866255682474,0.457877371946212,-0.457877371946212,1.62490497567795,-1.62490497567795,-0.644581193794745,0.644581193794745,1.03612955467987,-1.03612955467987,-1.49235869796086,1.49235869796086,-0.359355529546869,0.359355529546869,0.014305318811156,-0.014305318811156,0.349200016699983,-0.349200016699983,1.22130003757071,-1.22130003757071,-0.443201611726876,0.443201611726876,0.222082258140929,-0.222082258140929,0.866968552831382,-0.866968552831382,-1.23638478219254,1.23638478219254,-0.805790271407419,0.805790271407419,0.148445751059086,-0.148445751059086,-1.9981131144723,1.9981131144723,-0.0780751076669027,0.0780751076669027,1.27018621677819,-1.27018621677819,-0.111963526359535,0.111963526359535,-2.04104595646004,2.04104595646004,-0.445704945624992,0.445704945624992,0.701945510122491,-0.701945510122491,-0.347295237833676,0.347295237833676,0.823638175105822,-0.823638175105822,-0.203710799815491,0.203710799815491,0.0984568775935035,-0.0984568775935035,0.717154887472739,-0.717154887472739,0.569977855719189,-0.569977855719189,0.363523635105915,-0.363523635105915,-0.733732920926016,0.733732920926016,0.667421476682071,-0.667421476682071,-0.396612162982634,0.396612162982634,-0.763996642522669,0.763996642522669,-0.892228445650784,0.892228445650784,-0.766678751648734,0.766678751648734,-0.193206909387542,0.193206909387542,0.451242235786839,-0.451242235786839,-1.14016128925337,1.14016128925337,-1.03025697869756,1.03025697869756,0.772823956983274,-0.772823956983274,-1.64733823849183,1.64733823849183,-0.399830678441519,0.399830678441519,0.470287201718955,-0.470287201718955,-0.680345810524755,0.680345810524755,0.892964462108489,-0.892964462108489,-1.57817595085849,1.57817595085849,0.29566825033264,-0.29566825033264,0.772834052342777,-0.772834052342777,0.44134425055061,-0.44134425055061,0.369881653179192,-0.369881653179192,-1.84447688575958,1.84447688575958,-1.38273368212897,1.38273368212897,2.01166797206862,-2.01166797206862,-0.67990427448929,0.67990427448929,1.08936996978859,-1.08936996978859,0.0607349748741044,-0.0607349748741044,-0.736203177250807,0.736203177250807,0.284768754707083,-0.284768754707083,0.518398516238,-0.518398516238,-0.241882268050278,0.241882268050278,0.694256985349289,-0.694256985349289,0.421349457155594,-0.421349457155594,1.55265449791928,-1.55265449791928,0.988044903298769,-0.988044903298769,0.649527593941094,-0.649527593941094,0.693750534622083,-0.693750534622083,0.199038014952269,-0.199038014952269,0.158888799131479,-0.158888799131479,-0.219901530612026,0.219901530612026,0.127638273105477,-0.127638273105477,0.170013063573831,-0.170013063573831,1.92556764578971,-1.92556764578971,0.0270744122776208,-0.0270744122776208,-0.221794095417339,0.221794095417339,-0.506335740121459,0.506335740121459,-0.814340272539193,0.814340272539193,0.205987246122822,-0.205987246122822,1.5829969913437,-1.5829969913437,0.771746427465051,-0.771746427465051,-1.29881789430946,1.29881789430946,1.44658083074265,-1.44658083074265,1.02628181494309,-1.02628181494309,0.210318246295222,-0.210318246295222,-0.651627851818472,0.651627851818472,0.0681540242347051,-0.0681540242347051,-1.25293609798295,1.25293609798295,1.04354421452086,-1.04354421452086,-0.00989114820896726,0.00989114820896726,-0.92065948454939,0.92065948454939,-1.0804533851644,1.0804533851644,-0.109030227706273,0.109030227706273,-1.14489975378458,1.14489975378458,-0.448073533412851,0.448073533412851,0.56231018479881,-0.56231018479881,-0.750577117605964,0.750577117605964,-0.336108944191912,0.336108944191912,-0.788363936678198,0.788363936678198,1.48126229625687,-1.48126229625687,-0.431945809234463,0.431945809234463,1.05844943649076,-1.05844943649076,0.822265158650532,-0.822265158650532,-0.425739750360869,0.425739750360869,-1.56573858546162,1.56573858546162,1.3481777351452,-1.3481777351452,-1.45172055244062,1.45172055244062,0.431514610145441,-0.431514610145441,-0.448864450373555,0.448864450373555,0.178369542659295,-0.178369542659295,-0.595682612665089,0.595682612665089,-1.18706770478768,1.18706770478768,-1.55250500371083,1.55250500371083,-0.924820029216204,0.924820029216204,-0.173909351006606,0.173909351006606,1.66946646458309,-1.66946646458309,-0.0456628323519417,0.0456628323519417,1.68844774859217,-1.68844774859217,-0.562412690861907,0.562412690861907,-0.325504597673447,0.325504597673447,-0.168669141256774,0.168669141256774,1.77430844236805,-1.77430844236805,0.585944210726255,-0.585944210726255,-0.983602729951465,0.983602729951465,1.16429885282979,-1.16429885282979,-2.31543875950873,2.31543875950873,-0.111879462701512,0.111879462701512,-0.983323968300262,0.983323968300262,-0.496655285863229,0.496655285863229,-0.480444228120914,0.480444228120914,0.0716113532785343,-0.0716113532785343,0.49505869201035,-0.49505869201035,-0.303903841136617,0.303903841136617,0.363512126098677,-0.363512126098677,0.319507834726742,-0.319507834726742,-1.0065131932976,1.0065131932976,1.58679160771528,-1.58679160771528,-0.968787091209417,0.968787091209417,-0.248492575050195,0.248492575050195,0.0676156983214192,-0.0676156983214192,1.17326216712701,-1.17326216712701,0.701666703139847,-0.701666703139847,0.334417910699238,-0.334417910699238,-0.788363101375366,0.788363101375366,0.260916156499668,-0.260916156499668,-0.0830700665039668,0.0830700665039668,3.04265220715904,-3.04265220715904,0.0603036460332991,-0.0603036460332991,1.15149216769618,-1.15149216769618,1.5144811449693,-1.5144811449693,-2.54936051412331,2.54936051412331,1.62121346009055,-1.62121346009055,-0.984011889694448,0.984011889694448,1.32378260895037,-1.32378260895037,-2.39763306505329,2.39763306505329,-0.493232691466492,0.493232691466492,2.03186618862665,-2.03186618862665,-0.700526788886935,0.700526788886935,0.835704247534688,-0.835704247534688,-1.76031926065249,1.76031926065249,0.0368455036180242,-0.0368455036180242,1.29588676844606,-1.29588676844606,0.591137567306227,-0.591137567306227,-1.91511209902417,1.91511209902417,0.379596073634883,-0.379596073634883,-0.300335843230794,0.300335843230794,0.0627287350742141,-0.0627287350742141,0.182110205511769,-0.182110205511769,2.3114450504632,-2.3114450504632,-0.418434483649476,0.418434483649476,0.205583670564447,-0.205583670564447,0.955843110327493,-0.955843110327493,-1.47674210305582,1.47674210305582,-0.8836187570174,0.8836187570174,-2.0525305296987,2.0525305296987,-0.762761937398011,0.762761937398011,0.105363040932474,-0.105363040932474,-0.299342368598346,0.299342368598346,-1.33663154711648,1.33663154711648,-1.11489913506184,1.11489913506184,-0.303485252701429,0.303485252701429,0.985303279356154,-0.985303279356154,1.17543310540992,-1.17543310540992,-0.688538173144695,0.688538173144695,0.850765742686573,-0.850765742686573,-0.712946134554133,0.712946134554133,0.348106925080178,-0.348106925080178,1.29919763961795,-1.29919763961795,-1.282730793172,1.282730793172,0.392615193619464,-0.392615193619464,-0.596196538670701,0.596196538670701,-0.0363593693783057,0.0363593693783057,0.751893084492815,-0.751893084492815,-0.356051552319585,0.356051552319585,0.992853876028071,-0.992853876028071,0.144737491366144,-0.144737491366144,0.309157671432704,-0.309157671432704,-0.306384706728108,0.306384706728108,-1.20875441719447,1.20875441719447,-0.63469345792325,0.63469345792325,-1.40204620158887,1.40204620158887,-1.09947807081338,1.09947807081338,1.05044290718269,-1.05044290718269,-1.23670716720859,1.23670716720859,2.35041021989884,-2.35041021989884,-1.0223439387042,1.0223439387042,0.543337148430341,-0.543337148430341,-0.0988443802508184,0.0988443802508184,-0.871452920918972,0.871452920918972,-1.62570008501597,1.62570008501597,-0.123883819855886,0.123883819855886,-0.291664586818874,0.291664586818874,-0.29240942791524,0.29240942791524,-0.0703323238568667,0.0703323238568667,-0.412723860171483,0.412723860171483,-1.12032978387997,1.12032978387997,0.989199954441528,-0.989199954441528,1.43061154111948,-1.43061154111948,1.3024360958221,-1.3024360958221,-0.490034685744185,0.490034685744185,-0.675205742825981,0.675205742825981,1.93823416236099,-1.93823416236099,-1.47034550459156,1.47034550459156,-0.487326730212832,0.487326730212832,1.13117166524282,-1.13117166524282,-0.289474066919573,0.289474066919573,0.661633096429585,-0.661633096429585,0.258168141486236,-0.258168141486236,-0.808448491090398,0.808448491090398,0.800053992918883,-0.800053992918883,1.99529208179337,-1.99529208179337,-0.435600551722024,0.435600551722024,0.383661450172368,-0.383661450172368,-0.824156433172856,0.824156433172856,-0.817151627453499,0.817151627453499,0.400627241575949,-0.400627241575949,1.77899131760795,-1.77899131760795,-0.437737180392751,0.437737180392751,-0.628647868740546,0.628647868740546,-0.329877341864291,0.329877341864291,-1.35275994143715,1.35275994143715,1.01065441803805,-1.01065441803805,2.07722197013406,-2.07722197013406,0.651423803187516,-0.651423803187516,1.52452080981122,-1.52452080981122,-1.94386756446024,1.94386756446024,-0.705027392303835,0.705027392303835,0.371630931782511,-0.371630931782511,0.731899795033702,-0.731899795033702,1.06505017744744,-1.06505017744744,1.44059633699784,-1.44059633699784,-0.232047907837973,0.232047907837973,-1.38360200233519,1.38360200233519,0.384520390706623,-0.384520390706623,0.87876045610757,-0.87876045610757,-0.683147802201657,0.683147802201657,0.753498201461647,-0.753498201461647,-0.551855716505565,0.551855716505565,1.06212770074362,-1.06212770074362,1.77327057715857,-1.77327057715857,0.505059892591527,-0.505059892591527,-0.604986436222903,0.604986436222903,0.545043229798804,-0.545043229798804,1.16385197562302,-1.16385197562302,-1.167838657307,1.167838657307,0.690237201108764,-0.690237201108764,0.771527112021955,-0.771527112021955,-0.558615994023923,0.558615994023923,-2.02440556354256,2.02440556354256,1.14185777761162,-1.14185777761162,0.828529179192631,-0.828529179192631,-0.109193090453435,0.109193090453435,1.04204971316233,-1.04204971316233,0.0215837866195504,-0.0215837866195504,0.485982565068662,-0.485982565068662,0.0951280864086366,-0.0951280864086366,1.20204757770996,-1.20204757770996,-0.0157436722944477,0.0157436722944477,0.78890614843872,-0.78890614843872,1.2526690126718,-1.2526690126718,-0.604503709671537,0.604503709671537,-0.561664074153495,0.561664074153495,-0.187470375320539,0.187470375320539,0.922580379676413,-0.922580379676413,0.55685481964864,-0.55685481964864,1.45872075477065,-1.45872075477065,-1.02463898056367,1.02463898056367,0.638333411392139,-0.638333411392139,-1.13531976845388,1.13531976845388,-0.63058254416809,0.63058254416809,1.03027654785512,-1.03027654785512,-0.673007559929463,0.673007559929463,0.118562245108109,-0.118562245108109,0.162339295342579,-0.162339295342579,0.388481981348173,-0.388481981348173,-2.0980176011852,2.0980176011852,1.91587228790299,-1.91587228790299,-0.14339593257833,0.14339593257833,1.18859271850813,-1.18859271850813,-0.229625554437341,0.229625554437341,0.99385730384392,-0.99385730384392,-0.849342581794067,0.849342581794067,-0.277774177521035,0.277774177521035,-0.194538676768295,0.194538676768295,0.317734827111075,-0.317734827111075,-1.75714245713551,1.75714245713551,2.79282487264973,-2.79282487264973,-0.248478968942591,0.248478968942591,-1.04001799985832,1.04001799985832,-0.329164411417905,0.329164411417905,-0.460141797221206,0.460141797221206,-0.663236186632297,0.663236186632297,0.685634886853741,-0.685634886853741,-1.58421420566853,1.58421420566853,-0.295394096168053,0.295394096168053,-0.634602082775505,0.634602082775505,-0.713932911265683,0.713932911265683,-0.22983104127571,0.22983104127571,-0.533948943183983,0.533948943183983,0.197725382754991,-0.197725382754991,-0.0633292660835795,0.0633292660835795,0.438405526194871,-0.438405526194871,0.536799867199773,-0.536799867199773,0.746593709572992,-0.746593709572992,1.27680298322656,-1.27680298322656,-0.671259345240682,0.671259345240682,0.602039453083674,-0.602039453083674,1.00291853259902,-1.00291853259902,-0.44383875782278,0.44383875782278,-1.59625888353529,1.59625888353529,1.61004736740691,-1.61004736740691,0.166944761252312,-0.166944761252312,-0.665011998618228,0.665011998618228,0.331301477855723,-0.331301477855723,-2.00156050023252,2.00156050023252,0.323550298654763,-0.323550298654763,0.634234265816483,-0.634234265816483,0.311213317029748,-0.311213317029748,0.217815704493131,-0.217815704493131,-0.330330119307595,0.330330119307595,0.0665592983828754,-0.0665592983828754,0.563908624111355,-0.563908624111355,-0.356563864994669,0.356563864994669,-0.390549369170245,0.390549369170245,-0.504421824485383,0.504421824485383,1.54764401895372,-1.54764401895372,-0.682212940362388,0.682212940362388,0.910476808298978,-0.910476808298978,-1.55245287947578,1.55245287947578,-2.23333252069807,2.23333252069807,-0.758684648001686,0.758684648001686,0.322807237351645,-0.322807237351645,-0.27031738697873,0.27031738697873,0.166050169814738,-0.166050169814738,0.251270718038876,-0.251270718038876,-1.34632192880502,1.34632192880502,-0.405655619496559,0.405655619496559,1.14199690114162,-1.14199690114162,0.0631128040537621,-0.0631128040537621,1.83113505844931,-1.83113505844931,-0.560453470915694,0.560453470915694,1.7954325790796,-1.7954325790796,0.325445071107588,-0.325445071107588,0.170593844923356,-0.170593844923356,0.447712041157085,-0.447712041157085,-1.6110503860565,1.6110503860565,-0.635077027285244,0.635077027285244,0.646429521512274,-0.646429521512274,-0.344704393485031,0.344704393485031,-0.160730033439211,0.160730033439211,-1.02746002811522,1.02746002811522,0.231342621918932,-0.231342621918932,-1.63478040710071,1.63478040710071,-0.886584750177018,0.886584750177018,0.495353326550401,-0.495353326550401,-0.164424788774742,0.164424788774742,0.290470401508019,-0.290470401508019,-0.838977331870039,0.838977331870039,2.42693674275893,-2.42693674275893,-0.968426729280481,0.968426729280481,-0.58223723138351,0.58223723138351,0.359405942081823,-0.359405942081823,1.17840091521261,-1.17840091521261,0.120023366544916,-0.120023366544916,-0.051987284019604,0.051987284019604,-0.528844939662149,0.528844939662149,-1.50702117766427,1.50702117766427,-0.615970160845966,0.615970160845966,-1.35980712707927,1.35980712707927,-0.298504636444715,0.298504636444715,0.870850200318458,-0.870850200318458,-1.06158759000432,1.06158759000432,-0.636280253446052,0.636280253446052,-0.440117849952912,0.440117849952912,-1.8158271867138,1.8158271867138,-0.113456354931453,0.113456354931453,0.605364389375679,-0.605364389375679,-0.237300413946895,0.237300413946895,0.705416181646501,-0.705416181646501,0.252455528265284,-0.252455528265284,0.0914355799177115,-0.0914355799177115,0.319822339977159,-0.319822339977159,-0.202542594627156,0.202542594627156,-0.94574667265215,0.94574667265215,-0.352171664772728,0.352171664772728,1.27585216050319,-1.27585216050319,0.0729930919310832,-0.0729930919310832,1.49072831591599,-1.49072831591599,0.593507851223521,-0.593507851223521,1.25444885270586,-1.25444885270586,-1.80780459785296,1.80780459785296,2.7155731692803,-2.7155731692803,1.02185127740792,-1.02185127740792,1.30256342519616,-1.30256342519616,0.922494740844871,-0.922494740844871,0.735782304021122,-0.735782304021122,-0.770503692841566,0.770503692841566,-0.429099419321015,0.429099419321015,1.42432816688863,-1.42432816688863,1.77336568268419,-1.77336568268419,-0.345785884209954,0.345785884209954,0.668619034247971,-0.668619034247971,0.490874268658778,-0.490874268658778,-0.949915533135547,0.949915533135547,-0.491592668945351,0.491592668945351,0.817320401663601,-0.817320401663601,-1.01839323729483,1.01839323729483,0.826484425729795,-0.826484425729795,0.768376444751664,-0.768376444751664,-1.85743319586185,1.85743319586185,-1.47810766982092,1.47810766982092,-0.192649211380938,0.192649211380938,-0.0146321137963177,0.0146321137963177,-0.884242561301446,0.884242561301446,-1.68821901079978,1.68821901079978,-0.187220764634817,0.187220764634817,-0.0579808204987381,0.0579808204987381,-0.0272245051399118,0.0272245051399118,0.902463041700301,-0.902463041700301,-0.823010587249291,0.823010587249291,0.000804947784424311,-0.000804947784424311,0.136565110126707,-0.136565110126707,-0.721315517153561,0.721315517153561,-0.0122161064791837,0.0122161064791837,-0.0484687220206545,0.0484687220206545,1.26392850213614,-1.26392850213614,0.182318540380502,-0.182318540380502,0.158323989611512,-0.158323989611512,-1.5470237941547,1.5470237941547,0.841504221185202,-0.841504221185202,0.0499288991605315,-0.0499288991605315,-0.678111895321233,0.678111895321233,-0.522473576380648,0.522473576380648,0.0921281083653119,-0.0921281083653119,0.3293004118258,-0.3293004118258,-1.43077767710968,1.43077767710968,-0.011042210700393,0.011042210700393,-1.68012608804662,1.68012608804662,-1.3807759533823,1.3807759533823,-0.914997455309763,0.914997455309763,0.466452499598631,-0.466452499598631,-0.18171428706981,0.18171428706981,-1.07313835551523,1.07313835551523,0.801690508408102,-0.801690508408102,1.15157393900112,-1.15157393900112,-0.22953818849174,0.22953818849174,-1.86132934868617,1.86132934868617,-0.734965325115516,0.734965325115516,1.39862125789227,-1.39862125789227,1.03608709999437,-1.03608709999437,2.60630666892921,-2.60630666892921,1.06801726737063,-1.06801726737063,-0.259670423136482,0.259670423136482,0.971236897398906,-0.971236897398906,-1.28531823799217,1.28531823799217,-2.28069936218897,2.28069936218897,0.304084659722335,-0.304084659722335,-0.943246651893961,0.943246651893961,-0.349759572824086,0.349759572824086,-0.391805738880087,0.391805738880087,0.451827962552037,-0.451827962552037,-0.70286585905313,0.70286585905313,-2.00977703919796,2.00977703919796,0.840539918394106,-0.840539918394106,-0.337522902339206,0.337522902339206,1.04725833372328,-1.04725833372328,-0.193211780180537,0.193211780180537,2.35136528692864,-2.35136528692864,0.0158983900855767,-0.0158983900855767,-1.91700758720932,1.91700758720932,0.953144875326713,-0.953144875326713,-0.181174400937839,0.181174400937839,0.124259810429299,-0.124259810429299,-0.892755350600338,0.892755350600338,-0.647056944086553,0.647056944086553,-0.271819573565235,0.271819573565235,0.892326092721027,-0.892326092721027,-1.23636605949864,1.23636605949864,-0.650650871281066,0.650650871281066,1.17425894080479,-1.17425894080479,0.205835292760463,-0.205835292760463,0.871601488516853,-0.871601488516853,-0.3965250389659,0.3965250389659,-0.0373199783169723,0.0373199783169723,-1.54324143580387,1.54324143580387,-0.735049987096529,0.735049987096529,2.19521487750692,-2.19521487750692,1.40055983111606,-1.40055983111606,-0.243226876159073,0.243226876159073,0.564119102920453,-0.564119102920453,1.19115447238251,-1.19115447238251,0.55222394365945,-0.55222394365945,-1.0526256034661,1.0526256034661,0.259104497773605,-0.259104497773605,0.966756478833819,-0.966756478833819,-0.538485646669394,0.538485646669394,1.62527921445246,-1.62527921445246,-0.951359950833941,0.951359950833941,0.913868365712652,-0.913868365712652,1.25063328092949,-1.25063328092949,-1.14930283740005,1.14930283740005,0.878033985505021,-0.878033985505021,-0.789677628879919,0.789677628879919,-1.08694079097964,1.08694079097964,-1.11345761973398,1.11345761973398,-1.1099684575133,1.1099684575133,1.34976110868661,-1.34976110868661,1.99735073703899,-1.99735073703899,0.131189201376259,-0.131189201376259,0.533471377228263,-0.533471377228263,-0.385856465865381,0.385856465865381,-0.700406415223476,0.700406415223476,-0.189033559625103,0.189033559625103,0.778047196574579,-0.778047196574579,-1.59469015326393,1.59469015326393,0.261229899523399,-0.261229899523399,-0.22176958749748,0.22176958749748,-0.514040575341181,0.514040575341181,0.394363568618712,-0.394363568618712,-0.0785197336674158,0.0785197336674158,-0.455529864741358,0.455529864741358,0.78506739841372,-0.78506739841372,0.219716819384908,-0.219716819384908,-0.0273438872169242,0.0273438872169242,-0.213551202785552,0.213551202785552,1.94302042261047,-1.94302042261047,-0.604283040680438,0.604283040680438,-0.595001623573787,0.595001623573787,0.122317338126669,-0.122317338126669,1.47992496650984,-1.47992496650984,-0.53113284563247,0.53113284563247,-0.823535179991948,0.823535179991948,2.26023208627586,-2.26023208627586,1.29240919339636,-1.29240919339636,-1.12956744957795,1.12956744957795,0.887729066128174,-0.887729066128174,0.17589030877004,-0.17589030877004,-1.23532251819424,1.23532251819424,1.1248511979433,-1.1248511979433,1.12158065072463,-1.12158065072463,0.184820284820855,-0.184820284820855,0.251569996926913,-0.251569996926913,1.65764276845129,-1.65764276845129,1.75038662096268,-1.75038662096268,-0.256200845515865,0.256200845515865,-0.625990810986356,0.625990810986356,0.714415702554433,-0.714415702554433,-0.313596521452271,0.313596521452271,-0.124934647458261,0.124934647458261,0.929278214375544,-0.929278214375544,-0.864925879012585,0.864925879012585,1.3495829680221,-1.3495829680221,0.493395688602862,-0.493395688602862,0.0590214840957307,-0.0590214840957307,1.11488037818115,-1.11488037818115,1.35352704243485,-1.35352704243485,-1.4272705785713,1.4272705785713,1.13184450778205,-1.13184450778205,-0.418266354262439,0.418266354262439,-0.30448565514867,0.30448565514867,-1.28015951813475,1.28015951813475,-0.196494764529376,0.196494764529376,-1.60079439473642,1.60079439473642,0.761668082506593,-0.761668082506593,-0.739647283985675,0.739647283985675,-1.06825612597388,1.06825612597388,-0.494131569856453,0.494131569856453,-1.31052576734441,1.31052576734441,1.94434130201012,-1.94434130201012,-0.512537420044321,0.512537420044321,-0.995034077815881,0.995034077815881,-0.657556725649778,0.657556725649778,-0.13154533235099,0.13154533235099,1.03471866474127,-1.03471866474127,-0.145215332586182,0.145215332586182,1.23192540735688,-1.23192540735688,-0.0595815497808428,0.0595815497808428,-0.0868573166011452,0.0868573166011452,-0.277545941237546,0.277545941237546,0.157094875399996,-0.157094875399996,0.188314611314405,-0.188314611314405,-0.274579771089852,0.274579771089852,-0.354835993576172,0.354835993576172,1.92629722990132,-1.92629722990132,0.958073196745306,-0.958073196745306,0.181150183209696,-0.181150183209696,0.423859165388861,-0.423859165388861,-0.952294053800613,0.952294053800613,-0.425855605820745,0.425855605820745,0.224099335272243,-0.224099335272243,-2.60835739635658,2.60835739635658,0.353963213656586,-0.353963213656586,-0.995798373690218,0.995798373690218,-3.10913466604563,3.10913466604563,-0.181126084779515,0.181126084779515,-2.27664976051722,2.27664976051722,0.855083914347494,-0.855083914347494,1.80327393241969,-1.80327393241969,0.532572932832055,-0.532572932832055,0.365796235743731,-0.365796235743731,0.0490781723043013,-0.0490781723043013,-2.23641530744238,2.23641530744238,0.262747372347395,-0.262747372347395,0.134361374940669,-0.134361374940669,1.34459712075037,-1.34459712075037,0.680718938955844,-0.680718938955844,-0.543245335871702,0.543245335871702,-1.51869754635188,1.51869754635188,1.06568127152691,-1.06568127152691,2.31391956337764,-2.31391956337764,-0.706389561375822,0.706389561375822,-0.879858226601306,0.879858226601306,0.413873880766412,-0.413873880766412,0.0876402373612062,-0.0876402373612062,-0.629277490172086,0.629277490172086,1.36459396808285,-1.36459396808285,-0.273743644440977,0.273743644440977,-0.444216019707936,0.444216019707936,0.524384653390739,-0.524384653390739,-1.47234976052594,1.47234976052594,-1.19926005287991,1.19926005287991,-0.220078722589095,0.220078722589095,1.13818756412846,-1.13818756412846,0.0815946531137123,-0.0815946531137123,0.308036960377804,-0.308036960377804,-1.12269021905225,1.12269021905225,-0.626209328689328,0.626209328689328,0.122787661041043,-0.122787661041043,1.24286828389313,-1.24286828389313,0.0858124531285935,-0.0858124531285935,0.842932598763594,-0.842932598763594,-0.0974691092259841,0.0974691092259841,-1.12860652458585,1.12860652458585,1.02380388194973,-1.02380388194973,0.320989856110629,-0.320989856110629,0.11334409743331,-0.11334409743331,-2.39781445424719,2.39781445424719,1.00882322931782,-1.00882322931782,0.30408059967705,-0.30408059967705,-3.4444696975236,3.4444696975236,0.255964588528079,-0.255964588528079,0.278215519056217,-0.278215519056217,0.265259419077419,-0.265259419077419,-0.755366244678735,0.755366244678735,1.32792744320337,-1.32792744320337,0.124337141298299,-0.124337141298299,1.37904590996534,-1.37904590996534,-0.291890459897611,0.291890459897611,0.536732853897037,-0.536732853897037,-1.04712356989713,1.04712356989713,2.4812468082387,-2.4812468082387,0.21929980159407,-0.21929980159407,-0.102087671583979,0.102087671583979,0.485887924662117,-0.485887924662117,1.30848431564927,-1.30848431564927,0.324249548306444,-0.324249548306444,-0.983877110721059,0.983877110721059,-0.406894000765583,0.406894000765583,-1.28790183033779,1.28790183033779,0.409684534864273,-0.409684534864273,-0.791721617108794,0.791721617108794,1.91793639267643,-1.91793639267643,-1.19385933201134,1.19385933201134,-0.370476998159862,0.370476998159862,3.45077597540512,-3.45077597540512,0.821714085306684,-0.821714085306684,-0.280933242968117,0.280933242968117,1.29269551490148,-1.29269551490148,-0.106433019759521,0.106433019759521,0.858318767568992,-0.858318767568992,-0.19663747005238,0.19663747005238,0.66113638459051,-0.66113638459051,0.361409838765957,-0.361409838765957,-0.100288132549625,0.100288132549625,0.147211373626765,-0.147211373626765,-0.0483289255090557,0.0483289255090557,2.3416450698548,-2.3416450698548,0.169155313009132,-0.169155313009132,-0.532305386509049,0.532305386509049,2.51628547941758,-2.51628547941758,-0.326610068113293,0.326610068113293,0.879997383209677,-0.879997383209677,-1.77651592597407,1.77651592597407,2.24550591783952,-2.24550591783952,1.48323112857311,-1.48323112857311,-0.0447429376554019,0.0447429376554019,1.96584113482805,-1.96584113482805,-0.342295325482674,0.342295325482674,-0.165538687327167,0.165538687327167,0.586491894008762,-0.586491894008762,-0.799307314064,0.799307314064,-0.528586647183533,0.528586647183533,-0.225644235752262,0.225644235752262,-0.501534473445269,0.501534473445269,0.420133720467924,-0.420133720467924,-0.628857480502352,0.628857480502352,-1.7227769912329,1.7227769912329,0.639691581551081,-0.639691581551081,1.1623857850911,-1.1623857850911,-0.477479463231216,0.477479463231216,-1.85957669787321,1.85957669787321,-0.6500975546054,0.6500975546054,-0.0227384145113558,0.0227384145113558,-0.155405133564797,0.155405133564797,-1.07714632811303,1.07714632811303,0.0497760443966413,-0.0497760443966413,0.0306342939124944,-0.0306342939124944,-1.30703125315133,1.30703125315133,0.518983913455471,-0.518983913455471,-0.165988764193126,0.165988764193126,0.0629026861296039,-0.0629026861296039,-0.959440923995153,0.959440923995153,1.12396100148587,-1.12396100148587,-0.647040032890224,0.647040032890224,-2.36282161515772,2.36282161515772,-1.35548115613399,1.35548115613399,0.516014032240249,-0.516014032240249,-0.190526903531951,0.190526903531951,-0.781283786651028,0.781283786651028,1.14900420186414,-1.14900420186414,-2.16325736990025,2.16325736990025,-1.81335171110187,1.81335171110187,1.76502383312564,-1.76502383312564,0.402363797234059,-0.402363797234059,1.59395660585499,-1.59395660585499,-0.483269501158545,0.483269501158545,-0.566416352267696,0.566416352267696,-1.47262706005019,1.47262706005019,1.00592263880709,-1.00592263880709,-0.132531890688061,0.132531890688061,-0.0791588596451124,0.0791588596451124,1.02509005856146,-1.02509005856146,-0.371330484050969,0.371330484050969,-0.367042406769598,0.367042406769598,-1.53612408690688,1.53612408690688,-1.81955642687836,1.81955642687836,1.05857720633695,-1.05857720633695,0.630603665983233,-0.630603665983233,1.26524964553838,-1.26524964553838,-1.12604895871333,1.12604895871333,-0.532674686155453,0.532674686155453,0.0495489599776651,-0.0495489599776651,-0.589242669373239,0.589242669373239,0.622156697550771,-0.622156697550771,0.289105283613081,-0.289105283613081,-0.980307616812705,0.980307616812705,-0.123907208634647,0.123907208634647,-1.08857086093321,1.08857086093321,-1.09205390299819,1.09205390299819,0.754329162116056,-0.754329162116056,0.728744697938898,-0.728744697938898,-2.31245696815471,2.31245696815471,1.18852725314343,-1.18852725314343,-0.198201791349463,0.198201791349463,0.332689475530222,-0.332689475530222,-0.92088371822357,0.92088371822357,-0.738406255780801,0.738406255780801,0.167169866005919,-0.167169866005919,-0.8805728495002,0.8805728495002,0.454013048747881,-0.454013048747881,-0.452421589357917,0.452421589357917,2.08083404350005,-2.08083404350005,0.255834618421297,-0.255834618421297,0.247668155088613,-0.247668155088613,0.925426990000228,-0.925426990000228,0.41815777391326,-0.41815777391326,1.35120189028582,-1.35120189028582,0.639754530963464,-0.639754530963464,-3.2007063647984,3.2007063647984,-0.8673933523356,0.8673933523356,-0.548812250327453,0.548812250327453,1.56625914991939,-1.56625914991939,-0.591236516655201,0.591236516655201,0.438236902052831,-0.438236902052831,0.498297855420458,-0.498297855420458,-1.45494928381535,1.45494928381535,1.50936063270738,-1.50936063270738,1.04331930074922,-1.04331930074922,-0.315541984370218,0.315541984370218,1.34462427485615,-1.34462427485615,-0.0259868409417703,0.0259868409417703,-1.21609722705144,1.21609722705144,-2.11341184463417,2.11341184463417,-0.097779078824679,0.097779078824679,-0.176619010750478,0.176619010750478,-1.6081274367439,1.6081274367439,-0.0114373116875487,0.0114373116875487,0.110425528127129,-0.110425528127129,-0.65355034441752,0.65355034441752,1.9621961747884,-1.9621961747884,-1.38890245456311,1.38890245456311,0.554201944928049,-0.554201944928049,1.0764741921876,-1.0764741921876,-0.011533198409908,0.011533198409908,-0.662890450302498,0.662890450302498,0.052246490921831,-0.052246490921831,0.762100255306938,-0.762100255306938,0.789063359099509,-0.789063359099509,0.985616777519048,-0.985616777519048,-0.162144422320559,0.162144422320559,2.41256694345727,-2.41256694345727,-0.175613821954206,0.175613821954206,-1.61621016808229,1.61621016808229,-0.813242221562349,0.813242221562349,-0.136179554983389,0.136179554983389,-0.593764134235271,0.593764134235271,1.03083418793951,-1.03083418793951,-0.87033768834684,0.87033768834684,0.18032811895948,-0.18032811895948,1.27810119225051,-1.27810119225051,-1.04860022826264,1.04860022826264,-1.38090176326056,1.38090176326056,2.52453428986512,-2.52453428986512,1.7399055777058,-1.7399055777058,-0.421985128860576,0.421985128860576,-1.84731055151803,1.84731055151803,-0.145323001332004,0.145323001332004,-0.953164092276572,0.953164092276572,-0.324638413492869,0.324638413492869,-0.766166780722257,0.766166780722257,0.485925737737219,-0.485925737737219,-0.17704444642282,0.17704444642282,-0.445850944574652,0.445850944574652,0.723033334684039,-0.723033334684039,-0.967317280075837,0.967317280075837,-0.890516523996417,0.890516523996417,-0.266903158161264,0.266903158161264,0.486626253134857,-0.486626253134857,1.12390058216148,-1.12390058216148,-0.665148367094659,0.665148367094659,-0.622428134063348,0.622428134063348,0.117693067321891,-0.117693067321891,0.445656095667761,-0.445656095667761,0.568419175638723,-0.568419175638723,-0.147065380265072,0.147065380265072,-1.09575679154538,1.09575679154538,0.333530533884926,-0.333530533884926,0.444715100795071,-0.444715100795071,0.00297784670380623,-0.00297784670380623,-0.325422151443995,0.325422151443995,-0.77382253024833,0.77382253024833,0.836772038462916,-0.836772038462916,-1.73550879634368,1.73550879634368,0.189459104826469,-0.189459104826469,0.133076925297137,-0.133076925297137,-1.26544893430509,1.26544893430509,-0.842819482295128,0.842819482295128,-0.996895548338407,0.996895548338407,-0.63767026160549,0.63767026160549,0.305471412951407,-0.305471412951407,0.985623996035526,-0.985623996035526,0.154070302150053,-0.154070302150053,-0.270801129444403,0.270801129444403,0.0215748675059984,-0.0215748675059984,0.733967537156674,-0.733967537156674,-1.84946526892097,1.84946526892097,-0.911320569768715,0.911320569768715,1.58080085340524,-1.58080085340524,-0.227362788749882,0.227362788749882,-0.524701831472822,0.524701831472822,0.375169947698457,-0.375169947698457,-1.12641613593792,1.12641613593792,0.385756955436034,-0.385756955436034,0.631102283861456,-0.631102283861456,1.81071531245085,-1.81071531245085,-0.8907963646828,0.8907963646828,-0.504544254894971,0.504544254894971,1.38780296351377,-1.38780296351377,-0.41575173188829,0.41575173188829,0.240758065484998,-0.240758065484998,0.151550433339476,-0.151550433339476,0.336456966943595,-0.336456966943595,-0.800105272430628,0.800105272430628,-0.929996819962929,0.929996819962929,0.278767562763238,-0.278767562763238,1.43902026988589,-1.43902026988589,-0.0168249484823988,0.0168249484823988,-0.466350178251872,0.466350178251872,0.898705659692283,-0.898705659692283,0.560907623673098,-0.560907623673098,-0.0573206054272537,0.0573206054272537,-2.21807492615875,2.21807492615875,1.41919090239719,-1.41919090239719,0.0882167586556081,-0.0882167586556081,-0.260114791130367,0.260114791130367,0.442564055557667,-0.442564055557667,0.0244239211352845,-0.0244239211352845,-0.986084390503424,0.986084390503424,1.20859345549165,-1.20859345549165,1.42038845998366,-1.42038845998366,2.10476120444252,-2.10476120444252,1.86564741543564,-1.86564741543564,-0.0201425737536464,0.0201425737536464,-1.13955162898879,1.13955162898879,-1.29077708648385,1.29077708648385,-1.58993390413184,1.58993390413184,1.21422072205766,-1.21422072205766,0.053726268568653,-0.053726268568653,-0.0672015377004629,0.0672015377004629,-0.187719667511921,0.187719667511921,0.825759212542403,-0.825759212542403,0.0830081636364868,-0.0830081636364868,-0.748299547065392,0.748299547065392,-1.436935477324,1.436935477324,-1.93000389072639,1.93000389072639,0.294573627627957,-0.294573627627957,-3.0830102084565,3.0830102084565,-1.47750569161277,1.47750569161277,1.63123059344323,-1.63123059344323,-0.170529464012974,0.170529464012974,-0.238481630066012,0.238481630066012,1.39656401823807,-1.39656401823807,0.183360297852484,-0.183360297852484,0.947117996326874,-0.947117996326874,-1.14364340937694,1.14364340937694,0.591687898573071,-0.591687898573071,-1.00105711674922,1.00105711674922,-2.4834866212733,2.4834866212733,0.930590339741033,-0.930590339741033,-0.060159687998277,0.060159687998277,0.470907772807412,-0.470907772807412,-2.11483111509702,2.11483111509702,-0.419978071312305,0.419978071312305,-0.715623625017107,0.715623625017107,-0.298625219971624,0.298625219971624,-0.138586024466371,0.138586024466371,-1.43658026503379,1.43658026503379,0.55583018276593,-0.55583018276593,0.326381908386545,-0.326381908386545,-1.18891864329999,1.18891864329999,-0.394864362210916,0.394864362210916,1.95849742383015,-1.95849742383015,1.8700926837529,-1.8700926837529,-0.771994937894106,0.771994937894106,-0.0764071567052013,0.0764071567052013,0.315784690436673,-0.315784690436673,-1.38114267147387,1.38114267147387,0.414007525768859,-0.414007525768859,0.934283109449661,-0.934283109449661,-0.278404525348246,0.278404525348246,-2.1076089121924,2.1076089121924,1.55537939455104,-1.55537939455104,0.30969656859719,-0.30969656859719,-0.528867556614652,0.528867556614652,-0.79586003433156,0.79586003433156,0.217104023347443,-0.217104023347443,0.611698625353347,-0.611698625353347,0.129603086502064,-0.129603086502064,0.50438322011917,-0.50438322011917,-0.921637776399234,0.921637776399234,-0.0864308350010206,0.0864308350010206,-0.595411586757058,0.595411586757058,-1.49411845573622,1.49411845573622,0.322082193433324,-0.322082193433324,-0.752278544682856,0.752278544682856,0.320668522273014,-0.320668522273014,0.259290869682534,-0.259290869682534,-0.131099935723952,0.131099935723952,0.333307522574065,-0.333307522574065,0.27045610901756,-0.27045610901756,0.478656081651683,-0.478656081651683,-2.04406410924664,2.04406410924664,0.188466570364413,-0.188466570364413,-0.920548873885656,0.920548873885656,-0.84478948007489,0.84478948007489,0.831722260026096,-0.831722260026096,-0.153636788088507,0.153636788088507,0.840399695887413,-0.840399695887413,-0.580976785237739,0.580976785237739,-0.261479712796284,0.261479712796284,-0.434102443510665,0.434102443510665,-0.0997145176429543,0.0997145176429543,0.831795267607521,-0.831795267607521,-0.135557368101744,0.135557368101744,0.171527128826997,-0.171527128826997,-1.85314692644958,1.85314692644958,0.803394205860449,-0.803394205860449,0.301307925558206,-0.301307925558206,0.781161781418454,-0.781161781418454,1.10250302285697,-1.10250302285697,-0.357654216042042,0.357654216042042,1.65276745643991,-1.65276745643991,-1.15122949073827,1.15122949073827,0.611105586395008,-0.611105586395008,-0.532279278299179,0.532279278299179,0.012813344320314,-0.012813344320314,0.721535717404744,-0.721535717404744,-0.967780163933419,0.967780163933419,0.875012234499174,-0.875012234499174,-2.77320748496867,2.77320748496867,-0.56522118515727,0.56522118515727,-1.27437371247826,1.27437371247826,-0.468379580137465,0.468379580137465,-2.82806480278353,2.82806480278353,1.52638240070029,-1.52638240070029,0.406585656245338,-0.406585656245338,-0.254631749918835,0.254631749918835,0.661229824720081,-0.661229824720081,0.528834125132884,-0.528834125132884,-0.778160999023997,0.778160999023997,1.1848356890657,-1.1848356890657,-0.328863949246358,0.328863949246358,1.40886843275099,-1.40886843275099,-1.14089668638633,1.14089668638633,0.0184224187630097,-0.0184224187630097,-0.145385297966747,0.145385297966747,-1.32947241465596,1.32947241465596,0.0155104704796098,-0.0155104704796098,0.839062270700141,-0.839062270700141,-0.908368804008203,0.908368804008203,-0.680703097033645,0.680703097033645,-1.49010616481325,1.49010616481325,-0.707382083316933,0.707382083316933,-0.377705815541482,0.377705815541482,1.07686292704354,-1.07686292704354,1.35256148204972,-1.35256148204972,1.28725734837888,-1.28725734837888,0.125105641817641,-0.125105641817641,2.19440901448934,-2.19440901448934,-0.0469583789274392,0.0469583789274392,-0.118914187245602,0.118914187245602,0.837020868445168,-0.837020868445168,-1.07207108227685,1.07207108227685,-0.433935351530918,0.433935351530918,-0.798167696011733,0.798167696011733,0.0558891549702099,-0.0558891549702099,-0.0938764628548249,0.0938764628548249,-0.106004637902801,0.106004637902801,-0.223917193502631,0.223917193502631,-0.203891102510168,0.203891102510168,0.378990797593836,-0.378990797593836,-0.0964351138274299,0.0964351138274299,0.405598800540454,-0.405598800540454,-1.53480616444174,1.53480616444174,-0.491319228470119,0.491319228470119,-0.265280134911896,0.265280134911896,1.37395745954963,-1.37395745954963,0.245456505761353,-0.245456505761353,2.37016556739797,-2.37016556739797,0.912647826773348,-0.912647826773348,-0.578309320354988,0.578309320354988,-1.28430649323162,1.28430649323162,0.282146089285444,-0.282146089285444,-0.352820302010564,0.352820302010564,-1.36061706205116,1.36061706205116,-0.0313672049445255,0.0313672049445255,-1.13526376489479,1.13526376489479,0.604018710979456,-0.604018710979456,0.160875606123285,-0.160875606123285,-1.070021731675,1.070021731675,-1.21874094373095,1.21874094373095,-0.242245352530198,0.242245352530198,0.608362221464341,-0.608362221464341,1.53110907881734,-1.53110907881734,-0.514173104867547,0.514173104867547,0.846118121069931,-0.846118121069931,1.21206562029445,-1.21206562029445,0.499297876204723,-0.499297876204723,0.278478128557467,-0.278478128557467,-1.01908355032536,1.01908355032536,0.998542344788954,-0.998542344788954,0.58488037921721,-0.58488037921721,-0.208391526268349,0.208391526268349,-0.742639441665003,0.742639441665003,1.51073387462527,-1.51073387462527,0.106831684784074,-0.106831684784074,-0.494310400963415,0.494310400963415,2.09198695472745,-2.09198695472745,-1.17532645500973,1.17532645500973,0.50769251804681,-0.50769251804681,0.0614634397468669,-0.0614634397468669,2.10116775672814,-2.10116775672814,0.528687685881501,-0.528687685881501,-0.17559989259203,0.17559989259203,-1.76396358251223,1.76396358251223,1.08058226490166,-1.08058226490166,0.352552332789508,-0.352552332789508,0.714693900832411,-0.714693900832411,0.452298301200288,-0.452298301200288,-1.17241777917689,1.17241777917689,-0.198970816406751,0.198970816406751,0.591663076820245,-0.591663076820245,2.10292024130092,-2.10292024130092,-0.983083384049908,0.983083384049908,-1.14050908598573,1.14050908598573,0.557755167641544,-0.557755167641544,0.375015767266556,-0.375015767266556,-0.875092909839772,0.875092909839772,-0.241826054401488,0.241826054401488,0.244595530303707,-0.244595530303707,-1.19304616200963,1.19304616200963,0.661195351469291,-0.661195351469291,0.620692352234691,-0.620692352234691,1.51565780103431,-1.51565780103431,0.458524988742731,-0.458524988742731,-2.99397025562501,2.99397025562501,0.163434926488167,-0.163434926488167,0.941284960120873,-0.941284960120873,0.797253193361114,-0.797253193361114,0.937338412251205,-0.937338412251205,-0.193379177426445,0.193379177426445,-0.671963069168997,0.671963069168997,-0.65652899661294,0.65652899661294,1.12653164816044,-1.12653164816044,0.223177415783335,-0.223177415783335,-0.640897846609182,0.640897846609182,0.551306441525795,-0.551306441525795,-0.929513072590162,0.929513072590162,-0.026914165123582,0.026914165123582,0.797299612284886,-0.797299612284886,-0.31145827790098,0.31145827790098,0.383541396641719,-0.383541396641719,-0.238575536809506,0.238575536809506,-1.11482875608722,1.11482875608722,0.874425891038682,-0.874425891038682,0.755301916908974,-0.755301916908974,0.668470813440033,-0.668470813440033,-0.805850234139287,0.805850234139287,0.397690230453151,-0.397690230453151,1.73578768745866,-1.73578768745866,0.787047874140427,-0.787047874140427,1.41508224941456,-1.41508224941456,0.843549808693224,-0.843549808693224,-1.11429870008872,1.11429870008872,-1.02179350512857,1.02179350512857,-1.39787326772059,1.39787326772059,0.146350588678621,-0.146350588678621,-0.739683403070392,0.739683403070392,0.50836381710834,-0.50836381710834,0.256069495397003,-0.256069495397003,0.117260800445408,-0.117260800445408,-0.823866192497972,0.823866192497972,-0.115262036648875,0.115262036648875,-1.80692674290753,1.80692674290753,0.112024644097384,-0.112024644097384,-0.447839066290155,0.447839066290155,0.446361686559074,-0.446361686559074,0.478407492405239,-0.478407492405239,0.629678344536882,-0.629678344536882,-0.496760689044482,0.496760689044482,-0.72805783787117,0.72805783787117,1.10981837412786,-1.10981837412786,1.09009712791442,-1.09009712791442,0.557973692466244,-0.557973692466244,2.38892934573692,-2.38892934573692,-0.823540679557561,0.823540679557561,-1.78056260682986,1.78056260682986,1.16767232028364,-1.16767232028364,0.884602195645834,-0.884602195645834,-0.35268243902659,0.35268243902659,0.1349558767657,-0.1349558767657,-0.575683722335004,0.575683722335004,0.0874209895004476,-0.0874209895004476,0.357887148313333,-0.357887148313333,-0.958780063548992,0.958780063548992,2.12016042997148,-2.12016042997148,-0.270830827040618,0.270830827040618,0.328739602746284,-0.328739602746284,-0.0468506961076781,0.0468506961076781,0.458161708201455,-0.458161708201455,-0.0223578241696475,0.0223578241696475,-1.71710069705001,1.71710069705001,0.281012381772841,-0.281012381772841,-0.40300024106043,0.40300024106043,-0.437584235196384,0.437584235196384,0.693215551788431,-0.693215551788431,-0.0130567976693318,0.0130567976693318,0.491981911349596,-0.491981911349596,-0.24862397573602,0.24862397573602,2.05041551439723,-2.05041551439723,0.435874868483642,-0.435874868483642,-0.912654984771499,0.912654984771499,0.580503662585143,-0.580503662585143,-0.280934311331588,0.280934311331588,-1.40758418581842,1.40758418581842,0.184853761616759,-0.184853761616759,-1.29575021175168,1.29575021175168,0.598720654071526,-0.598720654071526,1.26896396473265,-1.26896396473265,-0.209187683428081,0.209187683428081,-0.258007481778836,0.258007481778836,-0.371820659047671,0.371820659047671,-0.984268816373634,0.984268816373634,-0.367260461325275,0.367260461325275,0.392847203546574,-0.392847203546574,-0.354747144855492,0.354747144855492,-0.649886137996344,0.649886137996344,0.337833040138504,-0.337833040138504,0.823016419133589,-0.823016419133589,-1.09291187014555,1.09291187014555,0.390650524230483,-0.390650524230483,-0.367283889258321,0.367283889258321,0.663424232304549,-0.663424232304549,-0.715666904109074,0.715666904109074,1.85461134081202,-1.85461134081202,-0.133064764378187,0.133064764378187,-0.958367968592112,0.958367968592112,0.585444467503812,-0.585444467503812,-1.76254430636331,1.76254430636331,0.87294588744877,-0.87294588744877,1.86003757556627,-1.86003757556627,0.0583862827755652,-0.0583862827755652,1.68306886198941,-1.68306886198941,-0.204942124391461,0.204942124391461,-0.844427558638124,0.844427558638124,-0.239895207957789,0.239895207957789,-2.86645423240517,2.86645423240517,-0.127831347237274,0.127831347237274,-0.694969215452118,0.694969215452118,0.472716240316822,-0.472716240316822,0.44071623201783,-0.44071623201783,-1.35783354254283,1.35783354254283,0.378721637891512,-0.378721637891512,0.173900056315309,-0.173900056315309,0.99489571651922,-0.99489571651922,1.55730970657231,-1.55730970657231,-0.777871719568669,0.777871719568669,1.35775893567744,-1.35775893567744,-0.623841757254876,0.623841757254876,-0.517181376069915,0.517181376069915,-0.0673106585846774,0.0673106585846774,0.916535126878134,-0.916535126878134,-0.241498160823784,0.241498160823784,-1.01882511405926,1.01882511405926,-0.233497649318263,0.233497649318263,1.33983960201269,-1.33983960201269,-0.967083987082961,0.967083987082961,-1.40684570495696,1.40684570495696,0.285627355247041,-0.285627355247041,-0.427681111127817,0.427681111127817,-0.261062127201191,0.261062127201191,-1.67710594509359,1.67710594509359,0.392710319876528,-0.392710319876528,0.662757747052276,-0.662757747052276,0.472485712536743,-0.472485712536743,1.66555998222954,-1.66555998222954,-1.22002139443436,1.22002139443436,0.606838568544035,-0.606838568544035,-2.04235854091082,2.04235854091082,1.30040289258866,-1.30040289258866,-1.2097621711764,1.2097621711764,0.618903775936955,-0.618903775936955,0.0586220203380876,-0.0586220203380876,0.269041975347371,-0.269041975347371,0.348520700881943,-0.348520700881943,-0.239550073554168,0.239550073554168,-0.975348902376796,0.975348902376796,1.16886310828121,-1.16886310828121,1.15404445515344,-1.15404445515344,0.573945522376238,-0.573945522376238,1.45709492120487,-1.45709492120487,-1.5219917237756,1.5219917237756,-1.47407773781299,1.47407773781299,-1.74756722938151,1.74756722938151,-1.90597120591778,1.90597120591778,0.523166982771278,-0.523166982771278,-0.962372509816623,0.962372509816623,0.928115039343494,-0.928115039343494,0.809520088546414,-0.809520088546414,1.22077038929903,-1.22077038929903,0.309063514599594,-0.309063514599594,-0.467495166961481,0.467495166961481,-0.850194187390462,0.850194187390462,0.0759291452707412,-0.0759291452707412,-0.423855821414556,0.423855821414556,-0.32773276756475,0.32773276756475,-0.385205911029063,0.385205911029063,0.500334894181644,-0.500334894181644,-0.33751298086226,0.33751298086226,0.954721330880971,-0.954721330880971,-1.61323496981331,1.61323496981331,-0.472888604808168,0.472888604808168,1.04037191666749,-1.04037191666749,0.43233456056415,-0.43233456056415,-1.34577215638429,1.34577215638429,-0.449596118116329,0.449596118116329,-1.02437597379542,1.02437597379542,1.74760193506918,-1.74760193506918,-0.111433733166455,0.111433733166455,-0.263561470230687,0.263561470230687,0.0734930426853007,-0.0734930426853007,0.277296653224585,-0.277296653224585,0.385478599596885,-0.385478599596885,0.416431936938309,-0.416431936938309,0.593013704401137,-0.593013704401137,0.338845094875616,-0.338845094875616,0.732559868563491,-0.732559868563491,1.71124423162897,-1.71124423162897,1.68200231543833,-1.68200231543833,0.376851519675072,-0.376851519675072,-0.642434877758829,0.642434877758829,-0.801793102830451,0.801793102830451,0.515615553933107,-0.515615553933107,-0.362115084028101,0.362115084028101,-1.72387481647888,1.72387481647888,0.136631921397099,-0.136631921397099,-0.588440212870315,0.588440212870315,-0.424388400245605,0.424388400245605,1.55696092795079,-1.55696092795079,-0.505602434695571,0.505602434695571,1.06174465094565,-1.06174465094565,-1.22010968743885,1.22010968743885,-0.278954747377983,0.278954747377983,1.72704230190508,-1.72704230190508,0.695354067771027,-0.695354067771027,-1.26522642376919,1.26522642376919,-0.627968974139892,0.627968974139892,1.26722900352888,-1.26722900352888,0.633482833185385,-0.633482833185385,1.80466147925723,-1.80466147925723,0.861458986202348,-0.861458986202348,-0.564226280125991,0.564226280125991,1.43668433597904,-1.43668433597904,1.44027629508389,-1.44027629508389,-0.806935895866977,0.806935895866977,1.13095236515912,-1.13095236515912,0.695720641649476,-0.695720641649476,-1.71891941312396,1.71891941312396,-0.948335207906122,0.948335207906122,-0.66987644869858,0.66987644869858,-0.0392905109791824,0.0392905109791824,-0.176130881707643,0.176130881707643,1.40193196157286,-1.40193196157286,0.709973285762744,-0.709973285762744,-1.09972092930076,1.09972092930076,-0.475454831045027,0.475454831045027,1.03906102391831,-1.03906102391831,2.06085683096784,-2.06085683096784,1.17521938161895,-1.17521938161895,1.08301736808202,-1.08301736808202,-0.61267252036665,0.61267252036665,1.02337184257436,-1.02337184257436,0.186070626359789,-0.186070626359789,-0.219280219769646,0.219280219769646,0.945987772338554,-0.945987772338554,-1.17671150074415,1.17671150074415,0.0292356891696163,-0.0292356891696163,-1.73925059105661,1.73925059105661,0.348067736504718,-0.348067736504718,-0.322821219869221,0.322821219869221,-0.447062949407506,0.447062949407506,0.920447688862508,-0.920447688862508,0.0892558046814244,-0.0892558046814244,0.185697330962162,-0.185697330962162,-0.294928771073542,0.294928771073542,1.39470926322194,-1.39470926322194,0.00886981397915497,-0.00886981397915497,-0.637604235261989,0.637604235261989,-0.394970274123549,0.394970274123549,-1.04470547493039,1.04470547493039,0.713022555213161,-0.713022555213161,-0.353828190086911,0.353828190086911,0.456787405707288,-0.456787405707288,1.72732652495238,-1.72732652495238,-0.304265960748078,0.304265960748078,0.237370167555497,-0.237370167555497,0.736449772115408,-0.736449772115408,-0.00617611232932732,0.00617611232932732,-0.445172812403784,0.445172812403784,0.445062629503094,-0.445062629503094,-0.385922414086283,0.385922414086283,-0.319030536611469,0.319030536611469,0.243879831795036,-0.243879831795036,-0.065344646334069,0.065344646334069,1.4792928343545,-1.4792928343545,-0.175215128750592,0.175215128750592,-0.180608992039883,0.180608992039883,-0.608185019700239,0.608185019700239,0.192884571215167,-0.192884571215167,-0.614733114799384,0.614733114799384,-0.737691464856339,0.737691464856339,0.767788792072925,-0.767788792072925,-1.47983601948884,1.47983601948884,0.0273919217446512,-0.0273919217446512,0.55494905630786,-0.55494905630786,0.503798086246034,-0.503798086246034,-0.030481534654022,0.030481534654022,-1.02481616263645,1.02481616263645,-0.999764022275875,0.999764022275875,0.866188569279159,-0.866188569279159,0.908539239328287,-0.908539239328287,-0.930495795531499,0.930495795531499,1.83628701203682,-1.83628701203682,0.422096796241425,-0.422096796241425,0.102258429168383,-0.102258429168383,-0.157171502034937,0.157171502034937,-0.169492933912277,0.169492933912277,-1.27630197526833,1.27630197526833,-1.00303066715119,1.00303066715119,-0.548309077152652,0.548309077152652,1.21636052981412,-1.21636052981412,1.24472992916547,-1.24472992916547,0.0491105136378586,-0.0491105136378586,1.16328262748042,-1.16328262748042,0.974026534083082,-0.974026534083082,0.984165308656226,-0.984165308656226,0.0852358106122041,-0.0852358106122041,0.72212730497167,-0.72212730497167,-0.133609849172899,0.133609849172899,-1.22304870291082,1.22304870291082,-0.538596313873112,0.538596313873112,1.29513444829281,-1.29513444829281,0.124375430526312,-0.124375430526312,0.609622431237521,-0.609622431237521,-0.285704978219747,0.285704978219747,-0.93779042609023,0.93779042609023,-0.36517520844509,0.36517520844509,1.07432211315927,-1.07432211315927,0.885236509946582,-0.885236509946582,1.59672750301698,-1.59672750301698,-0.00671258668203211,0.00671258668203211,0.533689432656676,-0.533689432656676,0.181789201134277,-0.181789201134277,0.906725723675166,-0.906725723675166,-0.137151620437397,0.137151620437397,0.857536236790141,-0.857536236790141,0.0794124034014047,-0.0794124034014047,-0.909627505036456,0.909627505036456,1.20096590608989,-1.20096590608989,-0.354922984683206,0.354922984683206,0.0194126604079718,-0.0194126604079718,-1.712221041923,1.712221041923,-0.393858790301463,0.393858790301463,-0.164221686526602,0.164221686526602,0.714648763969465,-0.714648763969465,0.141722275949626,-0.141722275949626,0.771384297561399,-0.771384297561399,-0.864139800720512,0.864139800720512,0.715384106771834,-0.715384106771834,-1.24605517880353,1.24605517880353,-0.115975442002238,0.115975442002238,-0.924861765009772,0.924861765009772,-0.912755769989696,0.912755769989696,1.83552651515749,-1.83552651515749,1.87395447962172,-1.87395447962172,-1.0304505261558,1.0304505261558,0.360942875251977,-0.360942875251977,1.10008670216171,-1.10008670216171,-0.430247086110589,0.430247086110589,0.0412836536786177,-0.0412836536786177,0.287625348906869,-0.287625348906869,-0.204193410784686,0.204193410784686,1.11723325081797,-1.11723325081797,-1.21328750143847,1.21328750143847,-0.838179622986993,0.838179622986993,0.00753194213334371,-0.00753194213334371,0.695409060187735,-0.695409060187735,0.0792511157188118,-0.0792511157188118,0.757481897423375,-0.757481897423375,1.11716336460831,-1.11716336460831,-0.806233647385322,0.806233647385322,-0.538511776105661,0.538511776105661,-0.415130146454278,0.415130146454278,-1.034278821966,1.034278821966,-1.25013634398019,1.25013634398019,0.860569218563054,-0.860569218563054,-0.485893778407198,0.485893778407198,-0.82347022376759,0.82347022376759,1.01170431299852,-1.01170431299852,1.43148320247228,-1.43148320247228,-2.66546590045243,2.66546590045243,-1.40406986466231,1.40406986466231,-0.136408366390169,0.136408366390169,1.62646041783614,-1.62646041783614,0.56957546473629,-0.56957546473629,-0.776815848716671,0.776815848716671,0.392949283551172,-0.392949283551172,0.0900228640429466,-0.0900228640429466,-0.667209028833573,0.667209028833573,-1.39864120804637,1.39864120804637,-0.558170968168252,0.558170968168252,0.196592836681086,-0.196592836681086,1.38325272879342,-1.38325272879342,0.710282861615974,-0.710282861615974,-0.958986116277976,0.958986116277976,0.678106936642494,-0.678106936642494,1.75584989225757,-1.75584989225757,-1.47732163371173,1.47732163371173,1.23669654898561,-1.23669654898561,-0.455852084313182,0.455852084313182,-0.0109523102835469,0.0109523102835469,0.816190662926768,-0.816190662926768,-1.46431926190168,1.46431926190168,-0.389676683954158,0.389676683954158,-0.83713022175795,0.83713022175795,-0.671362045698911,0.671362045698911,-0.917326582454215,0.917326582454215,-0.321595014838378,0.321595014838378,-1.26029234561318,1.26029234561318,0.242003763995426,-0.242003763995426,0.834507728970142,-0.834507728970142,-1.27064847280718,1.27064847280718,-1.21044235946273,1.21044235946273,0.484922070838762,-0.484922070838762,-0.00304265638032968,0.00304265638032968,-0.123828977919484,0.123828977919484,0.704205351572913,-0.704205351572913,-0.434271573253624,0.434271573253624,1.52057697358037,-1.52057697358037,-1.27000837678866,1.27000837678866,-0.53984003829933,0.53984003829933,0.698659944712893,-0.698659944712893,-0.78804498542267,0.78804498542267,-2.29245070935555,2.29245070935555,1.49699760612521,-1.49699760612521,-0.874914472007378,0.874914472007378,1.59407807045762,-1.59407807045762,-0.0613000387021938,0.0613000387021938,-0.569843039377642,0.569843039377642,-0.152425539611987,0.152425539611987,-1.70372082085223,1.70372082085223,-1.44002017195038,1.44002017195038,-0.817876493296483,0.817876493296483,-0.28410496988791,0.28410496988791,0.497995432521868,-0.497995432521868,-0.173745153933629,0.173745153933629,1.47159649971095,-1.47159649971095,1.22499147731405,-1.22499147731405,0.443774045431027,-0.443774045431027,0.374182871116255,-0.374182871116255,-1.90423636222264,1.90423636222264,-0.803127265380255,0.803127265380255,-0.483915864080489,0.483915864080489,0.97553006663323,-0.97553006663323,0.0761913147579332,-0.0761913147579332,-1.42150260996329,1.42150260996329,0.627570182608575,-0.627570182608575,-1.38015059560685,1.38015059560685,-1.5332251633644,1.5332251633644,0.752596270441548,-0.752596270441548,-0.908828777885413,0.908828777885413,1.21937263538247,-1.21937263538247,-1.67014045351613,1.67014045351613,0.176469889553215,-0.176469889553215,1.28041206829079,-1.28041206829079,-1.63152512846607,1.63152512846607,1.49484678839447,-1.49484678839447,-0.921794874609672,0.921794874609672,-0.46058017027434,0.46058017027434,-2.26406759253851,2.26406759253851,2.58950624761907,-2.58950624761907,-0.223003903587822,0.223003903587822,-0.0913189075688585,0.0913189075688585,-0.811207618510504,0.811207618510504,1.36825201038505,-1.36825201038505,0.670139756527519,-0.670139756527519,0.739400163357773,-0.739400163357773,1.46231656695335,-1.46231656695335,0.6032747320508,-0.6032747320508,-0.22286332670115,0.22286332670115,-0.251392923290075,0.251392923290075,0.508063931264589,-0.508063931264589,0.013909438202825,-0.013909438202825,1.23523264931784,-1.23523264931784,-0.30998558168082,0.30998558168082,0.669684973682234,-0.669684973682234,-0.418348162416797,0.418348162416797,0.792928835035282,-0.792928835035282,0.713027426313292,-0.713027426313292,2.48397459954994,-2.48397459954994,0.25017278373203,-0.25017278373203,-1.04747353356914,1.04747353356914,0.385267452244287,-0.385267452244287,-1.6791206372072,1.6791206372072,-0.061964097213865,0.061964097213865,-1.14293134204728,1.14293134204728,-1.12290506176021,1.12290506176021,0.249221716578841,-0.249221716578841,0.881714505518108,-0.881714505518108,-1.7958833249306,1.7958833249306,-0.58091679972308,0.58091679972308,-0.52163906866942,0.52163906866942,-1.03516741264825,1.03516741264825,0.518087916723028,-0.518087916723028,-0.971878226713367,0.971878226713367,1.34374729141344,-1.34374729141344,0.980626466022447,-0.980626466022447,-0.205118947122448,0.205118947122448,-0.674525266720621,0.674525266720621,-0.832657594843025,0.832657594843025,-1.35516439044103,1.35516439044103,0.22535378753653,-0.22535378753653,0.858389769563028,-0.858389769563028,1.31297139844613,-1.31297139844613,-1.33794796603053,1.33794796603053,0.723275345260287,-0.723275345260287,-1.42402499237516,1.42402499237516,-0.953255845191261,0.953255845191261,-1.09420440936009,1.09420440936009,-0.300986047269873,0.300986047269873,-0.336069537412508,0.336069537412508,1.13328092982897,-1.13328092982897,0.00708419171486364,-0.00708419171486364,-2.56331103453982,2.56331103453982,1.03566608341911,-1.03566608341911,0.715268898383189,-0.715268898383189,-1.51075842133429,1.51075842133429,0.363716096359519,-0.363716096359519,-1.06410853121675,1.06410853121675,-0.786115030389156,0.786115030389156,0.487841003400923,-0.487841003400923,-0.386841267862723,0.386841267862723,1.39468845431677,-1.39468845431677,0.687816984379972,-0.687816984379972,-0.996758956886515,0.996758956886515,-0.602274480996685,0.602274480996685,-1.64104492580094,1.64104492580094,-0.663551964966207,0.663551964966207,0.665508716437336,-0.665508716437336,-1.31387514248865,1.31387514248865,0.859293207802851,-0.859293207802851,2.20610050293576,-2.20610050293576,0.766753723425482,-0.766753723425482,1.78467749279866,-1.78467749279866,-0.492527888374002,0.492527888374002,0.220831346762856,-0.220831346762856,-0.402862586191016,0.402862586191016,0.886017031394191,-0.886017031394191,-1.38165965130314,1.38165965130314,-1.92863812204872,1.92863812204872,-1.24259718603439,1.24259718603439,0.467522320471175,-0.467522320471175,0.554782934039225,-0.554782934039225,-0.712127742897665,0.712127742897665,-0.141371655971889,0.141371655971889,-0.981061538819807,0.981061538819807,-0.956280426938409,0.956280426938409,-0.120656565273382,0.120656565273382,-2.37293764831056,2.37293764831056,-0.502709360979931,0.502709360979931,0.525859515391675,-0.525859515391675,-1.4998913626573,1.4998913626573,0.683966161464179,-0.683966161464179,-0.982238560710933,0.982238560710933,-0.797567936797634,0.797567936797634,0.543620783166767,-0.543620783166767,-0.922057678959459,0.922057678959459,-1.53948269761465,1.53948269761465,0.311113774469286,-0.311113774469286,-1.61887102312275,1.61887102312275,-0.457757090732731,0.457757090732731,0.519944340901242,-0.519944340901242,0.07758988399994,-0.07758988399994,0.0636019759823048,-0.0636019759823048,-0.660531668652495,0.660531668652495,0.226497719851109,-0.226497719851109,0.449786198193012,-0.449786198193012,2.08885928310501,-2.08885928310501,-1.6634094023601,1.6634094023601,-0.358846461124174,0.358846461124174,0.680454131822119,-0.680454131822119,-0.200272987653151,0.200272987653151,-0.863250135582366,0.863250135582366,0.0880329786003144,-0.0880329786003144,0.659311281705101,-0.659311281705101,0.65789021781831,-0.65789021781831,-1.1294382068628,1.1294382068628,0.241935447190292,-0.241935447190292,-0.855220523874809,0.855220523874809,0.1789263528326,-0.1789263528326,-0.00627132269132869,0.00627132269132869,2.07312033968248,-2.07312033968248,0.332411456966203,-0.332411456966203,0.740212515752012,-0.740212515752012,0.00583646758264637,-0.00583646758264637,-1.16043831871238,1.16043831871238,-0.134622653863699,0.134622653863699,-0.188508609073499,0.188508609073499,1.05469942579299,-1.05469942579299,-0.67905395461753,0.67905395461753,1.27824975605256,-1.27824975605256,-0.273110173048637,0.273110173048637,-1.68372070214691,1.68372070214691,-0.350588970768824,0.350588970768824,-0.163926292824133,0.163926292824133,0.478038134551414,-0.478038134551414,0.385702566277243,-0.385702566277243,-0.817660213867846,0.817660213867846,-0.493475889137901,0.493475889137901,-0.578960270616606,0.578960270616606,-0.175955993759504,0.175955993759504,0.765553196235269,-0.765553196235269,-0.448236509347917,0.448236509347917,-1.31832234133886,1.31832234133886,0.0252378545707585,-0.0252378545707585,1.00199265670819,-1.00199265670819,1.07380773156421,-1.07380773156421,-0.717274054363357,0.717274054363357,1.73871513970194,-1.73871513970194,1.47417847552951,-1.47417847552951,1.14226741821981,-1.14226741821981,-0.188221044320012,0.188221044320012,-0.981176941051677,0.981176941051677,2.89638935950778,-2.89638935950778,0.710032488263885,-0.710032488263885,-0.266802432200398,0.266802432200398,1.14421998396762,-1.14421998396762,0.789211178922072,-0.789211178922072,-0.554970833247999,0.554970833247999,2.03281229314756,-2.03281229314756,0.0390734678984832,-0.0390734678984832,0.348176557558238,-0.348176557558238,0.863173822053041,-0.863173822053041,1.19712624081684,-1.19712624081684,1.60592107725532,-1.60592107725532,0.888352573858003,-0.888352573858003,0.753471625107873,-0.753471625107873,0.594087694294122,-0.594087694294122,0.578902439975847,-0.578902439975847,0.360437690691041,-0.360437690691041,-1.33764560809355,1.33764560809355,-0.23278413964843,0.23278413964843,-0.773653073071444,0.773653073071444,-0.747585634906471,0.747585634906471,1.56144193621554,-1.56144193621554,0.451469746027609,-0.451469746027609,-0.519436256059739,0.519436256059739,-0.619150652944655,0.619150652944655,0.218814224026516,-0.218814224026516,-0.506632416408411,0.506632416408411,-1.48724737895042,1.48724737895042,-0.953268693636754,0.953268693636754,-0.456703140918325,0.456703140918325,0.599848926580906,-0.599848926580906,0.771772376512159,-0.771772376512159,2.31302873887344,-2.31302873887344,-0.0927784387661476,0.0927784387661476,0.31127659806524,-0.31127659806524,0.60788036801778,-0.60788036801778,0.325846950260596,-0.325846950260596,-2.11179390671459,2.11179390671459,1.14803024462997,-1.14803024462997,0.418949236464314,-0.418949236464314,0.308432591933206,-0.308432591933206,-1.22611801920706,1.22611801920706,1.30508352147615,-1.30508352147615,1.8088214647399,-1.8088214647399,-0.0285064972779665,0.0285064972779665,-0.2184614094486,0.2184614094486,-0.413035882939197,0.413035882939197,0.39046807855942,-0.39046807855942,-0.930448374781366,0.930448374781366,0.548270846701596,-0.548270846701596,-0.248947180281147,0.248947180281147,0.281187835804303,-0.281187835804303,-0.0159127876217182,0.0159127876217182,-1.61907574168046,1.61907574168046,1.64831337265858,-1.64831337265858,-0.239761508541593,0.239761508541593,0.862840639414244,-0.862840639414244,-0.886603972939944,0.886603972939944,0.0305720422127007,-0.0305720422127007,-0.46384158120751,0.46384158120751,-0.567482821245302,0.567482821245302,0.0487462562569233,-0.0487462562569233,1.00187290698963,-1.00187290698963,0.976831970177784,-0.976831970177784,0.913773844283514,-0.913773844283514,0.451343382703196,-0.451343382703196,0.68381351530562,-0.68381351530562,-0.474816349963719,0.474816349963719,1.58841050380582,-1.58841050380582,0.455054782025711,-0.455054782025711,0.923043624046695,-0.923043624046695,2.76614798088044,-2.76614798088044,-0.829438970546253,0.829438970546253,1.19384747918774,-1.19384747918774,-0.664173535997674,0.664173535997674,0.735016897826406,-0.735016897826406,-1.60602858362336,1.60602858362336,-1.18999649394349,1.18999649394349,-1.64756148583257,1.64756148583257,0.141159346623352,-0.141159346623352,0.651802805255637,-0.651802805255637,0.539437224061586,-0.539437224061586,-1.88968593151359,1.88968593151359,-1.08807745354178,1.08807745354178,-0.630613590671816,0.630613590671816,-0.879584494716615,0.879584494716615,-0.737130178302319,0.737130178302319,-0.0464086986071418,0.0464086986071418,-2.07057403792883,2.07057403792883,-0.734120302757813,0.734120302757813,1.88179586438196,-1.88179586438196,-0.0923479134014224,0.0923479134014224,-1.44682752697144,1.44682752697144,-2.15157500736152,2.15157500736152,-0.624604885631234,0.624604885631234,1.72080506807629,-1.72080506807629,0.467923633874037,-0.467923633874037,0.0358066489328842,-0.0358066489328842,1.57371647146956,-1.57371647146956,0.0777724430040518,-0.0777724430040518,0.228967599164344,-0.228967599164344,-0.0296034883268621,0.0296034883268621,-1.06314389341633,1.06314389341633,0.312392647667256,-0.312392647667256,-0.709828228880259,0.709828228880259,0.588996698011701,-0.588996698011701,-1.73159408482252,1.73159408482252,-0.522720877819158,0.522720877819158,-0.792634726265127,0.792634726265127,-1.80989613185465,1.80989613185465,-2.58419880901325,2.58419880901325,-0.837698164395011,0.837698164395011,-0.683630038537361,0.683630038537361,1.84384805620156,-1.84384805620156,-0.123349760909964,0.123349760909964,0.645111314740211,-0.645111314740211,1.60937982757782,-1.60937982757782,1.0686411744373,-1.0686411744373,-0.13226067671347,0.13226067671347,-0.668460457785123,0.668460457785123,-0.593900944633661,0.593900944633661,-0.714199285470071,0.714199285470071,0.0436493717798558,-0.0436493717798558,0.478545898893186,-0.478545898893186,0.968508127043231,-0.968508127043231,-0.25032603507424,0.25032603507424,0.127204654959293,-0.127204654959293,0.935659489506676,-0.935659489506676,-1.77147179015407,1.77147179015407,0.356474045927995,-0.356474045927995,-0.619530272853525,0.619530272853525,-0.642741204444035,0.642741204444035,0.457201052740783,-0.457201052740783,0.539149012200274,-0.539149012200274,-0.158384574041301,0.158384574041301,1.03193946494437,-1.03193946494437,0.0551688260917197,-0.0551688260917197,-1.56054950573042,1.56054950573042,-0.979527962909698,0.979527962909698,0.715100271078164,-0.715100271078164,0.376295655174521,-0.376295655174521,0.618253385553631,-0.618253385553631,0.27872341008425,-0.27872341008425,-1.07705766789506,1.07705766789506,-2.76277988009802,2.76277988009802,-1.17849466208665,1.17849466208665,0.614215376257539,-0.614215376257539,-1.56172177966027,1.56172177966027,-1.02358727891833,1.02358727891833,-1.69857979865795,1.69857979865795,-0.216278498021639,0.216278498021639,1.19522984144533,-1.19522984144533,-0.115055583480636,0.115055583480636,-0.906548788213141,0.906548788213141,1.40381630406429,-1.40381630406429,1.52014821832458,-1.52014821832458,-1.68503160190052,1.68503160190052,0.230360838431265,-0.230360838431265,-0.760552664991506,0.760552664991506,0.850838824925848,-0.850838824925848,1.19683518859718,-1.19683518859718,-1.55235480696801,1.55235480696801,-1.47965714043866,1.47965714043866,1.3103484033972,-1.3103484033972,0.0970242574856259,-0.0970242574856259,-0.561879361109341,0.561879361109341,-0.197451274943817,0.197451274943817,0.731482501809567,-0.731482501809567,0.0792380481722096,-0.0792380481722096,2.13126581789335,-2.13126581789335,1.18552293114346,-1.18552293114346,-0.00881864640429427,0.00881864640429427,-0.379041404611715,0.379041404611715,-0.0782990036652877,0.0782990036652877,0.882768359365764,-0.882768359365764,-1.14863342839353,1.14863342839353,-0.831690736771319,0.831690736771319,0.640016219458684,-0.640016219458684,-0.255318016708733,0.255318016708733,0.227973878481381,-0.227973878481381,1.67383988712373,-1.67383988712373,0.0448742670419477,-0.0448742670419477,-0.339935622065406,0.339935622065406,0.210629467501558,-0.210629467501558,-0.1256163492063,0.1256163492063,0.199377269598499,-0.199377269598499,0.799269067405919,-0.799269067405919,-0.938762112830031,0.938762112830031,-0.111513801139309,0.111513801139309,0.885093240029823,-0.885093240029823,-0.0904390744958972,0.0904390744958972,-0.505362826269348,0.505362826269348,0.562403336200251,-0.562403336200251,0.564186064840472,-0.564186064840472,0.571177067624952,-0.571177067624952,1.31943526932488,-1.31943526932488,-1.96280985483753,1.96280985483753,-0.00890622339073655,0.00890622339073655,2.2031041410391,-2.2031041410391,0.577312879997484,-0.577312879997484,0.00342881991434564,-0.00342881991434564,1.84360637734129,-1.84360637734129,0.710237319352942,-0.710237319352942,-0.34726888474108,0.34726888474108,-1.31852402564313,1.31852402564313,-0.806473374875275,0.806473374875275,1.85823551683821,-1.85823551683821,-1.07658451086636,1.07658451086636,-0.9801329024928,0.9801329024928,1.31912354313609,-1.31912354313609,-0.301350692734702,0.301350692734702,-0.282529682860562,0.282529682860562,1.20069346688492,-1.20069346688492,0.735935266751181,-0.735935266751181,0.0834650990126549,-0.0834650990126549,-0.168299340291403,0.168299340291403,-1.06706279113107,1.06706279113107,-0.0717833765480706,0.0717833765480706,-0.202950481699548,0.202950481699548,0.497192005524709,-0.497192005524709,-1.26598273120325,1.26598273120325,0.431302455758073,-0.431302455758073,0.861442823691145,-0.861442823691145,-0.464640495468111,0.464640495468111,-1.65641084149475,1.65641084149475,-1.12134973016274,1.12134973016274,-0.114906100980037,0.114906100980037,0.527594749654997,-0.527594749654997,2.1716467753712,-2.1716467753712,-2.46644124107956,2.46644124107956,0.361449967041211,-0.361449967041211,1.18872757193633,-1.18872757193633,0.335945239423142,-0.335945239423142,-1.28712139319547,1.28712139319547,0.834805247472867,-0.834805247472867,-0.196765470814169,0.196765470814169,-1.24385918708003,1.24385918708003,-0.399895446779043,0.399895446779043,-0.835809935072318,0.835809935072318,-1.56094774998517,1.56094774998517,0.969112644992979,-0.969112644992979,2.17721229969934,-2.17721229969934,-0.374755202800153,0.374755202800153,0.673849175926979,-0.673849175926979,-0.627130614822403,0.627130614822403,0.751683541787281,-0.751683541787281,0.592952615944579,-0.592952615944579,0.0282429365522421,-0.0282429365522421,0.111822438020308,-0.111822438020308,-0.0278650167940542,0.0278650167940542,0.854014144120942,-0.854014144120942,-0.540837579004749,0.540837579004749,-1.1953711721209,1.1953711721209,0.832871324901119,-0.832871324901119,-0.473957305134813,0.473957305134813,0.683019840178259,-0.683019840178259,0.174047264963553,-0.174047264963553,0.435942409382964,-0.435942409382964,0.244596506170578,-0.244596506170578,0.443882528038224,-0.443882528038224,0.46645794020195,-0.46645794020195,0.922227270343657,-0.922227270343657,0.0706706157631479,-0.0706706157631479,-0.899699836464789,0.899699836464789,-0.738783011406958,0.738783011406958,-0.762512850359144,0.762512850359144,0.982920719341455,-0.982920719341455,0.135128588303648,-0.135128588303648,-0.36935956837686,0.36935956837686,-2.1799287360146,2.1799287360146,1.24504498110833,-1.24504498110833,-0.118148321319084,0.118148321319084,1.2479670391834,-1.2479670391834,0.504100971623354,-0.504100971623354,0.0319257236180655,-0.0319257236180655,-1.12607698729816,1.12607698729816,-2.22850761165084,2.22850761165084,-0.352552872509594,0.352552872509594,-0.385522575927262,0.385522575927262,-0.317805402378366,0.317805402378366,-0.836187728404318,0.836187728404318,1.15725457287303,-1.15725457287303,-1.13159487157302,1.13159487157302,0.364698309810883,-0.364698309810883,-1.70151894529496,1.70151894529496,0.304363980715343,-0.304363980715343,-1.56506176497428,1.56506176497428,0.530100568843479,-0.530100568843479,0.542953236185808,-0.542953236185808,-1.4822044511478,1.4822044511478,-0.159421183253358,0.159421183253358,-0.406431502255601,0.406431502255601,1.69030802718684,-1.69030802718684,-0.1055227520517,0.1055227520517,0.70709893244152,-0.70709893244152,2.75170891939027,-2.75170891939027,-0.605624653420666,0.605624653420666,-0.0330815880569484,0.0330815880569484,-0.41105115023399,0.41105115023399,0.5957570186687,-0.5957570186687,-0.107404585494292,0.107404585494292,-0.816047174623639,0.816047174623639,0.356575592764217,-0.356575592764217,0.602849422038795,-0.602849422038795,-0.671014427393076,0.671014427393076,1.14985056148359,-1.14985056148359,-1.01305864791732,1.01305864791732,-0.622452109763665,0.622452109763665,0.657080696105353,-0.657080696105353,0.28816472308405,-0.28816472308405,0.726490785107004,-0.726490785107004,-1.90700346977385,1.90700346977385,0.946998030047675,-0.946998030047675,-1.08723209419905,1.08723209419905,0.32377507696369,-0.32377507696369,-1.31912697506518,1.31912697506518,0.30542056802457,-0.30542056802457,-0.486319309478229,0.486319309478229,-0.147106562483303,0.147106562483303,0.581219083615479,-0.581219083615479,0.0375145140277937,-0.0375145140277937,0.916907314263898,-0.916907314263898,-0.202043788167683,0.202043788167683,0.769016736250604,-0.769016736250604,0.410364478941734,-0.410364478941734,-1.25339221055687,1.25339221055687,-1.29331093313644,1.29331093313644,0.458137593583273,-0.458137593583273,0.996609081031494,-0.996609081031494,-1.42360325984288,1.42360325984288,0.634267080919656,-0.634267080919656,-0.959056295086865,0.959056295086865,-0.852951076259263,0.852951076259263,0.393778519145973,-0.393778519145973,0.419263491960292,-0.419263491960292,-2.21379626713097,2.21379626713097,-1.02840116401988,1.02840116401988,-0.671521230526856,0.671521230526856,0.678609332022995,-0.678609332022995,-1.44569399417086,1.44569399417086,2.00464587643126,-2.00464587643126,-0.647470048518064,0.647470048518064,1.37803427038417,-1.37803427038417,0.250737679421775,-0.250737679421775,0.288031019573885,-0.288031019573885,-0.474663461061504,0.474663461061504,0.0269870284510474,-0.0269870284510474,1.01220049454588,-1.01220049454588,-0.4244489466705,0.4244489466705,-1.68514194236927,1.68514194236927,-0.970613797655005,0.970613797655005,0.215719612252217,-0.215719612252217,1.28538003154907,-1.28538003154907,-0.0969667341772751,0.0969667341772751,1.36141967644144,-1.36141967644144,-1.52971326595778,1.52971326595778,2.40188687962346,-2.40188687962346,0.545134380407252,-0.545134380407252,-1.39183621630652,1.39183621630652,0.00803057171511289,-0.00803057171511289,0.0462524824002691,-0.0462524824002691,-2.05044127710474,2.05044127710474,1.80401862865129,-1.80401862865129,0.898643660292485,-0.898643660292485,-1.30265827898654,1.30265827898654,1.02930757759247,-1.02930757759247,-1.24242403952331,1.24242403952331,-0.0160379089796703,0.0160379089796703,1.83720918385678,-1.83720918385678,-1.76145548071655,1.76145548071655,1.09516398670923,-1.09516398670923,1.14608700575844,-1.14608700575844,0.6105995632388,-0.6105995632388,1.01700917715201,-1.01700917715201,-0.329696693381875,0.329696693381875,-0.213971072415157,0.213971072415157,-2.13723930651054,2.13723930651054,-0.250711563254668,0.250711563254668,1.09786985028394,-1.09786985028394,0.610125396415652,-0.610125396415652,-1.90202832422071,1.90202832422071,1.15651422527228,-1.15651422527228,-1.11539691552393,1.11539691552393,-2.02126374102326,2.02126374102326,-1.24618276813706,1.24618276813706,-0.936483354132734,0.936483354132734,-0.275852033994993,0.275852033994993,-0.622069257160799,0.622069257160799,-0.138939940456761,0.138939940456761,0.724519188349741,-0.724519188349741,-0.110945843030476,0.110945843030476,2.25582747278388,-2.25582747278388,0.211896767283777,-0.211896767283777,-0.307382998967418,0.307382998967418,-0.94069301895621,0.94069301895621,-0.698354790910892,0.698354790910892,0.404859038490997,-0.404859038490997,-0.247023779081691,0.247023779081691,-0.41703838551902,0.41703838551902,-0.342726494190197,0.342726494190197,-1.76702725962692,1.76702725962692,0.0846564051378432,-0.0846564051378432,0.84826131455032,-0.84826131455032,-0.497839613027077,0.497839613027077,-0.279540582528147,0.279540582528147,0.498540914271879,-0.498540914271879,-0.469913878796942,0.469913878796942,-0.877240072826485,0.877240072826485,-0.35067441771928,0.35067441771928,-0.679119263593671,0.679119263593671,0.109494595589425,-0.109494595589425,0.698901273640156,-0.698901273640156,1.94649065161804,-1.94649065161804,1.04479718173662,-1.04479718173662,0.121584652437323,-0.121584652437323,-0.216718475658512,0.216718475658512,-0.49841552225188,0.49841552225188,0.104950440399403,-0.104950440399403,-2.71695765218613,2.71695765218613,0.854939191859625,-0.854939191859625,-1.52761007524453,1.52761007524453,-0.202719901658825,0.202719901658825,-1.05884515952748,1.05884515952748,0.249880943976809,-0.249880943976809,0.12546287278597,-0.12546287278597,0.211410927289945,-0.211410927289945,2.10658731350542,-2.10658731350542,0.432207336850278,-0.432207336850278,0.350573451068147,-0.350573451068147,0.93938435796499,-0.93938435796499,0.189535128333793,-0.189535128333793,-0.0243194213090871,0.0243194213090871,-1.09728145995982,1.09728145995982,0.631926069010071,-0.631926069010071,0.086450417934345,-0.086450417934345,-0.478580006254932,0.478580006254932,0.71886028639479,-0.71886028639479,0.431189034581244,-0.431189034581244,0.384504998223594,-0.384504998223594,-0.362536783058119,0.362536783058119,1.35641307774824,-1.35641307774824,-0.876943123993061,0.876943123993061,1.24650349425662,-1.24650349425662,-0.212216191509563,0.212216191509563,-1.09359722044861,1.09359722044861,0.796351894089769,-0.796351894089769,0.630900632342545,-0.630900632342545,-1.67312360090444,1.67312360090444,1.9026385035335,-1.9026385035335,1.0841364859232,-1.0841364859232,1.01068462461886,-1.01068462461886,-0.271443976015827,0.271443976015827,0.234730126128789,-0.234730126128789,0.538612413972025,-0.538612413972025,0.855244967229428,-0.855244967229428,-0.605350409420722,0.605350409420722,-0.154311789942041,0.154311789942041,-2.44819582346536,2.44819582346536,-2.61519147465582,2.61519147465582,0.67556458601161,-0.67556458601161,-0.243690451561272,0.243690451561272,1.43310362335732,-1.43310362335732,0.600025327491889,-0.600025327491889,0.873817067590699,-0.873817067590699,-0.0737221923993379,0.0737221923993379,-0.65601688544507,0.65601688544507,-1.1073488693731,1.1073488693731,-0.846182826555889,0.846182826555889,0.601270144873858,-0.601270144873858,-2.19373233516754,2.19373233516754,-1.52438649778319,1.52438649778319,1.87511133520806,-1.87511133520806,0.651767837512479,-0.651767837512479,-2.46399647393936,2.46399647393936,0.0698006719431274,-0.0698006719431274,-1.02761669637031,1.02761669637031,-0.311679978833673,0.311679978833673,0.0519521245569732,-0.0519521245569732,-1.3416582927471,1.3416582927471,1.28197860985517,-1.28197860985517,-2.18247309931683,2.18247309931683,-0.324650252251657,0.324650252251657,-2.17344413786701,2.17344413786701,-0.974752336399712,0.974752336399712,-1.20010101917577,1.20010101917577,-0.744010447008632,0.744010447008632,-0.321113839048229,0.321113839048229,2.39510158749314,-2.39510158749314,-0.733074634966867,0.733074634966867,-0.0895110680677942,0.0895110680677942,0.886589150026887,-0.886589150026887,0.661235722992515,-0.661235722992515,0.0074783620545591,-0.0074783620545591,1.58399829424566,-1.58399829424566,-0.598649534708181,0.598649534708181,2.60252172106452,-2.60252172106452,-0.144988978096977,0.144988978096977,-0.745174986750924,0.745174986750924,0.60445224622285,-0.60445224622285,-0.793976083442731,0.793976083442731,-0.180223437600688,0.180223437600688,-0.159545178498392,0.159545178498392,-2.31839034231812,2.31839034231812,0.0219898052735802,-0.0219898052735802,-1.7602513633007,1.7602513633007,-0.362884996509757,0.362884996509757,0.20317233670796,-0.20317233670796,-0.873070111764958,0.873070111764958,-1.85524459176853,1.85524459176853,-0.0284923299236179,0.0284923299236179,-0.00259489505840207,0.00259489505840207,-0.586425907437454,0.586425907437454,-0.748803998625389,0.748803998625389,-0.166960334140567,0.166960334140567,-0.984653401333481,0.984653401333481,-0.896090066998987,0.896090066998987,1.0783137295946,-1.0783137295946,0.587492478314606,-0.587492478314606,-0.503715457554731,0.503715457554731,-0.0437798494749808,0.0437798494749808,1.75529424046326,-1.75529424046326,1.38487816867432,-1.38487816867432,-1.59388445129554,1.59388445129554,-1.12042211810267,1.12042211810267,-2.38654939076871,2.38654939076871,1.41327801059101,-1.41327801059101,-0.0979042219322764,0.0979042219322764,-0.938232853147981,0.938232853147981,-0.0458047804774292,0.0458047804774292,0.0832219924038818,-0.0832219924038818,-0.0873287480533489,0.0873287480533489,-0.297990242300973,0.297990242300973,-0.460670199768719,0.460670199768719,1.00270605955597,-1.00270605955597,-0.0733078534134988,0.0733078534134988,0.131530753658969,-0.131530753658969,0.751829742197469,-0.751829742197469,0.104833707084041,-0.104833707084041,1.37328049023854,-1.37328049023854,0.838413803680268,-0.838413803680268,-0.0366434486177479,0.0366434486177479,-1.66355849603718,1.66355849603718,0.568181310464688,-0.568181310464688,-1.32557129475733,1.32557129475733,0.00363405464933254,-0.00363405464933254,-1.05173315674404,1.05173315674404,0.500840260370819,-0.500840260370819,-0.0186765495149542,0.0186765495149542,-0.132938703366701,0.132938703366701,1.94348753945196,-1.94348753945196,-0.838066226600754,0.838066226600754,0.24103611664724,-0.24103611664724,0.215090669177686,-0.215090669177686,0.0118160322981002,-0.0118160322981002,-0.738240674927907,0.738240674927907,-0.481807317413981,0.481807317413981,-0.676058196880785,0.676058196880785,-0.268066328389379,0.268066328389379,0.143751795070088,-0.143751795070088,-1.48526749182948,1.48526749182948,0.306187106773413,-0.306187106773413,-1.59987268531495,1.59987268531495,1.08021042090907,-1.08021042090907,-0.141601336594099,0.141601336594099,-0.401576164610819,0.401576164610819,0.270717316789518,-0.270717316789518,0.0212060059421926,-0.0212060059421926,0.928032766651176,-0.928032766651176,0.399418817807451,-0.399418817807451,-0.908153852811521,0.908153852811521,-1.14828382421883,1.14828382421883,1.27837562694413,-1.27837562694413,0.505003661829215,-0.505003661829215,-1.24971024114493,1.24971024114493,0.262515331932392,-0.262515331932392,0.0332596392181147,-0.0332596392181147,-1.19290744572174,1.19290744572174,1.61523702698556,-1.61523702698556,0.245568416403924,-0.245568416403924,0.0142704203346338,-0.0142704203346338,1.26827748769159,-1.26827748769159,0.896920680267768,-0.896920680267768,1.20939864986054,-1.20939864986054,0.264643233570238,-0.264643233570238,-0.458076643140623,0.458076643140623,-0.00614043082028967,0.00614043082028967,-1.43704256257676,1.43704256257676,-1.40891770044951,1.40891770044951,-0.181757989250202,0.181757989250202,-0.595930211274565,0.595930211274565,0.0906870735258754,-0.0906870735258754,0.555692052698928,-0.555692052698928,0.0056959836128305,-0.0056959836128305,-1.26574316455944,1.26574316455944,-1.00742973590216,1.00742973590216,-0.147102250427124,0.147102250427124,1.41347952266433,-1.41347952266433,-0.10964400455346,0.10964400455346,1.16457661147944,-1.16457661147944,-0.0456144472119248,0.0456144472119248,-0.831276892417257,0.831276892417257,0.26266304972502,-0.26266304972502,0.303033081141748,-0.303033081141748,-0.483766356222328,0.483766356222328,-1.117540850215,1.117540850215,-1.54825675701548,1.54825675701548,1.43062045468587,-1.43062045468587,0.0114416121518459,-0.0114416121518459,0.736870654241389,-0.736870654241389,2.01539464890235,-2.01539464890235,-0.113464968240195,0.113464968240195,-0.681675104787764,0.681675104787764,-0.544849368662908,0.544849368662908,-0.72622436691769,0.72622436691769,-1.45593677642685,1.45593677642685,0.204012598467156,-0.204012598467156,0.456790745169476,-0.456790745169476,-0.531144102929505,0.531144102929505,0.870090105016374,-0.870090105016374,-0.749871507513431,0.749871507513431,0.894173522958118,-0.894173522958118,-1.18789741158245,1.18789741158245,0.471258754794007,-0.471258754794007,0.771883008773114,-0.771883008773114,1.16850774407416,-1.16850774407416,-0.280604548873724,0.280604548873724,-1.33112252246218,1.33112252246218,-0.810108773889558,0.810108773889558,0.137513042705525,-0.137513042705525,-0.736250139476832,0.736250139476832,0.296603402264403,-0.296603402264403,-1.59377305938708,1.59377305938708,0.731212467201716,-0.731212467201716,1.06327411875596,-1.06327411875596,-0.0684758718498133,0.0684758718498133,-1.90618699370267,1.90618699370267,-0.581273165733146,0.581273165733146,0.639868607697335,-0.639868607697335,1.53442199670901,-1.53442199670901,0.581306568294421,-0.581306568294421,-0.780972404740959,0.780972404740959,0.443487407920028,-0.443487407920028,0.403997447146443,-0.403997447146443,-0.413371303982491,0.413371303982491,-3.24539652703425,3.24539652703425,-0.180762150273988,0.180762150273988,-1.08556201459284,1.08556201459284,-0.706928013389108,0.706928013389108,-2.46721902600394,2.46721902600394,-0.711219455786619,0.711219455786619,-1.72944742021857,1.72944742021857,-2.10919982118217,2.10919982118217,-1.17329979935721,1.17329979935721,1.52488548425889,-1.52488548425889,1.95455315290274,-1.95455315290274,-0.337672530466215,0.337672530466215,-0.817887586064744,0.817887586064744,-1.21466292204552,1.21466292204552,-0.779031175679542,0.779031175679542,-1.30875576023002,1.30875576023002,0.19999178844796,-0.19999178844796,-1.38253744375321,1.38253744375321,-1.20253769483316,1.20253769483316,-0.499443582754836,0.499443582754836,-0.522864964014757,0.522864964014757,0.671901511017952,-0.671901511017952,0.312305815478486,-0.312305815478486,-0.509867989630769,0.509867989630769,-2.1995012986857,2.1995012986857,1.13448058104164,-1.13448058104164,-1.38838978626888,1.38838978626888,0.890977539215425,-0.890977539215425,1.1478420941721,-1.1478420941721,1.48901856466296,-1.48901856466296,1.68166718027096,-1.68166718027096,-0.551370581567177,0.551370581567177,0.423398617916524,-0.423398617916524,0.84716202009869,-0.84716202009869,1.0158995802979,-1.0158995802979,0.597625821367586,-0.597625821367586,-1.63320518958448,1.63320518958448,-0.557535163082482,0.557535163082482,-1.5506075136235,1.5506075136235,0.955878582947983,-0.955878582947983,0.263735181220774,-0.263735181220774,1.0996267773219,-1.0996267773219,0.243443487517462,-0.243443487517462,0.0835038243554036,-0.0835038243554036,-0.475597726306143,0.475597726306143,-1.32707540453319,1.32707540453319,-0.899129073939021,0.899129073939021,0.0243396813157938,-0.0243396813157938,-1.65224734374514,1.65224734374514,0.561349138144832,-0.561349138144832,-0.415043315239649,0.415043315239649,-1.20579428652164,1.20579428652164,-0.046705607244993,0.046705607244993,-1.45327743557455,1.45327743557455,1.49255926977476,-1.49255926977476,-0.48474806924622,0.48474806924622,1.04383634456602,-1.04383634456602,-0.426608222794749,0.426608222794749,0.426122965837153,-0.426122965837153,0.108657282945834,-0.108657282945834,-0.310490106679749,0.310490106679749,0.237896905546525,-0.237896905546525,1.48975547536969,-1.48975547536969,0.307336876110657,-0.307336876110657,0.877751824343047,-0.877751824343047,-1.24069029837504,1.24069029837504,-0.107786032131212,0.107786032131212,0.52532416809712,-0.52532416809712,0.503659013559748,-0.503659013559748,0.0435382179955909,-0.0435382179955909,0.470472449011226,-0.470472449011226,-0.800299295243365,0.800299295243365,0.566677541738082,-0.566677541738082,2.25981433977477,-2.25981433977477,-2.11828084980727,2.11828084980727,-0.260649138269483,0.260649138269483,-0.138766784454034,0.138766784454034,1.26552401535478,-1.26552401535478,-0.930888884637721,0.930888884637721,0.161189520182766,-0.161189520182766,1.89507211346047,-1.89507211346047,1.83847122870593,-1.83847122870593,0.367773284077101,-0.367773284077101,-1.49716049741291,1.49716049741291,-0.295062875512535,0.295062875512535,-1.88220790736133,1.88220790736133,0.531661766659511,-0.531661766659511,-0.159150405693147,0.159150405693147,-0.0439846708356629,0.0439846708356629,-0.655686130147297,0.655686130147297,1.21434119957498,-1.21434119957498,-1.6543031323014,1.6543031323014,-0.527947243017322,0.527947243017322,0.679475485617013,-0.679475485617013,-0.616977188952328,0.616977188952328,-0.109892897609627,0.109892897609627,-1.35441754505084,1.35441754505084,-0.130282112734406,0.130282112734406,0.813089536102613,-0.813089536102613,0.428346927187185,-0.428346927187185,0.515693748664269,-0.515693748664269,-0.373437240510952,0.373437240510952,-0.763039344318963,0.763039344318963,-1.467230835037,1.467230835037,0.0650426715329803,-0.0650426715329803,-0.163545103891255,0.163545103891255,-1.65150184215746,1.65150184215746,1.06595464689377,-1.06595464689377,0.396472339133937,-0.396472339133937,-2.9796926765491,2.9796926765491,0.124653236949852,-0.124653236949852,2.28890639752458,-2.28890639752458,0.798348098689926,-0.798348098689926,0.278155460247082,-0.278155460247082,0.167857739113468,-0.167857739113468,-0.701098192218878,0.701098192218878,-0.974380844068364,0.974380844068364,-0.111101767937767,0.111101767937767,-0.0870557700796166,0.0870557700796166,-0.581808714406188,0.581808714406188,-0.370147348313009,0.370147348313009,1.21246653982366,-1.21246653982366,-0.979095883818166,0.979095883818166,-1.72278364057052,1.72278364057052,-0.381212839816138,0.381212839816138,-0.563993223809881,0.563993223809881,-0.186396804684564,0.186396804684564,0.0323302099374113,-0.0323302099374113,0.221691963613471,-0.221691963613471,0.60453688183755,-0.60453688183755,-1.51250329645161,1.51250329645161,0.394094896813501,-0.394094896813501,-1.60297692060473,1.60297692060473,0.0130610049719469,-0.0130610049719469,0.514514554458602,-0.514514554458602,-0.0803838846944998,0.0803838846944998,-1.80409568255539,1.80409568255539,1.30322574268948,-1.30322574268948,-0.212153349289835,0.212153349289835,-1.29955567717972,1.29955567717972,0.134191042958796,-0.134191042958796,0.715508033690532,-0.715508033690532,1.33558508160353,-1.33558508160353,-1.54703257257186,1.54703257257186,0.00685090038171754,-0.00685090038171754,0.963752139244278,-0.963752139244278,-0.220005046438805,0.220005046438805,-0.55067062209062,0.55067062209062,0.433466806885833,-0.433466806885833,-0.113841152544203,0.113841152544203,-0.560505241779938,0.560505241779938,0.271904923025111,-0.271904923025111,-0.234229421113555,0.234229421113555,-0.995632299454961,0.995632299454961,-0.727167418028692,0.727167418028692,-1.41413319350415,1.41413319350415,-0.481426678583624,0.481426678583624,0.390260236197614,-0.390260236197614,0.431710514416497,-0.431710514416497,1.04318759833926,-1.04318759833926,0.540535970473187,-0.540535970473187,-0.656990548631664,0.656990548631664,-0.252800792313016,0.252800792313016,0.322760489512554,-0.322760489512554,1.24661863489254,-1.24661863489254,-2.79583449642594,2.79583449642594,-0.743719603925262,0.743719603925262,-0.401630330855624,0.401630330855624,0.358237390916341,-0.358237390916341,0.671364985045606,-0.671364985045606,1.22746909408304,-1.22746909408304,-1.14251072144137,1.14251072144137,-1.64248742268511,1.64248742268511,-1.93963110636494,1.93963110636494,0.761367637938429,-0.761367637938429,-0.046531444219899,0.046531444219899,1.39522193052605,-1.39522193052605,0.154333513144747,-0.154333513144747,0.0148961778503815,-0.0148961778503815,0.472009370124889,-0.472009370124889,1.26100251521712,-1.26100251521712,0.372813226163453,-0.372813226163453,0.262735693834339,-0.262735693834339,-0.324262049523507,0.324262049523507,-1.05085839774749,1.05085839774749,1.14581816439124,-1.14581816439124,-0.0538047695183632,0.0538047695183632,-0.65769332375155,0.65769332375155,-0.633127409652118,0.633127409652118,-0.0290900734775047,0.0290900734775047,2.11710753286673,-2.11710753286673,-0.644937892268089,0.644937892268089,-0.26033486423676,0.26033486423676,0.647839943880904,-0.647839943880904,-0.0296809953433288,0.0296809953433288,-0.146641885912675,0.146641885912675,0.742592357134478,-0.742592357134478,1.03036639100778,-1.03036639100778,1.07548111152004,-1.07548111152004,-0.761997907117276,0.761997907117276,0.696889900022507,-0.696889900022507,0.83471588538016,-0.83471588538016,1.54007459970139,-1.54007459970139,1.19633446777395,-1.19633446777395,-1.04772865485952,1.04772865485952,0.98447888077018,-0.98447888077018,0.296005913472507,-0.296005913472507,0.0487088864271089,-0.0487088864271089,-0.199731185395057,0.199731185395057,-0.478472967009263,0.478472967009263,0.0957998867513236,-0.0957998867513236,-2.42038555285807,2.42038555285807,-0.413051725888161,0.413051725888161,0.153640314973288,-0.153640314973288,-0.964922088105823,0.964922088105823,1.88136556939407,-1.88136556939407,-0.148369481852128,0.148369481852128,1.64135626855417,-1.64135626855417,1.05641426561551,-1.05641426561551,0.307918559244562,-0.307918559244562,-0.169009521037926,0.169009521037926,0.558798559369232,-0.558798559369232,1.82140260640671,-1.82140260640671,0.747854234722024,-0.747854234722024,-1.31540335915835,1.31540335915835,-0.411613740650384,0.411613740650384,-0.594492210592841,0.594492210592841,0.30190298944697,-0.30190298944697,-1.31628656338052,1.31628656338052,-0.488569325599264,0.488569325599264,0.683152238801592,-0.683152238801592,0.0417945835394422,-0.0417945835394422,-0.312703470910032,0.312703470910032,-1.93067750015922,1.93067750015922,-0.0496649024793209,0.0496649024793209,-0.941838998248156,0.941838998248156,0.259256951860088,-0.259256951860088,0.809492637513767,-0.809492637513767,-0.428296252249493,0.428296252249493,-1.93568491372164,1.93568491372164,0.76182536106459,-0.76182536106459,0.926581241820335,-0.926581241820335,-2.08561356366699,2.08561356366699,-1.11454733801798,1.11454733801798,-0.718802979336316,0.718802979336316,0.267072437710876,-0.267072437710876,1.81490445781489,-1.81490445781489,-1.07068276440064,1.07068276440064,-1.09527700346877,1.09527700346877,1.02085718861199,-1.02085718861199,0.0114462651244415,-0.0114462651244415,0.365977959849986,-0.365977959849986,0.248808198224422,-0.248808198224422,-1.01152449451596,1.01152449451596,0.688612016993314,-0.688612016993314,-1.02758956257544,1.02758956257544,1.73581169300442,-1.73581169300442,-0.153713304438711,0.153713304438711,-0.335826230997589,0.335826230997589,-0.310856891021953,0.310856891021953,-0.74327959566173,0.74327959566173,1.2869436420646,-1.2869436420646,0.793412659338629,-0.793412659338629
1.39926599409251,-1.39926599409251,-0.344304957611909,0.344304957611909,-0.746791951755692,0.746791951755692,1.57258645603618,-1.57258645603618,0.995699476805928,-0.995699476805928,1.34953048169243,-1.34953048169243,-1.19787758829358,1.19787758829358,1.21222045836753,-1.21222045836753,-1.22554428124107,1.22554428124107,-0.971707834513031,0.971707834513031,0.530922799801866,-0.530922799801866,-0.09922296177149,0.09922296177149,0.789777901827246,-0.789777901827246,-0.292488336020944,0.292488336020944,-0.657336207700009,0.657336207700009,-0.406111327831665,0.406111327831665,0.532783886091487,-0.532783886091487,-0.523321937208194,0.523321937208194,-0.074560430443646,0.074560430443646,0.307151402927398,-0.307151402927398,-1.64926585189567,1.64926585189567,-0.473349900208161,0.473349900208161,1.3732194926802,-1.3732194926802,-0.786796498336782,0.786796498336782,-0.124607654294924,0.124607654294924,-0.782351017190133,0.782351017190133,-0.390768585360614,0.390768585360614,0.240535825756005,-0.240535825756005,-0.224864467689847,0.224864467689847,2.07131462720978,-2.07131462720978,-0.327971334045764,0.327971334045764,0.76563898718643,-0.76563898718643,-0.776425931609459,0.776425931609459,1.65480333354418,-1.65480333354418,0.225732145241318,-0.225732145241318,1.80322008164756,-1.80322008164756,0.289160724178703,-0.289160724178703,-0.194543009036487,0.194543009036487,1.22761778930663,-1.22761778930663,0.689763704354809,-0.689763704354809,-0.164087679764968,0.164087679764968,-0.411121929259771,0.411121929259771,0.480191927649523,-0.480191927649523,-0.340325522950222,0.340325522950222,1.73514246680559,-1.73514246680559,-0.324350483718044,0.324350483718044,-1.49051576190841,1.49051576190841,0.559697056815327,-0.559697056815327,-0.268977702347701,0.268977702347701,1.25760239577564,-1.25760239577564,0.194080767012884,-0.194080767012884,0.456930181290852,-0.456930181290852,0.0704353753221656,-0.0704353753221656,0.741447896965111,-0.741447896965111,-0.274490166496777,0.274490166496777,0.0827199609653453,-0.0827199609653453,-0.434428271155034,0.434428271155034,-1.38096885881007,1.38096885881007,-0.634916126253868,0.634916126253868,-0.195474636893773,0.195474636893773,0.499818379838763,-0.499818379838763,-1.02551866536413,1.02551866536413,0.0674787781422159,-0.0674787781422159,-0.441990490067569,0.441990490067569,1.57891162912724,-1.57891162912724,0.890715612468653,-0.890715612468653,-0.828453584683564,0.828453584683564,0.691939433731902,-0.691939433731902,1.92486386962039,-1.92486386962039,-0.939127081184474,0.939127081184474,1.8437046521739,-1.8437046521739,-1.35278718898357,1.35278718898357,2.55273426970037,-2.55273426970037,0.368647025653147,-0.368647025653147,-0.57586101427002,0.57586101427002,-0.0988675915295678,0.0988675915295678,0.0526302094626096,-0.0526302094626096,-1.35459819439368,1.35459819439368,1.0242690971774,-1.0242690971774,1.98578146056658,-1.98578146056658,-0.510275541589183,0.510275541589183,0.113049524380404,-0.113049524380404,1.442000840921,-1.442000840921,1.36568547944543,-1.36568547944543,-0.281436880832861,0.281436880832861,-0.207241755533502,0.207241755533502,0.491784305308222,-0.491784305308222,0.545105146625378,-0.545105146625378,1.74407838878722,-1.74407838878722,-1.47561356206238,1.47561356206238,0.45031797374669,-0.45031797374669,0.208094616029388,-0.208094616029388,2.21934173740782,-2.21934173740782,-0.247421712513395,0.247421712513395,-1.29783187363495,1.29783187363495,-1.11356536853331,1.11356536853331,-2.58512466230557,2.58512466230557,-1.1825258389872,1.1825258389872,-0.246864227240956,0.246864227240956,-0.253097461026137,0.253097461026137,0.456869838224003,-0.456869838224003,0.173575666989609,-0.173575666989609,-0.308470402462925,0.308470402462925,-1.54130584285934,1.54130584285934,0.824742287518859,-0.824742287518859,0.80724682241301,-0.80724682241301,-0.545207948131683,0.545207948131683,0.443357073349408,-0.443357073349408,0.681740557027084,-0.681740557027084,-0.105851813636413,0.105851813636413,-0.70637927489913,0.70637927489913,0.577420614982535,-0.577420614982535,-1.43986109706545,1.43986109706545,0.244062080610953,-0.244062080610953,1.55666775226638,-1.55666775226638,-0.267481714957821,0.267481714957821,0.452163079595725,-0.452163079595725,0.169596573982961,-0.169596573982961,-0.200715296574403,0.200715296574403,-0.779595240987313,0.779595240987313,0.969817454083147,-0.969817454083147,-0.95301542960694,0.95301542960694,0.852417403418345,-0.852417403418345,0.378490267709749,-0.378490267709749,1.38146393820148,-1.38146393820148,-2.36872930087216,2.36872930087216,0.0128223423780423,-0.0128223423780423,-1.06135375549777,1.06135375549777,1.77177749466293,-1.77177749466293,-1.02438901415902,1.02438901415902,0.0166223680004028,-0.0166223680004028,-0.5594185578333,0.5594185578333,0.876031738768118,-0.876031738768118,-0.342311312546911,0.342311312546911,0.988999766347357,-0.988999766347357,0.2966309945629,-0.2966309945629,-0.427620316398042,0.427620316398042,-1.69154614696474,1.69154614696474,0.0777393551691699,-0.0777393551691699,-1.18047919741186,1.18047919741186,1.0758501026781,-1.0758501026781,0.196355067663065,-0.196355067663065,0.434279852217956,-0.434279852217956,0.886949809500876,-0.886949809500876,0.144480454938378,-0.144480454938378,-1.70796356493083,1.70796356493083,1.16081932506108,-1.16081932506108,0.178088803221971,-0.178088803221971,1.55960508163436,-1.55960508163436,-2.36620525209929,2.36620525209929,-1.39161973081633,1.39161973081633,-1.09207693257303,1.09207693257303,-1.12288633957826,1.12288633957826,-0.726815515514809,0.726815515514809,-0.7377133501068,0.7377133501068,-0.320725598280346,0.320725598280346,0.0440405791093151,-0.0440405791093151,0.282145586060748,-0.282145586060748,0.722746693584604,-0.722746693584604,-0.17165385732129,0.17165385732129,0.376445349732855,-0.376445349732855,0.333521683939115,-0.333521683939115,1.31731680268175,-1.31731680268175,1.11665688270627,-1.11665688270627,-1.05733664346817,1.05733664346817,0.0386304260518689,-0.0386304260518689,0.185807142823107,-0.185807142823107,-0.143026712406733,0.143026712406733,-0.174238021933897,0.174238021933897,-0.333730811337447,0.333730811337447,1.38040672366819,-1.38040672366819,-0.36619283694419,0.36619283694419,0.311558754357226,-0.311558754357226,-1.20482229538373,1.20482229538373,0.746427044223853,-0.746427044223853,-0.595059891120463,0.595059891120463,0.328222978872944,-0.328222978872944,0.32212261426231,-0.32212261426231,0.350118585774358,-0.350118585774358,-1.09944020736513,1.09944020736513,0.412715160923586,-0.412715160923586,-0.264934425778134,0.264934425778134,0.892511935334729,-0.892511935334729,-2.17596123662954,2.17596123662954,-1.60286917610678,1.60286917610678,-2.00590268684106,2.00590268684106,-1.46139355184258,1.46139355184258,-0.0913444704983473,0.0913444704983473,0.847653502659366,-0.847653502659366,-1.72858214613593,1.72858214613593,-1.04268324862064,1.04268324862064,0.437195326454504,-0.437195326454504,0.694880475626856,-0.694880475626856,-0.571675666529317,0.571675666529317,-0.767192056454484,0.767192056454484,-0.656122658209836,0.656122658209836,2.01794570108412,-2.01794570108412,1.84609378253616,-1.84609378253616,-1.70987590790782,1.70987590790782,-0.43484488613478,0.43484488613478,1.56091197031306,-1.56091197031306,-0.728264785190567,0.728264785190567,-0.20785230818832,0.20785230818832,0.465822240490986,-0.465822240490986,1.51683045117846,-1.51683045117846,0.707603008343176,-0.707603008343176,0.770190675713502,-0.770190675713502,-2.27109452357286,2.27109452357286,-1.3089096058563,1.3089096058563,1.77972855514013,-1.77972855514013,0.650849059887777,-0.650849059887777,-0.213251990274029,0.213251990274029,-2.97867907758952,2.97867907758952,0.0497742703889149,-0.0497742703889149,-2.31602749702187,2.31602749702187,1.09584210289847,-1.09584210289847,-0.303947332109513,0.303947332109513,-0.682822941505802,0.682822941505802,0.257208133158068,-0.257208133158068,-0.709669706190565,0.709669706190565,-0.582787490446026,0.582787490446026,-0.425658460285808,0.425658460285808,0.906410211258878,-0.906410211258878,0.242745075516378,-0.242745075516378,-0.264337576406506,0.264337576406506,-0.0116887743530769,0.0116887743530769,0.909941823161932,-0.909941823161932,-0.760641428721657,0.760641428721657,-0.227408642116577,0.227408642116577,-0.340399270649511,0.340399270649511,0.49997897220921,-0.49997897220921,-1.76293324920898,1.76293324920898,-0.378268856074082,0.378268856074082,1.03041795751213,-1.03041795751213,-0.869392238316603,0.869392238316603,-1.57861258083444,1.57861258083444,2.06568453452704,-2.06568453452704,-0.460179258033224,0.460179258033224,0.293075487814064,-0.293075487814064,-0.258942153162518,0.258942153162518,-0.251571173383983,0.251571173383983,-1.3397863335251,1.3397863335251,1.24807417691773,-1.24807417691773,0.994604796641793,-0.994604796641793,1.24656285982952,-1.24656285982952,0.362131921009962,-0.362131921009962,-3.24050318708277,3.24050318708277,0.527501736917208,-0.527501736917208,-2.41204429137282,2.41204429137282,-0.313080784086238,0.313080784086238,0.460698992688588,-0.460698992688588,-1.21173001359218,1.21173001359218,-0.927392094903759,0.927392094903759,-0.0942572720996997,0.0942572720996997,-0.341637509140022,0.341637509140022,-0.00117637081246613,0.00117637081246613,-1.2762268835023,1.2762268835023,-0.77571893432232,0.77571893432232,-0.415974633039615,0.415974633039615,-1.17704530733331,1.17704530733331,-0.555637037985984,0.555637037985984,1.04350059594375,-1.04350059594375,1.00637382909622,-1.00637382909622,0.103835267910302,-0.103835267910302,2.19639678056166,-2.19639678056166,0.989517037902773,-0.989517037902773,-0.232647685711011,0.232647685711011,-0.499913872123296,0.499913872123296,1.00106982275435,-1.00106982275435,0.202969762496232,-0.202969762496232,-0.348008943525404,0.348008943525404,-0.335125135794815,0.335125135794815,1.25726866673202,-1.25726866673202,-0.534993988956755,0.534993988956755,-0.521709073023114,0.521709073023114,-0.638498296068467,0.638498296068467,-1.14633870064042,1.14633870064042,-0.674932829470925,0.674932829470925,-0.630196058451742,0.630196058451742,-1.91948891723458,1.91948891723458,1.32877244678354,-1.32877244678354,1.23072359942837,-1.23072359942837,-1.06198396086522,1.06198396086522,1.16712558670942,-1.16712558670942,0.841883939975221,-0.841883939975221,0.483183303671398,-0.483183303671398,-0.481290567608638,0.481290567608638,-1.02303140109123,1.02303140109123,-0.554611532648469,0.554611532648469,0.0502620279273485,-0.0502620279273485,1.10256722329894,-1.10256722329894,-1.2264571674655,1.2264571674655,-2.0688735603188,2.0688735603188,0.13610955684485,-0.13610955684485,0.373563755602505,-0.373563755602505,-0.415482239707809,0.415482239707809,0.0630279937030678,-0.0630279937030678,-0.185887215592513,0.185887215592513,1.25796105825806,-1.25796105825806,-0.121488351811253,0.121488351811253,-1.4843135567907,1.4843135567907,-1.3702755930382,1.3702755930382,-1.639813003194,1.639813003194,-0.726659441293654,0.726659441293654,-0.283126874856495,0.283126874856495,0.391685013261141,-0.391685013261141,-1.89196847063265,1.89196847063265,-0.352002106713222,0.352002106713222,-0.396097772074723,0.396097772074723,-0.872007649953,0.872007649953,-0.651174545897474,0.651174545897474,-0.21501440890584,0.21501440890584,-0.864034683013699,0.864034683013699,0.215896291395613,-0.215896291395613,-1.51482931415873,1.51482931415873,-0.712967683314106,0.712967683314106,-0.429752375341643,0.429752375341643,-0.748623829958282,0.748623829958282,-0.531108148834879,0.531108148834879,0.905083702637486,-0.905083702637486,0.9509916051122,-0.9509916051122,0.418170645675936,-0.418170645675936,0.161606546590832,-0.161606546590832,-0.0722139095865431,0.0722139095865431,0.43789266211417,-0.43789266211417,-2.51845476739252,2.51845476739252,0.526050607139642,-0.526050607139642,-1.16512515718589,1.16512515718589,-0.01481522160858,0.01481522160858,-0.848725634060851,0.848725634060851,0.105000116701246,-0.105000116701246,0.119996210558846,-0.119996210558846,-1.2711052376045,1.2711052376045,0.0683704723726827,-0.0683704723726827,-0.26173805366065,0.26173805366065,0.540966786563361,-0.540966786563361,0.918936227615447,-0.918936227615447,-0.554942803848369,0.554942803848369,0.785431561124175,-0.785431561124175,-1.29434269318164,1.29434269318164,-1.54891880078638,1.54891880078638,0.291424080788826,-0.291424080788826,0.203917350609649,-0.203917350609649,-1.50538052453571,1.50538052453571,-1.35315784388571,1.35315784388571,-0.934472745496374,0.934472745496374,-0.611184529498523,0.611184529498523,0.846756373152406,-0.846756373152406,-0.0489577237341914,0.0489577237341914,-0.124871934945311,0.124871934945311,0.485730954411113,-0.485730954411113,-0.936211874102963,0.936211874102963,0.101510461132515,-0.101510461132515,-0.413643921675917,0.413643921675917,0.0135923354304381,-0.0135923354304381,-0.901948728770095,0.901948728770095,0.216205082092058,-0.216205082092058,-0.591455508697021,0.591455508697021,2.14053079285567,-2.14053079285567,-0.0389729040974245,0.0389729040974245,-1.42234123285717,1.42234123285717,-0.481326503067705,0.481326503067705,-0.273689593888507,0.273689593888507,-0.608015667150239,0.608015667150239,-0.69283995208885,0.69283995208885,-1.96769590548357,1.96769590548357,1.80009905493496,-1.80009905493496,0.284874104067876,-0.284874104067876,-1.32548221235107,1.32548221235107,1.38235061263128,-1.38235061263128,0.0682132563233926,-0.0682132563233926,1.07987450205135,-1.07987450205135,-0.462513825983177,0.462513825983177,-0.305497439251194,0.305497439251194,0.110442285067887,-0.110442285067887,0.571209698996466,-0.571209698996466,-0.826901590819652,0.826901590819652,0.157696142851932,-0.157696142851932,1.45603884465791,-1.45603884465791,0.783290571802646,-0.783290571802646,-1.30914679991342,1.30914679991342,-3.38189026732496,3.38189026732496,-1.11357427407137,1.11357427407137,-1.2871040027968,1.2871040027968,0.0826959386289769,-0.0826959386289769,0.33086275422364,-0.33086275422364,1.12260754431483,-1.12260754431483,0.0290013447195813,-0.0290013447195813,0.117869010355936,-0.117869010355936,2.27256746951292,-2.27256746951292,1.95489862098373,-1.95489862098373,-0.433027246211857,0.433027246211857,1.83437182792773,-1.83437182792773,-1.18736872619247,1.18736872619247,0.42077354477321,-0.42077354477321,0.941620866822379,-0.941620866822379,-0.614333597410876,0.614333597410876,0.414690597676023,-0.414690597676023,-1.43377787928249,1.43377787928249,1.6547961245604,-1.6547961245604,1.54655195937074,-1.54655195937074,1.10912501549045,-1.10912501549045,0.497440204809713,-0.497440204809713,-1.48863596321877,1.48863596321877,-0.509549705266292,0.509549705266292,0.181413503814214,-0.181413503814214,0.392329487999865,-0.392329487999865,-1.23356691638625,1.23356691638625,-1.22664910433943,1.22664910433943,0.938644535352142,-0.938644535352142,0.0416223739231909,-0.0416223739231909,0.617603571007728,-0.617603571007728,0.838700032659743,-0.838700032659743,-0.665040010970694,0.665040010970694,1.33844868720409,-1.33844868720409,1.55334399763845,-1.55334399763845,-1.52169594133371,1.52169594133371,0.473578749675349,-0.473578749675349,-0.549748345516157,0.549748345516157,-0.0838954511792202,0.0838954511792202,0.42212376169865,-0.42212376169865,0.391998010590207,-0.391998010590207,-1.00811346819692,1.00811346819692,-0.332041657543357,0.332041657543357,-1.30249081984539,1.30249081984539,-0.152065455098036,0.152065455098036,0.387749273180481,-0.387749273180481,1.37761917963027,-1.37761917963027,0.623632813044602,-0.623632813044602,0.277151859549245,-0.277151859549245,-0.264627371260473,0.264627371260473,0.451237829926219,-0.451237829926219,-0.496456642444856,0.496456642444856,-0.456076082400574,0.456076082400574,1.13783687828645,-1.13783687828645,1.3482815640295,-1.3482815640295,-1.69669479558633,1.69669479558633,-0.952648355003576,0.952648355003576,0.13553203283552,-0.13553203283552,0.342996454478676,-0.342996454478676,-1.91693788271173,1.91693788271173,0.033101151769024,-0.033101151769024,-0.897922832575721,0.897922832575721,-0.36708278798814,0.36708278798814,0.235392973104287,-0.235392973104287,0.661045550319319,-0.661045550319319,0.343132907919562,-0.343132907919562,1.69481625974096,-1.69481625974096,0.684239540632813,-0.684239540632813,-0.0146294511444682,0.0146294511444682,1.61284214011882,-1.61284214011882,0.583418959346455,-0.583418959346455,-0.0212208014355914,0.0212208014355914,-0.183305655176949,0.183305655176949,0.344844644756895,-0.344844644756895,-0.403546562698126,0.403546562698126,-0.0958842127105503,0.0958842127105503,0.74254727391364,-0.74254727391364,0.960986290364587,-0.960986290364587,1.06372720793105,-1.06372720793105,2.54397701012118,-2.54397701012118,-1.4657092056479,1.4657092056479,-0.786845745461502,0.786845745461502,-0.823416961607048,0.823416961607048,0.517401480014502,-0.517401480014502,-1.82392467309154,1.82392467309154,0.840870570522207,-0.840870570522207,0.249168929551473,-0.249168929551473,0.407235841441068,-0.407235841441068,-0.0686528796960036,0.0686528796960036,-0.731598429525945,0.731598429525945,1.08054010279745,-1.08054010279745,1.39672322014098,-1.39672322014098,-0.454308771173621,0.454308771173621,0.398188111847341,-0.398188111847341,-0.640369446045065,0.640369446045065,0.209476961389487,-0.209476961389487,0.788416569759303,-0.788416569759303,1.03843073504314,-1.03843073504314,-0.0632052278888697,0.0632052278888697,0.92472237248364,-0.92472237248364,-3.76036294464568,3.76036294464568,1.23415987163706,-1.23415987163706,-0.352670526284384,0.352670526284384,0.606691105807668,-0.606691105807668,-1.02212990617671,1.02212990617671,1.27065658261192,-1.27065658261192,0.0491513347935563,-0.0491513347935563,1.49059559969136,-1.49059559969136,-0.305688855350348,0.305688855350348,-0.0309717289020608,0.0309717289020608,-0.307772069505084,0.307772069505084,-0.0489842628126021,0.0489842628126021,0.0792325563555601,-0.0792325563555601,-0.020560327812102,0.020560327812102,0.44761811329051,-0.44761811329051,-0.271182989778714,0.271182989778714,-1.10335322322417,1.10335322322417,-0.231115007816621,0.231115007816621,0.49148340523597,-0.49148340523597,-0.276144254724525,0.276144254724525,0.675526322337962,-0.675526322337962,1.55234047982323,-1.55234047982323,-0.632168212659124,0.632168212659124,0.16908529332565,-0.16908529332565,-1.15315730740773,1.15315730740773,0.707923841109652,-0.707923841109652,0.864289784432759,-0.864289784432759,-1.13264570544906,1.13264570544906,-1.54128123152342,1.54128123152342,-0.20859958763142,0.20859958763142,0.50578220188316,-0.50578220188316,0.84398104365609,-0.84398104365609,-1.4851063505393,1.4851063505393,-1.55766373935986,1.55766373935986,1.15941856502156,-1.15941856502156,-0.551442508891443,0.551442508891443,0.535650217937451,-0.535650217937451,0.468019449391833,-0.468019449391833,0.637872189958739,-0.637872189958739,1.84337337660308,-1.84337337660308,0.147514086213708,-0.147514086213708,0.589400040227436,-0.589400040227436,-1.68575203549933,1.68575203549933,0.29364130697835,-0.29364130697835,-2.00866890995351,2.00866890995351,-1.80084135013515,1.80084135013515,0.061830274774919,-0.061830274774919,-1.19287741866589,1.19287741866589,1.46301850211103,-1.46301850211103,0.739062179658449,-0.739062179658449,1.92423988260472,-1.92423988260472,-1.31914640362991,1.31914640362991,-0.306672723654468,0.306672723654468,-0.87476427707465,0.87476427707465,-1.6974122567607,1.6974122567607,-0.736500362163665,0.736500362163665,0.236424592736924,-0.236424592736924,0.0844155556662242,-0.0844155556662242,-0.371899963255082,0.371899963255082,-0.357621950415367,0.357621950415367,0.101575751089034,-0.101575751089034,-1.21556308655452,1.21556308655452,0.157495867908522,-0.157495867908522,1.73594404362042,-1.73594404362042,-0.22729002514414,0.22729002514414,1.36997464477954,-1.36997464477954,1.88897024744636,-1.88897024744636,0.655335676196376,-0.655335676196376,1.24525763577426,-1.24525763577426,0.0773349739776843,-0.0773349739776843,-0.0650297595247383,0.0650297595247383,-2.63874699049069,2.63874699049069,0.362311107811806,-0.362311107811806,1.22969740586272,-1.22969740586272,1.41502237335165,-1.41502237335165,-1.88660484014692,1.88660484014692,1.9689963262537,-1.9689963262537,0.56938846587565,-0.56938846587565,1.08439824950338,-1.08439824950338,-2.28908905958158,2.28908905958158,-0.524420004508585,0.524420004508585,-2.08713178102424,2.08713178102424,-0.990966539842158,0.990966539842158,0.671206423808868,-0.671206423808868,0.533083728457232,-0.533083728457232,1.28559265659556,-1.28559265659556,-0.0750708943728325,0.0750708943728325,0.809049513691571,-0.809049513691571,0.446760266197483,-0.446760266197483,-0.218710526317314,0.218710526317314,-0.613989095631038,0.613989095631038,-0.592980622988987,0.592980622988987,-0.487734854074823,0.487734854074823,-1.69916006794118,1.69916006794118,-1.81462775477825,1.81462775477825,-0.425813289235679,0.425813289235679,-0.91384777479945,0.91384777479945,0.0680889641553858,-0.0680889641553858,-1.29691961863579,1.29691961863579,1.43579332257805,-1.43579332257805,-1.40594160956909,1.40594160956909,-0.14684291904391,0.14684291904391,1.60595464470486,-1.60595464470486,0.512160661777267,-0.512160661777267,1.20298220009928,-1.20298220009928,0.941363041340669,-0.941363041340669,-0.435810843673045,0.435810843673045,-0.647204378380948,0.647204378380948,-0.904185476317556,0.904185476317556,0.978833437776036,-0.978833437776036,-0.779657207214526,0.779657207214526,1.12665942303438,-1.12665942303438,0.17978404777056,-0.17978404777056,1.10194656512697,-1.10194656512697,-1.23035814016379,1.23035814016379,-0.203694810009026,0.203694810009026,-0.760188254861491,0.760188254861491,0.877500154828012,-0.877500154828012,1.3065780431474,-1.3065780431474,-0.36555940330215,0.36555940330215,-0.548804871265472,0.548804871265472,0.541605906302604,-0.541605906302604,-0.255305825719735,0.255305825719735,-1.03888825775173,1.03888825775173,-0.446246232198905,0.446246232198905,2.6613851849383,-2.6613851849383,0.0696393985886331,-0.0696393985886331,1.16203822826259,-1.16203822826259,-0.0723511073251697,0.0723511073251697,2.16813023062854,-2.16813023062854,1.57598871021509,-1.57598871021509,-0.642777433531399,0.642777433531399,-0.135448458294476,0.135448458294476,-1.51554109240394,1.51554109240394,-0.236495780298396,0.236495780298396,-0.61099358653448,0.61099358653448,0.228762705403785,-0.228762705403785,-0.256936155960893,0.256936155960893,-0.289950443806979,0.289950443806979,-0.266064080075976,0.266064080075976,0.845646435011295,-0.845646435011295,1.49123738959614,-1.49123738959614,1.09779246630895,-1.09779246630895,1.06109900107155,-1.06109900107155,0.849513631057151,-0.849513631057151,1.02357593556492,-1.02357593556492,-0.804357953883396,0.804357953883396,0.016798708416827,-0.016798708416827,0.258321061692826,-0.258321061692826,-0.362066599116641,0.362066599116641,-0.760332091180553,0.760332091180553,-0.205372906232692,0.205372906232692,-0.197033192201183,0.197033192201183,-0.206706629765224,0.206706629765224,-0.595511807017377,0.595511807017377,0.391268063417145,-0.391268063417145,1.12069904809733,-1.12069904809733,-0.303437771936924,0.303437771936924,-0.138286800695268,0.138286800695268,0.545491926133919,-0.545491926133919,0.479367251055513,-0.479367251055513,-1.27247931618264,1.27247931618264,-0.721643311708245,0.721643311708245,-1.12625612576336,1.12625612576336,0.721860259649608,-0.721860259649608,0.883026445123125,-0.883026445123125,-0.71580554939525,0.71580554939525,-0.929480921823356,0.929480921823356,0.573407665743257,-0.573407665743257,1.19451913604768,-1.19451913604768,-0.172095828752312,0.172095828752312,0.795579936065564,-0.795579936065564,1.45193081504283,-1.45193081504283,0.605883266036804,-0.605883266036804,-0.882791519950681,0.882791519950681,-2.14801104500725,2.14801104500725,0.164035548497689,-0.164035548497689,-0.626661439753341,0.626661439753341,-0.651183454143054,0.651183454143054,-1.23594674467952,1.23594674467952,-0.197861827956829,0.197861827956829,-0.948335184949041,0.948335184949041,1.4251936169682,-1.4251936169682,0.403528743574789,-0.403528743574789,1.33277843102196,-1.33277843102196,-0.178004079173357,0.178004079173357,-0.852565968755745,0.852565968755745,0.502353419018923,-0.502353419018923,1.17797983207135,-1.17797983207135,-0.629615715613842,0.629615715613842,-0.352227130753068,0.352227130753068,-0.995507948752778,0.995507948752778,1.02465918066961,-1.02465918066961,1.05452659636872,-1.05452659636872,-1.21314322837952,1.21314322837952,-0.43792461342042,0.43792461342042,-0.723544122603353,0.723544122603353,1.65774354761033,-1.65774354761033,0.51868760110075,-0.51868760110075,0.985969907732488,-0.985969907732488,-1.98633674960702,1.98633674960702,-0.859016827758041,0.859016827758041,0.786889930346437,-0.786889930346437,-1.31524577097313,1.31524577097313,-0.810355265730356,0.810355265730356,-1.93013003727379,1.93013003727379,-0.618949333156759,0.618949333156759,-0.307606769881898,0.307606769881898,1.50427864212039,-1.50427864212039,0.861811898649092,-0.861811898649092,-0.703733850153708,0.703733850153708,0.597303546346194,-0.597303546346194,-0.575496940533058,0.575496940533058,0.621633443286122,-0.621633443286122,-1.5443181681198,1.5443181681198,-1.64976289937788,1.64976289937788,-0.106566968200974,0.106566968200974,0.649507575488099,-0.649507575488099,0.902879129186485,-0.902879129186485,-2.85741305818995,2.85741305818995,-0.0286019701072683,0.0286019701072683,0.313177058972477,-0.313177058972477,1.83180252820423,-1.83180252820423,0.409785526074138,-0.409785526074138,1.32882459485592,-1.32882459485592,0.388134455018444,-0.388134455018444,-0.0148640410286627,0.0148640410286627,-1.84772509380811,1.84772509380811,0.729346888382896,-0.729346888382896,0.676084633840486,-0.676084633840486,0.286431962846638,-0.286431962846638,-0.652229927278808,0.652229927278808,-0.36416333662041,0.36416333662041,2.07092307807722,-2.07092307807722,-0.657164880271356,0.657164880271356,-1.48084514326907,1.48084514326907,-0.501900247289468,0.501900247289468,-0.269591743536122,0.269591743536122,0.455614576127337,-0.455614576127337,-2.14644551524728,2.14644551524728,-1.7962523280622,1.7962523280622,-0.930198217559358,0.930198217559358,-0.202259966225439,0.202259966225439,0.923819941020576,-0.923819941020576,0.55187124073686,-0.55187124073686,-0.493869191588221,0.493869191588221,-0.377120930810231,0.377120930810231,-0.689645094190661,0.689645094190661,2.15978942395197,-2.15978942395197,-0.351354462620196,0.351354462620196,-2.0460187659411,2.0460187659411,-0.478362656232294,0.478362656232294,1.7335204304305,-1.7335204304305,2.46602101749735,-2.46602101749735,0.739451931308674,-0.739451931308674,-0.338895752586763,0.338895752586763,-0.128974564278153,0.128974564278153,-0.10575289563439,0.10575289563439,1.4817589319116,-1.4817589319116,-0.1460914806811,0.1460914806811,-0.0182913676227737,0.0182913676227737,0.780342652355632,-0.780342652355632,-1.62655115889145,1.62655115889145,-0.596555213703893,0.596555213703893,0.488898985647446,-0.488898985647446,1.36797284588686,-1.36797284588686,0.188936229825468,-0.188936229825468,0.0524059836178805,-0.0524059836178805,0.999763303452662,-0.999763303452662,-0.849810357878175,0.849810357878175,0.136352929957486,-0.136352929957486,0.68112650071083,-0.68112650071083,-1.58404987065203,1.58404987065203,1.15943276649905,-1.15943276649905,-0.25942896709133,0.25942896709133,1.18148307745952,-1.18148307745952,0.268118131177173,-0.268118131177173,-1.21527056779026,1.21527056779026,-0.99296351366413,0.99296351366413,0.358168092818183,-0.358168092818183,-0.415076561260139,0.415076561260139,0.926399309168789,-0.926399309168789,0.931564442530497,-0.931564442530497,-0.0483673157303689,0.0483673157303689,2.83658691176252,-2.83658691176252,0.0508794853049642,-0.0508794853049642,-0.077928569561673,0.077928569561673,0.382901796137848,-0.382901796137848,-0.348179976809538,0.348179976809538,0.564742113755556,-0.564742113755556,1.070821085478,-1.070821085478,0.14234751967068,-0.14234751967068,0.252880134036598,-0.252880134036598,0.662012461602375,-0.662012461602375,-1.66113611622231,1.66113611622231,0.0817940383770239,-0.0817940383770239,-0.485070893194429,0.485070893194429,0.212882444137199,-0.212882444137199,-0.0777087660737604,0.0777087660737604,0.73216774184377,-0.73216774184377,0.426053928448455,-0.426053928448455,0.813891541255437,-0.813891541255437,-0.0614037715477682,0.0614037715477682,-0.731479969066819,0.731479969066819,1.88838044683803,-1.88838044683803,-1.0818894861532,1.0818894861532,-0.629008439737216,0.629008439737216,-1.26152266967523,1.26152266967523,2.78420574740251,-2.78420574740251,0.409139567159531,-0.409139567159531,-0.0154456986502126,0.0154456986502126,1.66868585791196,-1.66868585791196,-0.317731747281568,0.317731747281568,-1.00883911584144,1.00883911584144,-0.912773489567978,0.912773489567978,0.434076818793815,-0.434076818793815,-0.177358175493167,0.177358175493167,-1.28405779963951,1.28405779963951,-0.771844794888279,0.771844794888279,-0.28441031612415,0.28441031612415,0.968246504100051,-0.968246504100051,-2.61172614216917,2.61172614216917,-1.05222130351324,1.05222130351324,0.402465583070629,-0.402465583070629,0.812312907269092,-0.812312907269092,0.731465859518501,-0.731465859518501,0.441277454732465,-0.441277454732465,0.288027275287999,-0.288027275287999,1.96011341649749,-1.96011341649749,0.45929497439257,-0.45929497439257,0.953964480097256,-0.953964480097256,-1.05148303190216,1.05148303190216,1.72176041610537,-1.72176041610537,0.412032413480548,-0.412032413480548,1.34850201378109,-1.34850201378109,0.576318076947607,-0.576318076947607,1.94134542407255,-1.94134542407255,0.103713834925297,-0.103713834925297,-1.74802653123563,1.74802653123563,-0.473628397064051,0.473628397064051,-0.777723165709685,0.777723165709685,-0.395406490994303,0.395406490994303,-0.165019021269397,0.165019021269397,1.99712550475881,-1.99712550475881,0.314663997747111,-0.314663997747111,0.668437126122001,-0.668437126122001,0.306280191198488,-0.306280191198488,2.31230595413301,-2.31230595413301,0.138045032413258,-0.138045032413258,1.05305373487364,-1.05305373487364,-2.04474764235833,2.04474764235833,0.440542465640359,-0.440542465640359,0.1127384551815,-0.1127384551815,0.877575546750476,-0.877575546750476,1.54443619648634,-1.54443619648634,0.332812038506009,-0.332812038506009,0.799619809260538,-0.799619809260538,-1.82692986557805,1.82692986557805,1.08098220099401,-1.08098220099401,0.535643261464432,-0.535643261464432,-0.93821270418952,0.93821270418952,-0.821888003122044,0.821888003122044,-0.608558955500057,0.608558955500057,2.10837619419546,-2.10837619419546,-0.125221039093745,0.125221039093745,0.933867961214389,-0.933867961214389,0.950241956934442,-0.950241956934442,0.424162410623875,-0.424162410623875,-1.2165054563231,1.2165054563231,-0.637786703851538,0.637786703851538,0.129132647844293,-0.129132647844293,-1.13036055052638,1.13036055052638,-1.04412774746788,1.04412774746788,2.92928860615284,-2.92928860615284,-0.192838152626453,0.192838152626453,-1.02648626615997,1.02648626615997,-0.45440258049133,0.45440258049133,-0.258979441268946,0.258979441268946,0.660342215405863,-0.660342215405863,0.138024546548938,-0.138024546548938,-0.394715021182472,0.394715021182472,-0.472448143765389,0.472448143765389,0.0225539141695454,-0.0225539141695454,-0.556298908776322,0.556298908776322,0.620739899181351,-0.620739899181351,-0.961548319367717,0.961548319367717,-0.773433527796716,0.773433527796716,-1.43376627264731,1.43376627264731,-0.898806075457078,0.898806075457078,-0.241386809291801,0.241386809291801,-1.43177668911856,1.43177668911856,-1.89025692613083,1.89025692613083,-1.72994098138645,1.72994098138645,0.468718321877842,-0.468718321877842,1.02408355653373,-1.02408355653373,1.38628064323639,-1.38628064323639,-0.423371260796265,0.423371260796265,-1.15753725671477,1.15753725671477,0.0211307741260496,-0.0211307741260496,-1.92739761204851,1.92739761204851,-0.238050431846661,0.238050431846661,1.11337891046453,-1.11337891046453,-0.273841308338865,0.273841308338865,0.441379606554777,-0.441379606554777,1.5335361777384,-1.5335361777384,0.551829730214209,-0.551829730214209,-1.06510184250271,1.06510184250271,0.333617406851173,-0.333617406851173,0.315729089616341,-0.315729089616341,-1.40608500208699,1.40608500208699,-0.610717908366757,0.610717908366757,0.835445147969195,-0.835445147969195,2.12888485738342,-2.12888485738342,-1.81219104051815,1.81219104051815,0.848732222008602,-0.848732222008602,0.0621277050448667,-0.0621277050448667,-0.541258744340174,0.541258744340174,1.22746792374655,-1.22746792374655,-0.0990313483044108,0.0990313483044108,0.201403030946852,-0.201403030946852,-0.884099132412025,0.884099132412025,-0.683754101602465,0.683754101602465,0.175046595379729,-0.175046595379729,-0.543627266307687,0.543627266307687,0.57252774475909,-0.57252774475909,-0.913357819965366,0.913357819965366,-0.844493393424595,0.844493393424595,-0.185570707844196,0.185570707844196,0.517148780629172,-0.517148780629172,-0.483022780537075,0.483022780537075,-0.631744082383152,0.631744082383152,-1.02820497251623,1.02820497251623,0.778153907080464,-0.778153907080464,0.837253970501474,-0.837253970501474,0.528544709832306,-0.528544709832306,1.82520653524349,-1.82520653524349,-0.16226723599611,0.16226723599611,1.00133827626403,-1.00133827626403,-0.766919151837127,0.766919151837127,1.3222661780942,-1.3222661780942,1.46387763407207,-1.46387763407207,0.065515679466982,-0.065515679466982,0.338920578122658,-0.338920578122658,0.126267611275573,-0.126267611275573,0.927125881632615,-0.927125881632615,-0.665268572261959,0.665268572261959,0.281352373899259,-0.281352373899259,0.537911433639496,-0.537911433639496,0.0137587923017584,-0.0137587923017584,-0.0604152820133541,0.0604152820133541,-0.388999625212606,0.388999625212606,-2.14506249554572,2.14506249554572,-0.566241930053697,0.566241930053697,-0.919252122729194,0.919252122729194,-0.344803041730648,0.344803041730648,-1.35451434357562,1.35451434357562,1.22417714817596,-1.22417714817596,1.71558079531512,-1.71558079531512,-0.198243292462989,0.198243292462989,-0.445970277536527,0.445970277536527,-0.71563839633181,0.71563839633181,0.170114994034374,-0.170114994034374,0.609275227939793,-0.609275227939793,-1.4768082995992,1.4768082995992,-0.658122629654839,0.658122629654839,-0.308787765707429,0.308787765707429,0.76925186850188,-0.76925186850188,-0.210536329301797,0.210536329301797,0.377889997035243,-0.377889997035243,-0.0406533186846509,0.0406533186846509,-1.03690203924426,1.03690203924426,-1.27411439244818,1.27411439244818,-0.87829799587579,0.87829799587579,-0.185896279387203,0.185896279387203,0.392798621053627,-0.392798621053627,0.578190685883061,-0.578190685883061,-0.959921331691775,0.959921331691775,-1.12847161763753,1.12847161763753,-0.892984484618138,0.892984484618138,-1.12749548379718,1.12749548379718,-0.364107524569966,0.364107524569966,0.770171631857289,-0.770171631857289,-0.671353972330877,0.671353972330877,1.08884639617078,-1.08884639617078,1.15208957654147,-1.15208957654147,0.0154177083477251,-0.0154177083477251,0.199569755843304,-0.199569755843304,-1.63921833109518,1.63921833109518,0.373362945942609,-0.373362945942609,-1.05005376964041,1.05005376964041,-0.731213688147291,0.731213688147291,-1.24283867959983,1.24283867959983,0.691583141475326,-0.691583141475326,-0.71940581691228,0.71940581691228,-0.412143708098252,0.412143708098252,-1.27696430241281,1.27696430241281,0.278390480167551,-0.278390480167551,0.59040797019116,-0.59040797019116,-1.32513466381117,1.32513466381117,1.03936233712398,-1.03936233712398,-0.947428977140526,0.947428977140526,0.657528526263452,-0.657528526263452,0.215393217367455,-0.215393217367455,-1.81599287208499,1.81599287208499,-0.241815377958858,0.241815377958858,-0.22450985954383,0.22450985954383,0.180847052402418,-0.180847052402418,0.777063468005312,-0.777063468005312,0.356481194167548,-0.356481194167548,0.358125458703769,-0.358125458703769,0.266696838004654,-0.266696838004654,-0.563074057019104,0.563074057019104,-0.613865540470741,0.613865540470741,-0.511700721137806,0.511700721137806,0.324577212932786,-0.324577212932786,0.787333931448187,-0.787333931448187,0.0456749822120419,-0.0456749822120419,-0.0470625158939667,0.0470625158939667,-1.04455168797422,1.04455168797422,0.786665471115725,-0.786665471115725,2.57742614464027,-2.57742614464027,-0.192013356039629,0.192013356039629,-0.879451028323736,0.879451028323736,1.1829234822124,-1.1829234822124,0.385274591335485,-0.385274591335485,0.0630723561073657,-0.0630723561073657,1.94059984392121,-1.94059984392121,0.600964993719734,-0.600964993719734,0.15084295178138,-0.15084295178138,-0.163339197504812,0.163339197504812,-0.153816036669044,0.153816036669044,0.204457459887934,-0.204457459887934,1.70915555822295,-1.70915555822295,-0.9600233905256,0.9600233905256,0.16688733848581,-0.16688733848581,0.616227705911409,-0.616227705911409,0.818399165734567,-0.818399165734567,-1.09080087038626,1.09080087038626,0.69015672968104,-0.69015672968104,-0.609706921616113,0.609706921616113,1.04052917429421,-1.04052917429421,0.980074169053058,-0.980074169053058,0.0803292398033527,-0.0803292398033527,0.275596444990478,-0.275596444990478,-1.01138082869126,1.01138082869126,-0.448828607558856,0.448828607558856,1.40298208873785,-1.40298208873785,-0.517516532220443,0.517516532220443,0.779903431983908,-0.779903431983908,-0.161131196171566,0.161131196171566,0.822716156015617,-0.822716156015617,1.36157277716804,-1.36157277716804,-0.442164962767084,0.442164962767084,-1.22230492468073,1.22230492468073,-0.0939387109615052,0.0939387109615052,-0.541919427427907,0.541919427427907,-2.85923978101917,2.85923978101917,0.527498749296019,-0.527498749296019,-1.42903626713351,1.42903626713351,-2.45513172766136,2.45513172766136,-1.08935051554204,1.08935051554204,-0.403258979983322,0.403258979983322,-1.13920528680519,1.13920528680519,1.38255050003309,-1.38255050003309,0.0235246897777499,-0.0235246897777499,0.152974629329221,-0.152974629329221,1.43292158859042,-1.43292158859042,-0.761711278486925,0.761711278486925,2.12617344101942,-2.12617344101942,0.69655162578634,-0.69655162578634,0.0045358137081309,-0.0045358137081309,-1.07781650885522,1.07781650885522,-1.14869806222296,1.14869806222296,-1.11062727093925,1.11062727093925,0.8154286565013,-0.8154286565013,-0.780924934007186,0.780924934007186,-1.16351348807134,1.16351348807134,-0.581579824746105,0.581579824746105,1.61762866739329,-1.61762866739329,0.0797236804750994,-0.0797236804750994,-1.4951758463162,1.4951758463162,-1.89268395840169,1.89268395840169,0.133809014349444,-0.133809014349444,0.164454674454286,-0.164454674454286,-0.963928759464768,0.963928759464768,-1.74343830683739,1.74343830683739,-0.538246248981699,0.538246248981699,-2.44236562053499,2.44236562053499,0.0530570300654092,-0.0530570300654092,-0.406134684618466,0.406134684618466,0.562560725808043,-0.562560725808043,-1.88355232036005,1.88355232036005,-1.33244084187978,1.33244084187978,0.0242666913711019,-0.0242666913711019,0.564180812425253,-0.564180812425253,0.286800133529579,-0.286800133529579,0.135839148639819,-0.135839148639819,-0.238933323678591,0.238933323678591,0.985310648024659,-0.985310648024659,-0.769768527294505,0.769768527294505,-2.1961442732593,2.1961442732593,0.41314924403391,-0.41314924403391,-0.973547717641841,0.973547717641841,1.9681567381514,-1.9681567381514,1.05607108632488,-1.05607108632488,1.13773951898183,-1.13773951898183,-0.448551996848714,0.448551996848714,0.156297891122424,-0.156297891122424,-0.599275407125893,0.599275407125893,0.481981997653282,-0.481981997653282,-1.22071300373703,1.22071300373703,-1.62051325874229,1.62051325874229,-0.874719292072301,0.874719292072301,0.473127330126274,-0.473127330126274,0.562002051848443,-0.562002051848443,0.585853146536366,-0.585853146536366,0.219015472623748,-0.219015472623748,-1.06279805141212,1.06279805141212,0.874680936543363,-0.874680936543363,-0.685103294321949,0.685103294321949,0.407188866975769,-0.407188866975769,1.08165553112666,-1.08165553112666,0.135642189594109,-0.135642189594109,-0.750090034364013,0.750090034364013,1.37724959084943,-1.37724959084943,1.62984480512086,-1.62984480512086,0.641263591441582,-0.641263591441582,1.22277223014722,-1.22277223014722,0.28827237853997,-0.28827237853997,0.0109496730158131,-0.0109496730158131,-2.0908775826657,2.0908775826657,0.414398903111202,-0.414398903111202,-0.603610552987193,0.603610552987193,-0.83782357501802,0.83782357501802,-1.20887535476602,1.20887535476602,-2.45916761315953,2.45916761315953,-1.53675959473227,1.53675959473227,-0.402460195921037,0.402460195921037,0.801238671450518,-0.801238671450518,-0.734770099955469,0.734770099955469,0.0228995598571916,-0.0228995598571916,1.74167589878277,-1.74167589878277,-0.871266467367769,0.871266467367769,-0.31472991532035,0.31472991532035,0.288131497312697,-0.288131497312697,-2.32782432868574,2.32782432868574,0.634252012339527,-0.634252012339527,1.85402851267451,-1.85402851267451,-0.530026923637254,0.530026923637254,-0.325367287369725,0.325367287369725,-0.127871873254772,0.127871873254772,-0.669528910736555,0.669528910736555,1.34468902558381,-1.34468902558381,-1.48343585746683,1.48343585746683,0.885970707014911,-0.885970707014911,0.28916791522661,-0.28916791522661,-0.369100754088643,0.369100754088643,0.00753467951853866,-0.00753467951853866,0.828487053851242,-0.828487053851242,-1.62051738951539,1.62051738951539,-2.2760459628988,2.2760459628988,-1.61613964019797,1.61613964019797,1.2989204452176,-1.2989204452176,0.273900366709672,-0.273900366709672,0.243008679010167,-0.243008679010167,-0.944958003924226,0.944958003924226,-0.848680367761199,0.848680367761199,0.223431115732234,-0.223431115732234,2.39711669073805,-2.39711669073805,-0.367262062661231,0.367262062661231,0.734323751548478,-0.734323751548478,0.981742131039932,-0.981742131039932,1.73226307491917,-1.73226307491917,2.22472352357467,-2.22472352357467,-1.28942172217967,1.28942172217967,-0.315565425843869,0.315565425843869,0.301920223415546,-0.301920223415546,-0.489512033088987,0.489512033088987,0.499183099255009,-0.499183099255009,0.478687824063199,-0.478687824063199,-0.456840158390451,0.456840158390451,-0.240116232202012,0.240116232202012,1.06490735632042,-1.06490735632042,0.663504616930063,-0.663504616930063,1.09489962943749,-1.09489962943749,-0.358848870282792,0.358848870282792,0.634141602229049,-0.634141602229049,-0.845169705865845,0.845169705865845,-1.19234296594837,1.19234296594837,0.288893740976691,-0.288893740976691,1.43138489440454,-1.43138489440454,0.462701216595461,-0.462701216595461,0.0540353251020041,-0.0540353251020041,-0.62744648418018,0.62744648418018,1.13611203068203,-1.13611203068203,-1.07901415600754,1.07901415600754,0.141596953445762,-0.141596953445762,1.41972980478476,-1.41972980478476,-0.733556878678066,0.733556878678066,0.76891466534546,-0.76891466534546,-1.67338320753419,1.67338320753419,0.0032185548796227,-0.0032185548796227,1.05564173824681,-1.05564173824681,-0.201680910504164,0.201680910504164,1.48122826308963,-1.48122826308963,1.40882814282739,-1.40882814282739,-1.07348221482896,1.07348221482896,0.799233442036196,-0.799233442036196,-0.763076022223703,0.763076022223703,1.17641741754267,-1.17641741754267,-1.67079829030148,1.67079829030148,-1.61690058182605,1.61690058182605,-0.0722989119304337,0.0722989119304337,0.794240232029828,-0.794240232029828,0.728803229158278,-0.728803229158278,0.856376891645807,-0.856376891645807,-0.108172784733742,0.108172784733742,0.671361736923831,-0.671361736923831,-0.227641979744375,0.227641979744375,-0.506742271883185,0.506742271883185,0.634875264086487,-0.634875264086487,-0.821851574995446,0.821851574995446,0.70116658539956,-0.70116658539956,0.281492818683629,-0.281492818683629,-0.205359749283099,0.205359749283099,-0.722455965329523,0.722455965329523,-0.735415439525074,0.735415439525074,1.87340686835605,-1.87340686835605,-0.705967482411381,0.705967482411381,0.310762530726145,-0.310762530726145,-0.0665495887380718,0.0665495887380718,-1.74040219281622,1.74040219281622,-1.25206388114907,1.25206388114907,0.275122410461474,-0.275122410461474,0.227493374360699,-0.227493374360699,-0.332967157567604,0.332967157567604,0.527432906461849,-0.527432906461849,1.06296238455661,-1.06296238455661,-0.830887855976871,0.830887855976871,0.23671668598327,-0.23671668598327,-0.348641726405006,0.348641726405006,-0.387506016987011,0.387506016987011,1.81040422347477,-1.81040422347477,-0.0820096385921248,0.0820096385921248,0.615698176343162,-0.615698176343162,-0.806955706853474,0.806955706853474,-0.725531987586243,0.725531987586243,1.3939710077435,-1.3939710077435,-0.238444344679457,0.238444344679457,-0.0876404477325598,0.0876404477325598,-0.198931356443415,0.198931356443415,0.481183401377543,-0.481183401377543,-1.22538800228251,1.22538800228251,-1.35859688352231,1.35859688352231,-0.396557593867552,0.396557593867552,-1.82627992152447,1.82627992152447,0.810600074827623,-0.810600074827623,-0.0718253749176275,0.0718253749176275,0.118195791071401,-0.118195791071401,1.60835437224231,-1.60835437224231,0.0751738819638902,-0.0751738819638902,-2.52231708074816,2.52231708074816,0.378710156547373,-0.378710156547373,1.59557651075972,-1.59557651075972,-0.52246890656693,0.52246890656693,2.07295529680927,-2.07295529680927,0.234682327779413,-0.234682327779413,0.194770754998035,-0.194770754998035,-1.42784482923556,1.42784482923556,-1.52692421894831,1.52692421894831,0.0570530312779037,-0.0570530312779037,0.831183501494458,-0.831183501494458,1.3138263845924,-1.3138263845924,-1.6875069109393,1.6875069109393,-0.763373227294577,0.763373227294577,-0.424485456058352,0.424485456058352,0.00608777225635441,-0.00608777225635441,-0.772563821766705,0.772563821766705,-1.84929978507779,1.84929978507779,0.890621725036041,-0.890621725036041,1.14048970902514,-1.14048970902514,0.905895709502002,-0.905895709502002,1.82642841380441,-1.82642841380441,-0.503009124837739,0.503009124837739,-0.283286799588346,0.283286799588346,0.128432654707267,-0.128432654707267,-0.117402591951878,0.117402591951878,0.808089023723401,-0.808089023723401,-0.115081862787231,0.115081862787231,1.48374883304674,-1.48374883304674,1.59166665063705,-1.59166665063705,0.942325130111738,-0.942325130111738,0.616300595737921,-0.616300595737921,0.503611864489857,-0.503611864489857,0.242993177074339,-0.242993177074339,-1.05200823522025,1.05200823522025,0.304255346064861,-0.304255346064861,1.48228231352033,-1.48228231352033,1.27477281722173,-1.27477281722173,0.487737310462225,-0.487737310462225,-0.0423496456154897,0.0423496456154897,-1.23018695703849,1.23018695703849,0.164093068198647,-0.164093068198647,-0.473678005848511,0.473678005848511,-0.897039194102727,0.897039194102727,-0.257101435282759,0.257101435282759,0.323759749714832,-0.323759749714832,0.768416453380381,-0.768416453380381,0.0616724833590552,-0.0616724833590552,-0.887855496809984,0.887855496809984,-0.96900961183808,0.96900961183808,-0.155550404584829,0.155550404584829,-1.16176541551831,1.16176541551831,-0.0863307027131832,0.0863307027131832,-1.34094616647863,1.34094616647863,-0.686366003817914,0.686366003817914,0.976374792453765,-0.976374792453765,1.61324289859844,-1.61324289859844,0.276935579815411,-0.276935579815411,-1.18327216937078,1.18327216937078,-0.285028295965599,0.285028295965599,0.250864586904689,-0.250864586904689,-0.661603055957296,0.661603055957296,0.147213285957657,-0.147213285957657,1.81966550857074,-1.81966550857074,-2.1104457319108,2.1104457319108,-1.28166452481933,1.28166452481933,-0.205378116273838,0.205378116273838,1.97945124261062,-1.97945124261062,1.29616699862649,-1.29616699862649,1.63454654263987,-1.63454654263987,-1.38459494584663,1.38459494584663,-0.978317233645899,0.978317233645899,0.0250457329486168,-0.0250457329486168,-0.113880297996809,0.113880297996809,-0.799489597727901,0.799489597727901,-0.434032915067402,0.434032915067402,-0.878172107416582,0.878172107416582,-0.00783572863904556,0.00783572863904556,-0.608867710503199,0.608867710503199,0.703690204178133,-0.703690204178133,0.261431731634188,-0.261431731634188,-0.335916043226742,0.335916043226742,-0.0352644471899447,0.0352644471899447,0.858905891309981,-0.858905891309981,-0.0189475992901443,0.0189475992901443,0.534376557456518,-0.534376557456518,-2.06612079448759,2.06612079448759,-1.63390812742355,1.63390812742355,-2.38432836238468,2.38432836238468,-0.775052181931072,0.775052181931072,0.937999159944761,-0.937999159944761,1.12138988376465,-1.12138988376465,0.605567522155357,-0.605567522155357,-1.67496752273441,1.67496752273441,-0.0826939124989783,0.0826939124989783,2.67806879598876,-2.67806879598876,0.297407983104828,-0.297407983104828,0.681056279375692,-0.681056279375692,-1.44819023396622,1.44819023396622,0.384909379766171,-0.384909379766171,0.587682122960976,-0.587682122960976,-0.334229852935782,0.334229852935782,-1.34375310313596,1.34375310313596,0.759580759312398,-0.759580759312398,-0.771702116655401,0.771702116655401,-1.8953188137913,1.8953188137913,-0.490943377337946,0.490943377337946,2.1746143058077,-2.1746143058077,1.6728375432188,-1.6728375432188,0.163732439995878,-0.163732439995878,-1.26528646534325,1.26528646534325,-0.124583460162949,0.124583460162949,0.324664279733166,-0.324664279733166,-0.978110895162154,0.978110895162154,-0.41033525665534,0.41033525665534,1.25484674580847,-1.25484674580847,-0.0103584305303583,0.0103584305303583,0.885364484703471,-0.885364484703471,-1.10673371322696,1.10673371322696,-0.570614013735933,0.570614013735933,0.693942393221561,-0.693942393221561,-0.819356397604638,0.819356397604638,-0.398626216846068,0.398626216846068,-0.893129337790849,0.893129337790849,1.8014233444369,-1.8014233444369,0.0031792502525391,-0.0031792502525391,-0.00100562402136918,0.00100562402136918,-0.724034808259785,0.724034808259785,1.36476879408196,-1.36476879408196,-1.30960658042589,1.30960658042589,-0.78830341835233,0.78830341835233,0.770204479375273,-0.770204479375273,-1.04854522033209,1.04854522033209,-0.706552244095316,0.706552244095316,-0.105034065994752,0.105034065994752,-0.0381571562904258,0.0381571562904258,0.467068377992758,-0.467068377992758,1.11593407220501,-1.11593407220501,1.55769696114531,-1.55769696114531,-2.17184466335791,2.17184466335791,1.35740492961136,-1.35740492961136,1.07556210258916,-1.07556210258916,-0.226539409660676,0.226539409660676,0.317759602927643,-0.317759602927643,-0.210787813004501,0.210787813004501,1.01431471796762,-1.01431471796762,-0.590545511321789,0.590545511321789,-1.74386373712237,1.74386373712237,0.866594290907956,-0.866594290907956,-0.797007720171084,0.797007720171084,-0.458527514189003,0.458527514189003,-0.268589903521363,0.268589903521363,-2.40346264301783,2.40346264301783,-0.117794902082959,0.117794902082959,0.00186011885111697,-0.00186011885111697,-0.20898391381343,0.20898391381343,0.644087774131951,-0.644087774131951,-0.264812146391124,0.264812146391124,-1.34805988686276,1.34805988686276,1.43249781380747,-1.43249781380747,0.00646285008909685,-0.00646285008909685,-0.46437092766158,0.46437092766158,-0.25596233410847,0.25596233410847,0.623162641390552,-0.623162641390552,-0.497894271154472,0.497894271154472,-0.575368002069554,0.575368002069554,0.333284622350891,-0.333284622350891,0.323904298487481,-0.323904298487481,0.315398925702246,-0.315398925702246,-1.02473850648768,1.02473850648768,-0.0483484784894567,0.0483484784894567,-0.827315042427391,0.827315042427391,-0.988721234368408,0.988721234368408,-0.408827586195873,0.408827586195873,0.44321939674335,-0.44321939674335,-1.0494122348223,1.0494122348223,-0.632431163872858,0.632431163872858,-0.347702016230112,0.347702016230112,-1.41030678401581,1.41030678401581,-0.72414880783992,0.72414880783992,-0.370717257539168,0.370717257539168,-0.209481957558086,0.209481957558086,-0.675194464016951,0.675194464016951,-0.243940023479644,0.243940023479644,-0.582821355311994,0.582821355311994,-2.26178978921531,2.26178978921531,-0.0806007849127078,0.0806007849127078,-0.111610129810893,0.111610129810893,-0.937132064792133,0.937132064792133,-0.508586689915683,0.508586689915683,0.238454690603091,-0.238454690603091,0.0719434715009241,-0.0719434715009241,0.391388932073557,-0.391388932073557,0.423554939974818,-0.423554939974818,0.530043058555518,-0.530043058555518,-2.16376155162561,2.16376155162561,-0.49378481000835,0.49378481000835,0.462261518814051,-0.462261518814051,-0.938081747572106,0.938081747572106,-0.180065261950479,0.180065261950479,0.650044681152823,-0.650044681152823,0.286969302956617,-0.286969302956617,-0.595599973837862,0.595599973837862,-0.112747686434149,0.112747686434149,0.436942356831442,-0.436942356831442,-2.88074929215148,2.88074929215148,-0.380897201907518,0.380897201907518,-0.160277536904493,0.160277536904493,0.0571294253824955,-0.0571294253824955,0.587420004435513,-0.587420004435513,-0.665883247783218,0.665883247783218,-0.108737130820219,0.108737130820219,1.52741916418761,-1.52741916418761,-0.565348775408223,0.565348775408223,0.339185658035962,-0.339185658035962,0.289500885707398,-0.289500885707398,1.80082511392615,-1.80082511392615,0.0213360932352331,-0.0213360932352331,-2.00098405717978,2.00098405717978,-0.343048790820669,0.343048790820669,-1.58385807276713,1.58385807276713,-0.121740078432211,0.121740078432211,-0.188834542122124,0.188834542122124,-1.25791177508705,1.25791177508705,-0.13930118278925,0.13930118278925,-0.459039823064107,0.459039823064107,-1.43207783632831,1.43207783632831,-0.980497479428399,0.980497479428399,0.483646585731517,-0.483646585731517,-2.10211812655933,2.10211812655933,-0.189104136011086,0.189104136011086,0.421216314649171,-0.421216314649171,1.43924817443341,-1.43924817443341,0.982205249907764,-0.982205249907764,0.510246914330166,-0.510246914330166,0.109021866795195,-0.109021866795195,-0.0126629527834686,0.0126629527834686,0.79241966598401,-0.79241966598401,-0.904156638764491,0.904156638764491,0.550906464661046,-0.550906464661046,-1.0749201260221,1.0749201260221,-0.136381192548998,0.136381192548998,-2.31562342086946,2.31562342086946,-0.428543821737324,0.428543821737324,-0.775745531693816,0.775745531693816,0.771664625410499,-0.771664625410499,1.67902431453604,-1.67902431453604,-0.0201645087326048,0.0201645087326048,0.0787603776206547,-0.0787603776206547,-1.1639250067722,1.1639250067722,1.2620756763694,-1.2620756763694,0.567368683844089,-0.567368683844089,0.0461746218345806,-0.0461746218345806,-0.588507887502061,0.588507887502061,-0.733793450903931,0.733793450903931,1.43932312456495,-1.43932312456495,0.119418521362444,-0.119418521362444,-0.257798853541798,0.257798853541798,0.51056219210175,-0.51056219210175,0.82537730140205,-0.82537730140205,0.671631327887011,-0.671631327887011,0.367634474040137,-0.367634474040137,0.134008524197727,-0.134008524197727,-0.861000023598278,0.861000023598278,-1.57246076947223,1.57246076947223,0.176055379743149,-0.176055379743149,0.387770947993364,-0.387770947993364,0.699397433270858,-0.699397433270858,0.493071033195484,-0.493071033195484,0.166679382699067,-0.166679382699067,0.217951511007255,-0.217951511007255,-0.196947693047638,0.196947693047638,-0.747477309512891,0.747477309512891,-0.496254731134688,0.496254731134688,-0.175792154380393,0.175792154380393,0.209173639916333,-0.209173639916333,0.568813187650287,-0.568813187650287,-1.11021084918861,1.11021084918861,0.32053890038281,-0.32053890038281,1.40341587493993,-1.40341587493993,-0.103492183149412,0.103492183149412,1.23294890369371,-1.23294890369371,0.0518977478026892,-0.0518977478026892,-2.27544192763456,2.27544192763456,-0.736492854952483,0.736492854952483,0.236377277862479,-0.236377277862479,0.252924326640419,-0.252924326640419,2.78988560543454,-2.78988560543454,-0.159069673230765,0.159069673230765,-1.86321613817494,1.86321613817494,0.544700384148769,-0.544700384148769,0.102398041510034,-0.102398041510034,0.423656579007637,-0.423656579007637,-1.3671322136193,1.3671322136193,-0.824409648003046,0.824409648003046,0.304476595269581,-0.304476595269581,-0.631491219161913,0.631491219161913,0.615096494335211,-0.615096494335211,-0.982127169302257,0.982127169302257,1.24871141838421,-1.24871141838421,1.13002392638204,-1.13002392638204,0.211786192026423,-0.211786192026423,1.9201350331859,-1.9201350331859,-0.908490346040104,0.908490346040104,0.172935390143115,-0.172935390143115,0.612974014861398,-0.612974014861398,0.306548028280478,-0.306548028280478,1.15958657302102,-1.15958657302102,0.932477531408274,-0.932477531408274,0.645079926600096,-0.645079926600096,-1.53521922713691,1.53521922713691,-1.04753176503442,1.04753176503442,-1.44412071433079,1.44412071433079,-0.304873969305603,0.304873969305603,-0.843981786299845,0.843981786299845,-0.078204037527443,0.078204037527443,0.0270458989611754,-0.0270458989611754,-1.62463528808785,1.62463528808785,-0.68165400067608,0.68165400067608,-1.28208586822275,1.28208586822275,1.35844525722395,-1.35844525722395,-0.455127617384168,0.455127617384168,-0.63258717535289,0.63258717535289,-0.221086241917168,0.221086241917168,-0.726939724086838,0.726939724086838,0.16487837112492,-0.16487837112492,0.347908065124976,-0.347908065124976,-0.968666933145471,0.968666933145471,-1.37951043100098,1.37951043100098,2.29654671214774,-2.29654671214774,1.05955450830612,-1.05955450830612,0.0984466272463661,-0.0984466272463661,-0.0902893583048898,0.0902893583048898,-0.24347027003607,0.24347027003607,-0.883577429695326,0.883577429695326,0.149016866332499,-0.149016866332499,-0.926383524588619,0.926383524588619,-0.172804803701579,0.172804803701579,-0.61275719784454,0.61275719784454,-0.38229836942038,0.38229836942038,-0.43376852912326,0.43376852912326,0.340966713674766,-0.340966713674766,0.418038687112057,-0.418038687112057,1.23793176522074,-1.23793176522074,-0.126179549971564,0.126179549971564,0.189820639590826,-0.189820639590826,1.40769553422385,-1.40769553422385,1.1851507695085,-1.1851507695085,2.19151748886455,-2.19151748886455,-0.887041320174579,0.887041320174579,0.185030029923504,-0.185030029923504,0.600722837728639,-0.600722837728639,0.994867272946593,-0.994867272946593,-0.956173720656839,0.956173720656839,0.0977111297884999,-0.0977111297884999,-1.63928238653864,1.63928238653864,-3.10026332713235,3.10026332713235,1.29168893116539,-1.29168893116539,0.140815549954647,-0.140815549954647,1.51534275995427,-1.51534275995427,-1.14791454529965,1.14791454529965,-0.38204094792659,0.38204094792659,-1.52428465149578,1.52428465149578,-1.4854629091328,1.4854629091328,-0.899782362226295,0.899782362226295,0.727995310910943,-0.727995310910943,-0.0183705406334122,0.0183705406334122,-0.871334541017537,0.871334541017537,-0.87296605455767,0.87296605455767,0.52941073000242,-0.52941073000242,-1.72863736293542,1.72863736293542,0.433131401073647,-0.433131401073647,0.0324473115376122,-0.0324473115376122,0.225698863902051,-0.225698863902051,-0.220897364879463,0.220897364879463,0.536507896761213,-0.536507896761213,0.0445976476403495,-0.0445976476403495,-0.244903817621135,0.244903817621135,0.416799038181898,-0.416799038181898,-1.70399225623706,1.70399225623706,1.11438186648179,-1.11438186648179,0.402787423935418,-0.402787423935418,-0.353144008876917,0.353144008876917,0.229662884945307,-0.229662884945307,0.251427365987245,-0.251427365987245,0.489267299765555,-0.489267299765555,-0.351875492440767,0.351875492440767,0.0341108403106687,-0.0341108403106687,0.361323930295763,-0.361323930295763,-0.912841836161805,0.912841836161805,-0.834675709546388,0.834675709546388,0.106068541935193,-0.106068541935193,0.0214475750910087,-0.0214475750910087,-0.322693509226049,0.322693509226049,-0.479143877912988,0.479143877912988,-3.07092577911541,3.07092577911541,-0.0109939202269264,0.0109939202269264,-0.879238647504707,0.879238647504707,-0.455589735972819,0.455589735972819,-1.65634074501055,1.65634074501055,-1.16126100908121,1.16126100908121,1.13999757645639,-1.13999757645639,0.85577485439739,-0.85577485439739,0.314108896298365,-0.314108896298365,0.0348536065114623,-0.0348536065114623,0.0973546843722403,-0.0973546843722403,-0.976569923051958,0.976569923051958,0.0422121909097085,-0.0422121909097085,1.27412537422986,-1.27412537422986,1.43770607388146,-1.43770607388146,1.18332378896114,-1.18332378896114,-0.779951433475591,0.779951433475591,0.0788036724157649,-0.0788036724157649,-1.05462448535671,1.05462448535671,0.710982386739585,-0.710982386739585,0.659211871474283,-0.659211871474283,-0.699902441300564,0.699902441300564,0.283379699626992,-0.283379699626992,0.672539767443044,-0.672539767443044,-0.258208470445705,0.258208470445705,0.0309108110040642,-0.0309108110040642,-1.40994327081469,1.40994327081469,-0.35573901543429,0.35573901543429,-0.298521300604996,0.298521300604996,2.00206507522362,-2.00206507522362,-0.297736290904439,0.297736290904439,1.80052928937834,-1.80052928937834,0.58237648748726,-0.58237648748726,0.927989271053031,-0.927989271053031,-0.777248330727314,0.777248330727314,1.06591187841621,-1.06591187841621,-0.523563833200429,0.523563833200429,-1.37845686407828,1.37845686407828,1.66087647100165,-1.66087647100165,-0.836761379134373,0.836761379134373,-0.107245595344187,0.107245595344187,0.0680008203643408,-0.0680008203643408,-1.58429130105611,1.58429130105611,0.3502496734354,-0.3502496734354,-1.38372448900424,1.38372448900424,-0.697677463002266,0.697677463002266,-0.79984915233016,0.79984915233016,1.43657927611692,-1.43657927611692,-1.19970137893991,1.19970137893991,1.11819462812751,-1.11819462812751,-1.13995529360197,1.13995529360197,-1.43105612076869,1.43105612076869,-0.997662758599149,0.997662758599149,-0.532480601363086,0.532480601363086,1.41654293281794,-1.41654293281794,0.268016209815309,-0.268016209815309,-0.672476099341149,0.672476099341149,-1.42125997608063,1.42125997608063,0.8719400138786,-0.8719400138786,0.338371365375859,-0.338371365375859,-0.382684164557815,0.382684164557815,0.175800711529854,-0.175800711529854,-0.0449823154176434,0.0449823154176434,-0.0984592155353466,0.0984592155353466,-2.40943431210447,2.40943431210447,-1.27272099201224,1.27272099201224,-0.428732524401325,0.428732524401325,1.61408477649131,-1.61408477649131,-1.01239061613867,1.01239061613867,-1.09861177332858,1.09861177332858,-1.6058710503828,1.6058710503828,-2.29680437369929,2.29680437369929,0.458505030193458,-0.458505030193458,0.207894329621387,-0.207894329621387,-1.19063408435507,1.19063408435507,-2.50978821694397,2.50978821694397,-0.553922984005189,0.553922984005189,0.397862921732222,-0.397862921732222,0.631665730884449,-0.631665730884449,1.30599743344488,-1.30599743344488,-0.181759921172131,0.181759921172131,-1.00242448548359,1.00242448548359,0.295188965904646,-0.295188965904646,-0.492015389658595,0.492015389658595,2.23505906075516,-2.23505906075516,-0.827965822327691,0.827965822327691,1.13301560380105,-1.13301560380105,0.0513999491721668,-0.0513999491721668,0.96784425984934,-0.96784425984934,1.30615228334409,-1.30615228334409,-0.501428478164308,0.501428478164308,-0.314470453193535,0.314470453193535,1.09202448395463,-1.09202448395463,-1.12412279618586,1.12412279618586,0.0997354691776744,-0.0997354691776744,0.909247727545023,-0.909247727545023,0.64207868844605,-0.64207868844605,-1.9109961493593,1.9109961493593,-0.204911266120048,0.204911266120048,0.522378200064594,-0.522378200064594,-0.492148716937952,0.492148716937952,0.000499916524575278,-0.000499916524575278,-1.31295160079215,1.31295160079215,0.765640902009545,-0.765640902009545,1.06607570675058,-1.06607570675058,1.02111673202619,-1.02111673202619,-0.960006515903579,0.960006515903579,-0.0856988400488272,0.0856988400488272,0.485171061557923,-0.485171061557923,1.92982475964462,-1.92982475964462,-2.06502359057911,2.06502359057911,0.564451298596767,-0.564451298596767,0.487081955913403,-0.487081955913403,0.562040187891719,-0.562040187891719,-1.95055295948949,1.95055295948949,-0.71651179015831,0.71651179015831,-0.106414803651342,0.106414803651342,-1.52207122900496,1.52207122900496,0.697699472543949,-0.697699472543949,-0.673616756088743,0.673616756088743,-1.72106772218244,1.72106772218244,0.53407411721603,-0.53407411721603,1.06934078301361,-1.06934078301361,0.654000069165396,-0.654000069165396,0.300164905293478,-0.300164905293478,0.245625200049875,-0.245625200049875,0.0419795834174488,-0.0419795834174488,1.05003988802974,-1.05003988802974,-0.0457559357035007,0.0457559357035007,0.366219072126629,-0.366219072126629,3.00970329203549,-3.00970329203549,0.562216527231817,-0.562216527231817,-0.747949368130485,0.747949368130485,0.0146563186484313,-0.0146563186484313,0.41698034051734,-0.41698034051734,-0.764039662983295,0.764039662983295,0.427248388438605,-0.427248388438605,-0.147200070635893,0.147200070635893,-1.17148182034746,1.17148182034746,-0.389135547725259,0.389135547725259,0.180811281907101,-0.180811281907101,2.23198171956892,-2.23198171956892,-0.894999572389653,0.894999572389653,-0.986568832026924,0.986568832026924,0.80607232964815,-0.80607232964815,-1.8398000061993,1.8398000061993,0.236181241046389,-0.236181241046389,0.355461266538451,-0.355461266538451,0.679390498140197,-0.679390498140197,-0.000724659566569821,0.000724659566569821,-3.34198342437946,3.34198342437946,-1.62269399831075,1.62269399831075,-0.494161767927474,0.494161767927474,-1.15253286934935,1.15253286934935,-1.7199232903717,1.7199232903717,-1.98597475766471,1.98597475766471,0.604591474883386,-0.604591474883386,0.419358268378616,-0.419358268378616,-0.195122570200079,0.195122570200079,-0.398460305865735,0.398460305865735,0.53676296574653,-0.53676296574653,1.48082008069549,-1.48082008069549,-0.683287069130411,0.683287069130411,0.0889161361285978,-0.0889161361285978,-0.0201927777873757,0.0201927777873757,2.08182837839755,-2.08182837839755,-0.421290973566869,0.421290973566869,-0.211417385462355,0.211417385462355,-0.587247657362336,0.587247657362336,0.0981852387426306,-0.0981852387426306,0.481267059514142,-0.481267059514142,-0.815996386433574,0.815996386433574,0.534757357320769,-0.534757357320769,-0.024039560979067,0.024039560979067,0.872318541333941,-0.872318541333941,0.363291855603477,-0.363291855603477,0.314075082809444,-0.314075082809444,-1.21388209470329,1.21388209470329,-0.866137287187547,0.866137287187547,0.511174078753098,-0.511174078753098,-0.114208291650512,0.114208291650512,-0.673292146715852,0.673292146715852,0.0428100496893281,-0.0428100496893281,0.0231697165963983,-0.0231697165963983,1.38255861841177,-1.38255861841177,-0.148422364956984,0.148422364956984,-1.10414941525889,1.10414941525889,-2.5997025759561,2.5997025759561,3.015838129933,-3.015838129933,1.38765030109581,-1.38765030109581,-2.58217553467515,2.58217553467515,-0.87415146381964,0.87415146381964,1.74090555404406,-1.74090555404406,1.61452786090641,-1.61452786090641,0.0220290079145653,-0.0220290079145653,0.869196761159096,-0.869196761159096,-0.295126686088658,0.295126686088658,-0.16835559706302,0.16835559706302,-1.50658636921353,1.50658636921353,0.0507297672338505,-0.0507297672338505,-1.87182060792311,1.87182060792311,-0.442532344518525,0.442532344518525,0.336477523389702,-0.336477523389702,0.141468455412789,-0.141468455412789,1.56264532037957,-1.56264532037957,-1.14509553841313,1.14509553841313,0.181345860698849,-0.181345860698849,0.40538764756689,-0.40538764756689,1.04334327169407,-1.04334327169407,1.14542805420133,-1.14542805420133,-0.514766855210855,0.514766855210855,0.727760368008974,-0.727760368008974,-1.77662837883591,1.77662837883591,-0.127430346884422,0.127430346884422,0.818310175414199,-0.818310175414199,-0.186615360985793,0.186615360985793,0.637716362948562,-0.637716362948562,0.369262485278799,-0.369262485278799,-0.613827401892908,0.613827401892908,0.151600133897666,-0.151600133897666,0.254781824861429,-0.254781824861429,0.734539148572345,-0.734539148572345,-0.846488470490007,0.846488470490007,-0.953441648098036,0.953441648098036,1.80590038445047,-1.80590038445047,0.267008085315164,-0.267008085315164,1.57829008326964,-1.57829008326964,-1.21083599973161,1.21083599973161,-1.31172744557584,1.31172744557584,1.2484805443311,-1.2484805443311,0.285405292338449,-0.285405292338449,-2.39921801712427,2.39921801712427,-0.59010383343465,0.59010383343465,1.98574987900431,-1.98574987900431,-0.263110473698843,0.263110473698843,-0.4043413079359,0.4043413079359,0.594259313857081,-0.594259313857081,0.447148063309545,-0.447148063309545,-0.585106267591662,0.585106267591662,0.488717932883522,-0.488717932883522,-1.66692730478755,1.66692730478755,-1.93870542967629,1.93870542967629,0.920974564930947,-0.920974564930947,1.05101133165807,-1.05101133165807,-1.34824923033171,1.34824923033171,0.717522334405494,-0.717522334405494,0.362362101404745,-0.362362101404745,-1.75714745582449,1.75714745582449,2.83731290953555,-2.83731290953555,-0.231049620037291,0.231049620037291,-1.45454577832877,1.45454577832877,0.548103239782688,-0.548103239782688,0.27541612295487,-0.27541612295487,1.84629560886718,-1.84629560886718,-0.803660306231705,0.803660306231705,0.8434056972796,-0.8434056972796,-1.27081965311176,1.27081965311176,2.11060857245259,-2.11060857245259,-2.01491856671584,2.01491856671584,-1.25814958604839,1.25814958604839,-0.109560481370223,0.109560481370223,0.11590441834607,-0.11590441834607,-1.16344188643864,1.16344188643864,-2.07314414410207,2.07314414410207,-1.78176661119485,1.78176661119485,-1.57247606959482,1.57247606959482,-0.332828615180347,0.332828615180347,1.94555259239895,-1.94555259239895,0.542994384429256,-0.542994384429256,-1.09098416958788,1.09098416958788,0.797844568632108,-0.797844568632108,-1.73729479508799,1.73729479508799,-0.526950569505302,0.526950569505302,-1.0713324199614,1.0713324199614,0.726686548596763,-0.726686548596763,-2.51112959374191,2.51112959374191,0.507076532344124,-0.507076532344124,-0.430725110807029,0.430725110807029,0.0394249378291087,-0.0394249378291087,1.44173805703143,-1.44173805703143,-0.0886370497767456,0.0886370497767456,-1.19228501533117,1.19228501533117,0.0195545824882719,-0.0195545824882719,1.15676693400726,-1.15676693400726,-1.269098271493,1.269098271493,-0.557313978733049,0.557313978733049,-2.63377042994651,2.63377042994651,-0.632744111895265,0.632744111895265,-0.841689034726054,0.841689034726054,-0.407544696959384,0.407544696959384,-0.714489405734979,0.714489405734979,0.53798504699968,-0.53798504699968,-0.171749966554558,0.171749966554558,-0.196344659748891,0.196344659748891,1.60339514752339,-1.60339514752339,-1.25537877705524,1.25537877705524,1.19574470888547,-1.19574470888547,-0.527914315801218,0.527914315801218,-0.146438700136037,0.146438700136037,-0.666446913971835,0.666446913971835,0.423724636070766,-0.423724636070766,1.74714504378251,-1.74714504378251,0.314929979589752,-0.314929979589752,-0.170387568366611,0.170387568366611,-0.00942428944796939,0.00942428944796939,-1.19393818460384,1.19393818460384,0.0330692528466843,-0.0330692528466843,-0.834113360466141,0.834113360466141,0.0447165124603457,-0.0447165124603457,-1.30295506899618,1.30295506899618,0.134809018952728,-0.134809018952728,0.568631524133142,-0.568631524133142,0.970982509002491,-0.970982509002491,0.354695807835104,-0.354695807835104,-0.009874994676433,0.009874994676433,-0.782284319536996,0.782284319536996,-1.93104515848044,1.93104515848044,1.25071255742671,-1.25071255742671,0.290385496047813,-0.290385496047813,-0.390069850286518,0.390069850286518,-0.0702941145484541,0.0702941145484541,-0.998956416201303,0.998956416201303,0.408631355069598,-0.408631355069598,-0.297749574762281,0.297749574762281,0.68881118702976,-0.68881118702976,2.08397714393628,-2.08397714393628,0.670727099123063,-0.670727099123063,0.370432314414314,-0.370432314414314,0.171318891031862,-0.171318891031862,0.67656576321981,-0.67656576321981,0.113831722282941,-0.113831722282941,0.450621340742002,-0.450621340742002,-1.40494264250125,1.40494264250125,-1.39079712360362,1.39079712360362,0.146058436067716,-0.146058436067716,-0.930092840434709,0.930092840434709,-0.087486120350465,0.087486120350465,-1.17732030105631,1.17732030105631,0.272524455125321,-0.272524455125321,-0.00389716242676864,0.00389716242676864,-0.429560848957328,0.429560848957328,-1.67175132503768,1.67175132503768,0.116119303058757,-0.116119303058757,-2.71868352292981,2.71868352292981,-0.645231692697819,0.645231692697819,-1.26697926580929,1.26697926580929,0.315031967028619,-0.315031967028619,-0.0738277645219692,0.0738277645219692,1.75738097131462,-1.75738097131462,-0.380412296415223,0.380412296415223,-0.623259395955856,0.623259395955856,0.588686468354114,-0.588686468354114,-1.02478166669038,1.02478166669038,-1.5397896487088,1.5397896487088,1.23622519969347,-1.23622519969347,-0.0461173814582807,0.0461173814582807,-0.511053771860838,0.511053771860838,-0.681675646054208,0.681675646054208,0.113764927973936,-0.113764927973936,0.750177488117606,-0.750177488117606,-0.382779327617112,0.382779327617112,0.710712871483456,-0.710712871483456,0.165122942051228,-0.165122942051228,0.859545339320111,-0.859545339320111,1.45915893830801,-1.45915893830801,-1.18040728443932,1.18040728443932,-0.97720776086236,0.97720776086236,-0.107538874553995,0.107538874553995,-0.451033550903893,0.451033550903893,0.519355376739879,-0.519355376739879,-0.68357498499463,0.68357498499463,-0.159698174360392,0.159698174360392,0.52610126616708,-0.52610126616708,0.206247812253729,-0.206247812253729,-0.0400878890650625,0.0400878890650625,0.727787872180418,-0.727787872180418,-0.46592222206456,0.46592222206456,-0.857491066078265,0.857491066078265,0.159855652812773,-0.159855652812773,0.782765217957205,-0.782765217957205,-0.946775907436272,0.946775907436272,-0.394621252582254,0.394621252582254,1.14156492148358,-1.14156492148358,0.366799591807759,-0.366799591807759,0.276733404443799,-0.276733404443799,0.228880172363617,-0.228880172363617,-0.250363150344077,0.250363150344077,-1.01148129990746,1.01148129990746,0.133396460085985,-0.133396460085985,-0.415514665657298,0.415514665657298,-1.8866783749688,1.8866783749688,-0.338799126883699,0.338799126883699,0.381651639831345,-0.381651639831345,1.01395973927337,-1.01395973927337,-0.678995575866763,0.678995575866763,1.46523254171675,-1.46523254171675,-1.24226502016051,1.24226502016051,0.329683185031977,-0.329683185031977,0.548233294780198,-0.548233294780198,0.898090656073585,-0.898090656073585,-0.53851075625842,0.53851075625842,-0.669368743865681,0.669368743865681,-1.34122246136676,1.34122246136676,1.89258006557481,-1.89258006557481,1.20373212082221,-1.20373212082221,-0.74259583398782,0.74259583398782,-0.986759013031355,0.986759013031355,1.08906090153619,-1.08906090153619,1.16906256266818,-1.16906256266818,-1.02945854708612,1.02945854708612,0.579106386013487,-0.579106386013487,0.0828664775906299,-0.0828664775906299,-1.17305669509784,1.17305669509784,0.778793994849278,-0.778793994849278,0.859998774307265,-0.859998774307265,-0.771769359601615,0.771769359601615,-1.28119752898434,1.28119752898434,-1.03622300534925,1.03622300534925,0.479967981750791,-0.479967981750791,-0.821252812566233,0.821252812566233,0.822123706451263,-0.822123706451263,1.18501163965608,-1.18501163965608,0.113271420920008,-0.113271420920008,0.346092307925827,-0.346092307925827,1.51587115293411,-1.51587115293411,0.297635175143192,-0.297635175143192,0.869413744407151,-0.869413744407151,-0.2529293946178,0.2529293946178,-1.36565221000623,1.36565221000623,0.0502730283140016,-0.0502730283140016,0.641027751858082,-0.641027751858082,0.231770110169533,-0.231770110169533,0.494953624268393,-0.494953624268393,-0.12196025287472,0.12196025287472,0.58701759589331,-0.58701759589331,0.0521611339692706,-0.0521611339692706,2.23776233060071,-2.23776233060071,0.343310071908535,-0.343310071908535,-0.892144260172602,0.892144260172602,0.134877275862225,-0.134877275862225,0.50481218757274,-0.50481218757274,-1.54373419215062,1.54373419215062,0.167840224287501,-0.167840224287501,-1.14270881268968,1.14270881268968,-0.710324539605985,0.710324539605985,-0.238657794242634,0.238657794242634,0.0659744908987742,-0.0659744908987742,-0.944937762317481,0.944937762317481,-0.985485570692111,0.985485570692111,1.90331005902226,-1.90331005902226,0.0188687869084569,-0.0188687869084569,0.728820746490925,-0.728820746490925,-0.540105962967317,0.540105962967317,-0.801071958262396,0.801071958262396,-0.609594705746603,0.609594705746603,0.611525135947716,-0.611525135947716,0.24415919528765,-0.24415919528765,-0.927618129908783,0.927618129908783,-1.29066849881299,1.29066849881299,-1.42799756748166,1.42799756748166,0.113977442107172,-0.113977442107172,-0.0168918209499461,0.0168918209499461,-0.766508879774012,0.766508879774012,-0.312109733121586,0.312109733121586,2.53038416876697,-2.53038416876697,0.26487802508743,-0.26487802508743,-0.633735772584053,0.633735772584053,-0.744539186351657,0.744539186351657,-0.777834795376557,0.777834795376557,0.543374450491618,-0.543374450491618,1.87319079760034,-1.87319079760034,-0.739961677186996,0.739961677186996,0.316224433503731,-0.316224433503731,-0.267049851207595,0.267049851207595,-1.30035210073805,1.30035210073805,-2.44166338185192,2.44166338185192,1.13016405645799,-1.13016405645799,-0.690017775365213,0.690017775365213,-1.55372144821311,1.55372144821311,-0.743569306909481,0.743569306909481,-0.420591776678276,0.420591776678276,-1.01795160168496,1.01795160168496,-0.250526953480061,0.250526953480061,-1.6852458966187,1.6852458966187,-0.654328025415485,0.654328025415485,0.0340629279394729,-0.0340629279394729,-0.189783847375908,0.189783847375908,-0.00315165749574889,0.00315165749574889,1.25765012048431,-1.25765012048431,-0.748171977429166,0.748171977429166,0.678937918760513,-0.678937918760513,-2.01317433161977,2.01317433161977,-0.735529578656035,0.735529578656035,1.09484954916114,-1.09484954916114,0.30053483001164,-0.30053483001164,0.114309012002537,-0.114309012002537,-1.21963788978464,1.21963788978464,0.23783933740194,-0.23783933740194,-0.876901503162194,0.876901503162194,0.9959223313749,-0.9959223313749,0.284809401904651,-0.284809401904651,0.383736103540153,-0.383736103540153,-1.13832374657209,1.13832374657209,-0.620088295665021,0.620088295665021,-0.102757866911925,0.102757866911925,0.727048318041919,-0.727048318041919,0.390666274665385,-0.390666274665385,1.71207914758457,-1.71207914758457,1.86016458799046,-1.86016458799046,-0.344400072216957,0.344400072216957,1.32069135357951,-1.32069135357951,-0.702736920391313,0.702736920391313,-0.712690238675645,0.712690238675645,-0.387067686681622,0.387067686681622,1.35054504123285,-1.35054504123285,-1.36396544958926,1.36396544958926,0.801319990110631,-0.801319990110631,-0.851285164371995,0.851285164371995,1.52640177782539,-1.52640177782539,0.20384455034672,-0.20384455034672,0.812253204074461,-0.812253204074461,0.694137289827281,-0.694137289827281,0.169839792882623,-0.169839792882623,-0.561831514408643,0.561831514408643,1.0957068798913,-1.0957068798913,-0.698270173836206,0.698270173836206,1.13344314691851,-1.13344314691851,1.4606255078367,-1.4606255078367,-1.87661881751235,1.87661881751235,-1.57505273457499,1.57505273457499,2.00969836651885,-2.00969836651885,1.43840549972311,-1.43840549972311,-1.11325606462947,1.11325606462947,0.35029120332018,-0.35029120332018,-1.17411848920867,1.17411848920867,0.128760254203117,-0.128760254203117,2.10929231283498,-2.10929231283498,0.483188935113293,-0.483188935113293,1.1024379062386,-1.1024379062386,-0.823613981847198,0.823613981847198,0.91541360880896,-0.91541360880896,-1.21018017560696,1.21018017560696,0.615330429906463,-0.615330429906463,0.111413280647712,-0.111413280647712,0.0179275834098773,-0.0179275834098773,2.1629202391225,-2.1629202391225,-0.652278972412774,0.652278972412774,-0.74731169305035,0.74731169305035,-1.34086304303715,1.34086304303715,0.453528051705334,-0.453528051705334,1.5139077786704,-1.5139077786704,0.309946316912598,-0.309946316912598,-0.782962613252174,0.782962613252174,-0.889647005900439,0.889647005900439,0.938961986027921,-0.938961986027921,1.20158863873313,-1.20158863873313,0.0687154960041313,-0.0687154960041313,1.19085464512929,-1.19085464512929,-1.75039260940406,1.75039260940406,1.02732361566532,-1.02732361566532,0.927228862631312,-0.927228862631312,0.762368984107559,-0.762368984107559,1.49495899002977,-1.49495899002977,-0.149055001939805,0.149055001939805,-2.45514408458277,2.45514408458277,-0.505417685126074,0.505417685126074,-2.08577952526711,2.08577952526711,-1.12076996096203,1.12076996096203,0.149668402970644,-0.149668402970644,-0.952298500118796,0.952298500118796,2.32236558682917,-2.32236558682917,0.0791230119426882,-0.0791230119426882,0.522473153977701,-0.522473153977701,1.0138466695754,-1.0138466695754,-0.297634269046151,0.297634269046151,-0.2661141083542,0.2661141083542,0.773588495049809,-0.773588495049809,1.6104030532644,-1.6104030532644,-1.46011088020596,1.46011088020596,-1.84218707813741,1.84218707813741,0.241382589908917,-0.241382589908917,1.35446062462098,-1.35446062462098,0.581200707373491,-0.581200707373491,-0.456464396195869,0.456464396195869,0.167131253390418,-0.167131253390418,-0.277168192252325,0.277168192252325,-1.16658167649525,1.16658167649525,0.961757379002497,-0.961757379002497,-1.59574091219545,1.59574091219545,-0.979817690873659,0.979817690873659,-2.09554916423582,2.09554916423582,-0.51097523021131,0.51097523021131,1.69602747958048,-1.69602747958048,-0.4814623549775,0.4814623549775,-0.344538213217265,0.344538213217265,0.962265331418379,-0.962265331418379,0.345058991645221,-0.345058991645221,0.625717319298239,-0.625717319298239,0.281421085722384,-0.281421085722384,0.445907696038469,-0.445907696038469,-0.815400500664133,0.815400500664133,-0.335747829052171,0.335747829052171,1.29151375776342,-1.29151375776342,2.93929063883451,-2.93929063883451,-0.574744231199131,0.574744231199131,-0.89421772109203,0.89421772109203,-0.68121358937244,0.68121358937244,-0.663369560818608,0.663369560818608,-0.0467350003527106,0.0467350003527106,-1.81840546113169,1.81840546113169,0.568728633814153,-0.568728633814153,-1.21485076394771,1.21485076394771,1.30160568130813,-1.30160568130813,0.127524390741813,-0.127524390741813,0.450286818774752,-0.450286818774752,0.569785473582644,-0.569785473582644,-0.833083504884144,0.833083504884144,0.0121516538356072,-0.0121516538356072,0.507999820118055,-0.507999820118055,-1.27599835016478,1.27599835016478,-0.344209986160483,0.344209986160483,0.406535727252657,-0.406535727252657,0.0861226769678204,-0.0861226769678204,2.02114378332957,-2.02114378332957,-0.564303596176092,0.564303596176092,-0.536278038697185,0.536278038697185,0.462647258812924,-0.462647258812924,-0.937443300490161,0.937443300490161,0.329527339456426,-0.329527339456426,-0.689423399811987,0.689423399811987,0.896007521490727,-0.896007521490727,-0.615976056269016,0.615976056269016,-1.3208232939044,1.3208232939044,2.10593392654248,-2.10593392654248,0.0574548059460087,-0.0574548059460087,-1.06728704844355,1.06728704844355,-0.510624043201848,0.510624043201848,-0.933133168239136,0.933133168239136,2.18051850399764,-2.18051850399764,1.71968629158137,-1.71968629158137,-0.705315699507568,0.705315699507568,-1.08715154354363,1.08715154354363,-0.301185526783203,0.301185526783203,-0.150918801718386,0.150918801718386,-1.06947459940308,1.06947459940308,0.190048038345995,-0.190048038345995,0.679001035354236,-0.679001035354236,-1.56537412114546,1.56537412114546,0.879823930956412,-0.879823930956412,1.55842023024749,-1.55842023024749,0.764026247403275,-0.764026247403275,2.16586363010816,-2.16586363010816,1.81788535601687,-1.81788535601687,-1.08432516784207,1.08432516784207,0.0688824429703487,-0.0688824429703487,-0.0158297987490839,0.0158297987490839,-0.455906159461951,0.455906159461951,-0.157477612119911,0.157477612119911,0.701241724964987,-0.701241724964987,-0.174884839816534,0.174884839816534,-0.8212423427243,0.8212423427243,0.785986503786758,-0.785986503786758,-0.611493156835717,0.611493156835717,0.0342680354447107,-0.0342680354447107,0.253793340227203,-0.253793340227203,-0.662585218139359,0.662585218139359,-0.474488977089507,0.474488977089507,0.828327268165356,-0.828327268165356,-0.98786268502797,0.98786268502797,0.474499688552308,-0.474499688552308,0.42960848503627,-0.42960848503627,-1.06442651554786,1.06442651554786,0.65224771918901,-0.65224771918901,1.53756335877431,-1.53756335877431,0.614603631105978,-0.614603631105978,-0.381341116048987,0.381341116048987,-0.844102942288538,0.844102942288538,0.335440537627495,-0.335440537627495,-0.473506177159347,0.473506177159347,-0.37269564214055,0.37269564214055,-0.133721644467868,0.133721644467868,0.970181893232057,-0.970181893232057,-0.158477405532584,0.158477405532584,-1.23094222270925,1.23094222270925,-0.0639862873752612,0.0639862873752612,0.759916610866716,-0.759916610866716,-0.327734886793042,0.327734886793042,-0.616571895537168,0.616571895537168,-1.48681629607409,1.48681629607409,-0.0332407543677081,0.0332407543677081,0.431838992376855,-0.431838992376855,-0.398153363863165,0.398153363863165,0.607571550817423,-0.607571550817423,-0.754459897878786,0.754459897878786,0.707448248625454,-0.707448248625454,0.103432812650151,-0.103432812650151,0.584387187242359,-0.584387187242359,1.37961936067433,-1.37961936067433,-0.502006282085225,0.502006282085225,0.203380460607534,-0.203380460607534,-1.77414166666998,1.77414166666998,-0.189213066888273,0.189213066888273,-0.214596320426679,0.214596320426679,0.460420706222523,-0.460420706222523,-0.805417994234442,0.805417994234442,0.819401293516738,-0.819401293516738,-1.32658418670067,1.32658418670067,1.01271931251482,-1.01271931251482,-0.221068669174801,0.221068669174801,0.799231151962248,-0.799231151962248,-1.15688224424822,1.15688224424822,0.540959353310562,-0.540959353310562,-0.0880450548671909,0.0880450548671909,0.476732103376165,-0.476732103376165,0.224656287426229,-0.224656287426229,0.378407499064927,-0.378407499064927,-0.3947250863542,0.3947250863542,-1.28797548967265,1.28797548967265,-1.29879932656322,1.29879932656322,0.134405425787556,-0.134405425787556,-0.636558442079423,0.636558442079423,0.16236664540639,-0.16236664540639,-0.174898477657196,0.174898477657196,-0.767816408013517,0.767816408013517,-0.777152721237671,0.777152721237671,0.121833235114478,-0.121833235114478,0.424408161831881,-0.424408161831881,0.150011380809598,-0.150011380809598,1.07392982884999,-1.07392982884999,1.41923592971336,-1.41923592971336,-0.218989316438573,0.218989316438573,-0.485503131767103,0.485503131767103,-0.752569804236327,0.752569804236327,-0.0533065150215212,0.0533065150215212,1.27264004574398,-1.27264004574398,-0.480971503969551,0.480971503969551,-1.20542745248634,1.20542745248634,-1.19989924439715,1.19989924439715,-0.109514912109367,0.109514912109367,-0.942865056086183,0.942865056086183,0.0885735863638882,-0.0885735863638882,-0.453037815838705,0.453037815838705,0.0195871258598914,-0.0195871258598914,1.50252979572183,-1.50252979572183,-0.975918573394075,0.975918573394075,0.715814013150781,-0.715814013150781,0.274872905961316,-0.274872905961316,-0.0698145762826522,0.0698145762826522,1.07425475019875,-1.07425475019875,0.03564940304417,-0.03564940304417,1.00316361829333,-1.00316361829333,-0.700891712489437,0.700891712489437,-0.686416804804316,0.686416804804316,-1.28594064179548,1.28594064179548,1.15722368164275,-1.15722368164275,-0.34121505943628,0.34121505943628,-0.631441163855178,0.631441163855178,-1.26171456781121,1.26171456781121,-1.29578681265436,1.29578681265436,-1.44221592584485,1.44221592584485,0.597371279850169,-0.597371279850169,0.456071607526026,-0.456071607526026,1.62165451151857,-1.62165451151857,-0.243022834083091,0.243022834083091,-0.801150041300854,0.801150041300854,-0.895259908468439,0.895259908468439,1.05335396054237,-1.05335396054237,-0.280430966534097,0.280430966534097,-0.324991080956592,0.324991080956592,-1.26530424817287,1.26530424817287,0.547223435839447,-0.547223435839447,0.907472918186065,-0.907472918186065,-0.768812597310637,0.768812597310637,-0.513794734741745,0.513794734741745,0.12585456887218,-0.12585456887218,-0.318297745374596,0.318297745374596,-1.57954678477453,1.57954678477453,1.0602737226945,-1.0602737226945,1.03322577594044,-1.03322577594044,-0.149790933144842,0.149790933144842,-0.459560284930766,0.459560284930766,2.12206645839416,-2.12206645839416,-0.338010536427853,0.338010536427853,0.843462412789883,-0.843462412789883,0.126909945916158,-0.126909945916158,1.24597747928703,-1.24597747928703,-0.0509279778322438,0.0509279778322438,-1.69349294493453,1.69349294493453,-0.375796842900294,0.375796842900294,0.00184368569489434,-0.00184368569489434,-0.609493217183907,0.609493217183907,0.125125149452675,-0.125125149452675,-0.259358395201871,0.259358395201871,0.842189177162359,-0.842189177162359,0.330320870156828,-0.330320870156828,-0.0593925811073446,0.0593925811073446,-0.715205055356882,0.715205055356882,2.89368510677523,-2.89368510677523,-0.408255578761048,0.408255578761048,-1.40434962879754,1.40434962879754,1.63279375018491,-1.63279375018491,0.628191825168273,-0.628191825168273,-1.18789749587497,1.18789749587497,0.630809222752205,-0.630809222752205,0.0559723952455648,-0.0559723952455648,-1.05490565765216,1.05490565765216,-1.72419959860576,1.72419959860576,0.86169307958043,-0.86169307958043,-1.61116878973059,1.61116878973059,1.1968368046295,-1.1968368046295,1.01677066235073,-1.01677066235073,0.426410769270574,-0.426410769270574,-0.2947484490878,0.2947484490878,1.51800046868652,-1.51800046868652,-0.982165453728409,0.982165453728409,0.171134190884132,-0.171134190884132,-2.25970525622093,2.25970525622093,-0.322398076548063,0.322398076548063,-0.663059317122262,0.663059317122262,-0.063546738938494,0.063546738938494,1.32784499823245,-1.32784499823245,-0.191629664000047,0.191629664000047,-0.161913781750755,0.161913781750755,-1.51197650693236,1.51197650693236,-1.26067527890454,1.26067527890454,0.623452480354223,-0.623452480354223,0.168403073969797,-0.168403073969797,-0.237031473490525,0.237031473490525,0.945992517778349,-0.945992517778349,-1.47713697557835,1.47713697557835,0.182577061854487,-0.182577061854487,-1.16030444024692,1.16030444024692,-1.18176870214147,1.18176870214147,1.0644294976421,-1.0644294976421,-0.920578254422682,0.920578254422682,-0.540472229347856,0.540472229347856,0.952427958892516,-0.952427958892516,-0.0367580466660789,0.0367580466660789,1.47920557167283,-1.47920557167283,-0.913912159197881,0.913912159197881,-0.0429843125716735,0.0429843125716735,0.929728604556121,-0.929728604556121,-1.52691844992793,1.52691844992793,0.0512519674826391,-0.0512519674826391,0.00327268883204715,-0.00327268883204715,-0.240981791269802,0.240981791269802,0.333870321021701,-0.333870321021701,0.690367979711983,-0.690367979711983,-0.200061625988844,0.200061625988844,-0.661568422632222,0.661568422632222,0.243786510758508,-0.243786510758508,0.50604248751433,-0.50604248751433,-1.03171900576448,1.03171900576448,-0.974573380193591,0.974573380193591,0.521110239158833,-0.521110239158833,-0.853635544594055,0.853635544594055,-0.838045177499934,0.838045177499934,-0.990483644405431,0.990483644405431,-1.77767318664112,1.77767318664112,-1.21092362860928,1.21092362860928,1.9492989334746,-1.9492989334746,0.938487122524012,-0.938487122524012,-0.130587177405191,0.130587177405191,-0.862362218363964,0.862362218363964,-0.325176028389946,0.325176028389946,0.458387482611521,-0.458387482611521,-0.481861221062146,0.481861221062146,-0.593781142885839,0.593781142885839,0.367511668651703,-0.367511668651703,1.00658591925151,-1.00658591925151,-0.77828778480494,0.77828778480494,0.313173482547282,-0.313173482547282,0.794174915931007,-0.794174915931007,0.52473752480129,-0.52473752480129,1.7619772746607,-1.7619772746607,0.884462631646617,-0.884462631646617,0.741577778666281,-0.741577778666281,-0.259325734539027,0.259325734539027,0.753428286822855,-0.753428286822855,0.114025386028086,-0.114025386028086,2.67552637687526,-2.67552637687526,0.221720635809439,-0.221720635809439,1.01318028364058,-1.01318028364058,-1.0606360833044,1.0606360833044,-1.0028003737752,1.0028003737752,-1.15607080134116,1.15607080134116,-1.02836377854901,1.02836377854901,0.64259300100895,-0.64259300100895,-0.460794098403002,0.460794098403002,1.98284256854408,-1.98284256854408,-0.335579796965445,0.335579796965445,-0.0177465271643475,0.0177465271643475,0.860396499753347,-0.860396499753347,1.34945422755335,-1.34945422755335,-1.55790387575289,1.55790387575289,-0.360932615292043,0.360932615292043,0.738109246414038,-0.738109246414038,0.757376006153897,-0.757376006153897,1.04801131866169,-1.04801131866169,0.291017918957593,-0.291017918957593,2.33052014470019,-2.33052014470019,-1.08606155788258,1.08606155788258,-1.24523035979513,1.24523035979513,0.0190256096260961,-0.0190256096260961,-0.21271500129399,0.21271500129399,0.817955429203502,-0.817955429203502,-0.0248990358253271,0.0248990358253271,1.66908576013879,-1.66908576013879,-1.57235322106294,1.57235322106294,0.820665148741806,-0.820665148741806,-1.32457316993473,1.32457316993473,0.496411045441801,-0.496411045441801,1.37246221120541,-1.37246221120541,0.113293436636608,-0.113293436636608,0.5616209507997,-0.5616209507997,-0.041309631200485,0.041309631200485,-0.344398995521268,0.344398995521268,-0.648721953374698,0.648721953374698,-1.92703950922324,1.92703950922324,0.10326756641755,-0.10326756641755,0.300338249047869,-0.300338249047869,0.0360716400432209,-0.0360716400432209,1.1260451463245,-1.1260451463245,-0.134185111023782,0.134185111023782,1.20133429071085,-1.20133429071085,2.45636655820576,-2.45636655820576,0.0648871379857193,-0.0648871379857193,-0.21000228680629,0.21000228680629,-0.910317328976182,0.910317328976182,-1.10279057382476,1.10279057382476,-0.663386292798533,0.663386292798533,0.300171124175531,-0.300171124175531,0.378564006390183,-0.378564006390183,-1.13211183898307,1.13211183898307,0.121362344607367,-0.121362344607367,-1.40169996216071,1.40169996216071,1.10514280214861,-1.10514280214861,-1.66638564025275,1.66638564025275,-0.418766415597751,0.418766415597751,0.739065641483943,-0.739065641483943,-1.0429524220158,1.0429524220158,0.54389376803477,-0.54389376803477,-0.568792389983877,0.568792389983877,0.629786118609056,-0.629786118609056,1.39652930744525,-1.39652930744525,0.931048356370387,-0.931048356370387,-0.0977031569628585,0.0977031569628585,-0.402370211632137,0.402370211632137,-0.524072472146762,0.524072472146762,0.581828595819125,-0.581828595819125,0.265746732401146,-0.265746732401146,0.149637779555963,-0.149637779555963,-0.851762255287959,0.851762255287959,-1.54699207443401,1.54699207443401,0.105379050289262,-0.105379050289262,-0.569936542419675,0.569936542419675,0.589109502954755,-0.589109502954755,1.0153598416199,-1.0153598416199,-0.692297419733598,0.692297419733598,0.409332055785215,-0.409332055785215,1.24388724041958,-1.24388724041958,-1.50154945189223,1.50154945189223,-1.52099785241906,1.52099785241906,1.05100397285248,-1.05100397285248,1.30679289887446,-1.30679289887446,-0.801414185598208,0.801414185598208,-1.02745653506121,1.02745653506121,0.985811324233501,-0.985811324233501,1.12165592665565,-1.12165592665565,0.0628074634030784,-0.0628074634030784,-0.333693694047517,0.333693694047517,-0.0888837331535198,0.0888837331535198,-0.0340829507684311,0.0340829507684311,-0.644481546235041,0.644481546235041,0.613672975220499,-0.613672975220499,1.86671024535708,-1.86671024535708,-1.6388071814811,1.6388071814811,-0.15132519512129,0.15132519512129,1.37116821038943,-1.37116821038943,-0.748014736434405,0.748014736434405,-0.707012332699124,0.707012332699124,0.974642265674294,-0.974642265674294,1.08085859825222,-1.08085859825222,0.268039569165052,-0.268039569165052,-1.24130997787148,1.24130997787148,0.460765539395178,-0.460765539395178,-0.200103154133236,0.200103154133236,-0.595393692710662,0.595393692710662,0.261411634472589,-0.261411634472589,0.328850190397677,-0.328850190397677,-0.823409532558237,0.823409532558237,0.428501947839769,-0.428501947839769,1.94586622566764,-1.94586622566764,1.1938258365711,-1.1938258365711,-1.08545415300166,1.08545415300166,0.212919243281755,-0.212919243281755,0.999315604538043,-0.999315604538043,-1.29572528010498,1.29572528010498,-1.48431968345443,1.48431968345443,0.262449306480198,-0.262449306480198,-0.666221293343643,0.666221293343643,0.319791576308072,-0.319791576308072,-0.527731394435399,0.527731394435399,-0.610998163974798,0.610998163974798,-0.944983587125369,0.944983587125369,-2.00475706968752,2.00475706968752,-0.567305719829769,0.567305719829769,1.1668880813155,-1.1668880813155,-1.02806027134151,1.02806027134151,0.123512143121617,-0.123512143121617,-1.5006181264922,1.5006181264922,-0.243546634862429,0.243546634862429,-0.970055598219493,0.970055598219493,0.260689510809552,-0.260689510809552,-0.708640895113514,0.708640895113514,1.02861953673528,-1.02861953673528,0.165966106403544,-0.165966106403544,-0.103389105989299,0.103389105989299,-1.41677267622703,1.41677267622703,-0.581945294097727,0.581945294097727,-0.89164914660111,0.89164914660111,-1.79650565320375,1.79650565320375,-1.31852886072904,1.31852886072904,1.00979653686636,-1.00979653686636,-1.68397974788464,1.68397974788464,-0.518363960778727,0.518363960778727,0.529487444643867,-0.529487444643867,-0.0849288723128507,0.0849288723128507,-0.583624150286834,0.583624150286834,0.530307351941891,-0.530307351941891,0.0920097201039371,-0.0920097201039371,-0.726296711181866,0.726296711181866,-0.496909641560162,0.496909641560162,0.919695594451981,-0.919695594451981,-1.0236779108916,1.0236779108916,2.45217072362238,-2.45217072362238,-1.47855364450691,1.47855364450691,0.918086614193138,-0.918086614193138,-0.417031917354816,0.417031917354816,0.210211322681564,-0.210211322681564,0.242755674452893,-0.242755674452893,-0.921381047869903,0.921381047869903,-1.08701186583464,1.08701186583464,1.31284091250963,-1.31284091250963,-0.488101180297929,0.488101180297929,0.131300129475372,-0.131300129475372,0.707051289293298,-0.707051289293298,0.923236720108187,-0.923236720108187,0.284026624894567,-0.284026624894567,0.55034783755889,-0.55034783755889,2.28180852989799,-2.28180852989799,-0.236703570702883,0.236703570702883,-0.47306262202552,0.47306262202552,-1.62418742656504,1.62418742656504,0.711645619253936,-0.711645619253936,-0.389912561359283,0.389912561359283,-0.603836782449069,0.603836782449069,-0.147166782416836,0.147166782416836,0.38446822841928,-0.38446822841928,-0.0509100549142581,0.0509100549142581,0.616974673005255,-0.616974673005255,0.289904042450831,-0.289904042450831,-0.961563073374351,0.961563073374351,0.518768872709281,-0.518768872709281,-2.13421442039927,2.13421442039927,0.269589285590221,-0.269589285590221,-1.37268889032103,1.37268889032103,-0.918986153547134,0.918986153547134,0.589494983181718,-0.589494983181718,-1.17833406921947,1.17833406921947,-0.887577551790672,0.887577551790672,-0.722604239030768,0.722604239030768,-0.154131714757113,0.154131714757113,-1.30390718746277,1.30390718746277,-0.276221510352511,0.276221510352511,-0.687423796936185,0.687423796936185,-0.00423990642717623,0.00423990642717623,-0.439346905325094,0.439346905325094,0.0214741189045707,-0.0214741189045707,-0.150465423402453,0.150465423402453,-0.0271464886941408,0.0271464886941408,-0.481690798051266,0.481690798051266,-0.486294705683847,0.486294705683847,-0.832901790507934,0.832901790507934,1.00505110173959,-1.00505110173959,-0.710893329587287,0.710893329587287,-1.75558507404521,1.75558507404521,0.217820431148386,-0.217820431148386,-0.36283302252899,0.36283302252899,-1.31752011257614,1.31752011257614,0.237249568635366,-0.237249568635366,0.418919136318637,-0.418919136318637,0.188471490396783,-0.188471490396783,2.29853348147101,-2.29853348147101,-0.724866430331217,0.724866430331217,0.927340262012164,-0.927340262012164,-1.45982490288204,1.45982490288204,-2.26370717662854,2.26370717662854,-1.24380039013294,1.24380039013294,-1.08430284829805,1.08430284829805,0.572140268039072,-0.572140268039072,-0.629203959160702,0.629203959160702,0.995786210499582,-0.995786210499582,-0.384108016709054,0.384108016709054,-0.737938044329505,0.737938044329505,-0.575310323352371,0.575310323352371,-0.541038327380834,0.541038327380834,0.207488908582922,-0.207488908582922,0.916570382365042,-0.916570382365042,-0.0697079798181875,0.0697079798181875,-0.46317583416334,0.46317583416334,1.533279721526,-1.533279721526,-1.44980362168514,1.44980362168514,-0.0535915286490901,0.0535915286490901,-0.879302731592092,0.879302731592092,-0.17956499355107,0.17956499355107,-0.938837848620747,0.938837848620747,-1.18342611506183,1.18342611506183,-1.19855927764488,1.19855927764488,0.0647135273178007,-0.0647135273178007,-0.348739364896619,0.348739364896619,-0.552923710764656,0.552923710764656,0.748141291202267,-0.748141291202267,-0.688965887599659,0.688965887599659,-0.146017776818738,0.146017776818738,0.894311581766328,-0.894311581766328,0.851286923758581,-0.851286923758581,0.489422208172931,-0.489422208172931,-0.626441027943907,0.626441027943907,-1.15664089756905,1.15664089756905,0.217199051748941,-0.217199051748941,-0.703596423300988,0.703596423300988,1.95225855176737,-1.95225855176737,0.291552972409879,-0.291552972409879,-0.961108341408906,0.961108341408906,1.10267796920758,-1.10267796920758,2.35239527848002,-2.35239527848002,0.355652890013713,-0.355652890013713,-0.228845662244664,0.228845662244664,-0.320065773797421,0.320065773797421,0.381013669639326,-0.381013669639326,1.14920901724941,-1.14920901724941,0.290599161405235,-0.290599161405235,-0.398050986396009,0.398050986396009,0.628164915487876,-0.628164915487876,1.47697398001,-1.47697398001,-0.398416657909662,0.398416657909662,2.50431452648458,-2.50431452648458,0.221610881115612,-0.221610881115612,-0.39741092414737,0.39741092414737,1.40916764426392,-1.40916764426392,-1.33794529301899,1.33794529301899,-0.974858898438637,0.974858898438637,-1.56886912100878,1.56886912100878,1.17587299969697,-1.17587299969697,-0.43323666238161,0.43323666238161,-0.0810268548938598,0.0810268548938598,1.92385657466581,-1.92385657466581,0.263856828485174,-0.263856828485174,0.67282955518645,-0.67282955518645,2.15579255136208,-2.15579255136208,0.969330309586214,-0.969330309586214,-1.84662030800457,1.84662030800457,-0.605850869189378,0.605850869189378,0.497884431541503,-0.497884431541503,0.444002027352967,-0.444002027352967,0.200000094884891,-0.200000094884891,-0.338833488350042,0.338833488350042,-1.07237424266907,1.07237424266907,-0.302143058973398,0.302143058973398,0.24213937272109,-0.24213937272109,1.95524126318808,-1.95524126318808,-1.09926665811812,1.09926665811812,0.663206024124993,-0.663206024124993,-1.69338128901547,1.69338128901547,-0.708070673229972,0.708070673229972,0.100168645950474,-0.100168645950474,0.0460145584234236,-0.0460145584234236,0.52224915919889,-0.52224915919889,-1.23910460293996,1.23910460293996,0.142577029600828,-0.142577029600828,-0.833794505671541,0.833794505671541,1.8361696352886,-1.8361696352886,0.942163891315793,-0.942163891315793,-0.249560172688802,0.249560172688802,0.556442045284762,-0.556442045284762,0.102981607065883,-0.102981607065883,0.882862624142393,-0.882862624142393,-1.30773408785682,1.30773408785682,-0.274617363506359,0.274617363506359,1.11106547657133,-1.11106547657133,0.0021409736567954,-0.0021409736567954,0.501478115627676,-0.501478115627676,-0.132350059313745,0.132350059313745,2.06808743030034,-2.06808743030034,0.918490241594783,-0.918490241594783,-1.4270314733391,1.4270314733391,-1.74035765247257,1.74035765247257,0.412891303287594,-0.412891303287594,1.09070333130723,-1.09070333130723,1.67692673214886,-1.67692673214886,-1.12816473960921,1.12816473960921,-0.372227020922331,0.372227020922331,1.17763488890066,-1.17763488890066,-0.7217057734765,0.7217057734765,1.29609424258351,-1.29609424258351,0.0260938165029148,-0.0260938165029148,0.0390723857996404,-0.0390723857996404,0.987983317807414,-0.987983317807414,-0.0568355041048575,0.0568355041048575,0.556643343923835,-0.556643343923835,-0.604510988177721,0.604510988177721,1.62793896844501,-1.62793896844501,-0.813618052963619,0.813618052963619,0.543985347537141,-0.543985347537141,0.447718246578213,-0.447718246578213,-0.977205702447596,0.977205702447596,-0.433023487217189,0.433023487217189,-0.576886327808524,0.576886327808524,0.374553232203918,-0.374553232203918,-0.784897021528908,0.784897021528908,0.184455891173577,-0.184455891173577,-0.916042786986501,0.916042786986501,-1.06562165990956,1.06562165990956,-0.202029654157799,0.202029654157799,-1.76405360114107,1.76405360114107,-1.46972044039861,1.46972044039861,0.619029597455547,-0.619029597455547,0.104833253850909,-0.104833253850909,0.74314150166296,-0.74314150166296,-0.708930690546724,0.708930690546724,-1.38169160990566,1.38169160990566,0.215959497449368,-0.215959497449368,0.676757394265034,-0.676757394265034,-0.78272234220509,0.78272234220509,-1.43188195308854,1.43188195308854,0.327881074774989,-0.327881074774989,-0.48076317767159,0.48076317767159,0.191181455160344,-0.191181455160344,-0.930976252575113,0.930976252575113,1.13160145385375,-1.13160145385375,0.163769719334661,-0.163769719334661,-0.23545517872441,0.23545517872441,-0.600433898765104,0.600433898765104,-0.646055617546927,0.646055617546927,-0.196855371751712,0.196855371751712,1.76772793993941,-1.76772793993941,-0.10448458322082,0.10448458322082,-1.57682124277179,1.57682124277179,-1.56996217108046,1.56996217108046,0.647366693711254,-0.647366693711254,-0.601785982673482,0.601785982673482,-1.28149126529438,1.28149126529438,0.138072371500116,-0.138072371500116,0.0749166913688873,-0.0749166913688873,-0.586979230214405,0.586979230214405,0.0191191924880582,-0.0191191924880582,0.511411694467891,-0.511411694467891,1.03300039540554,-1.03300039540554,0.383956025607069,-0.383956025607069,0.0721165917532079,-0.0721165917532079,0.548620906162139,-0.548620906162139,-0.824740164056942,0.824740164056942,-0.858064742069805,0.858064742069805,0.581992138412909,-0.581992138412909,-0.46362416579,0.46362416579,0.683530747101904,-0.683530747101904,-0.85501462832707,0.85501462832707,0.555144541330544,-0.555144541330544,-0.370314154216311,0.370314154216311,-0.80071352162681,0.80071352162681,-1.63457349406775,1.63457349406775,-2.36195025050127,2.36195025050127,-0.469884101412893,0.469884101412893,0.393551420381376,-0.393551420381376,-0.793562272716564,0.793562272716564,1.7110336135312,-1.7110336135312,0.142416419129827,-0.142416419129827,0.86494656424784,-0.86494656424784,0.794495760940862,-0.794495760940862,0.862171317840542,-0.862171317840542,-0.838264323102042,0.838264323102042,1.62917620698039,-1.62917620698039,-0.162935221715236,0.162935221715236,0.208923752711757,-0.208923752711757,-0.618165264787685,0.618165264787685,-1.66079364558625,1.66079364558625,0.778510978111689,-0.778510978111689,-0.116828157995761,0.116828157995761,0.367096607560481,-0.367096607560481,0.980648488194207,-0.980648488194207,-0.946213505372648,0.946213505372648,0.56992875598901,-0.56992875598901,1.200964088812,-1.200964088812,0.822743663327071,-0.822743663327071,-0.0282745271516033,0.0282745271516033,-1.0596043329611,1.0596043329611
