1.34269151466958,-1.34269151466958,1.8431000137686,-1.8431000137686,1.31864441057718,-1.31864441057718,0.281536562009803,-0.281536562009803,0.17438608049691,-0.17438608049691,-0.303492303102565,0.303492303102565,-0.748297904818459,0.748297904818459,-2.26506881469698,2.26506881469698,-1.17570379571073,1.17570379571073,0.445764073028659,-0.445764073028659,-0.102549813312472,0.102549813312472,1.01812839609434,-1.01812839609434,0.45218994544842,-0.45218994544842,-1.33070455659303,1.33070455659303,1.03910434215011,-1.03910434215011,-0.577004080724481,0.577004080724481,-2.24602880061566,2.24602880061566,1.2659636308212,-1.2659636308212,0.303695436229734,-0.303695436229734,-0.494434288683105,0.494434288683105,0.192540086813224,-0.192540086813224,-2.55464603207938,2.55464603207938,-0.499116049459503,0.499116049459503,-2.21447498786021,2.21447498786021,-1.73370792741063,1.73370792741063,0.29306858690471,-0.29306858690471,0.151814617111127,-0.151814617111127,0.473976509870923,-0.473976509870923,0.380498927600196,-0.380498927600196,-1.11145051006908,1.11145051006908,1.05652112603672,-1.05652112603672,-1.86038881136922,1.86038881136922,0.219318250175179,-0.219318250175179,0.176948648139535,-0.176948648139535,-0.605147948813729,0.605147948813729,0.823608360090659,-0.823608360090659,-0.118766414366962,0.118766414366962,-0.932014860123035,0.932014860123035,-0.370052249753192,0.370052249753192,1.33956120785078,-1.33956120785078,0.714660120016756,-0.714660120016756,2.33149297497507,-2.33149297497507,0.537028291641479,-0.537028291641479,-0.880323426955127,0.880323426955127,-0.0807286263812722,0.0807286263812722,0.844927215601281,-0.844927215601281,2.10503571721434,-2.10503571721434,0.232647006005429,-0.232647006005429,-0.454689593940333,0.454689593940333,0.0410983568309996,-0.0410983568309996,-0.0769167716068587,0.0769167716068587,-1.2364783442606,1.2364783442606,0.165263455769839,-0.165263455769839,-1.51568013933369,1.51568013933369,-0.455563170629412,0.455563170629412,0.770322469740597,-0.770322469740597,-1.13220126329239,1.13220126329239,0.391548767244889,-0.391548767244889,0.775934291467696,-0.775934291467696,0.438981581409936,-0.438981581409936,0.496433174091238,-0.496433174091238,0.95988903339557,-0.95988903339557,-1.64010718356567,1.64010718356567,-0.74378987657484,0.74378987657484,-1.21394403713255,1.21394403713255,0.240544664067811,-0.240544664067811,-0.657701717087515,0.657701717087515,1.05545113700276,-1.05545113700276,-0.852251798337681,0.852251798337681,-0.120718409975327,0.120718409975327,-1.09221851463331,1.09221851463331,0.772502162267839,-0.772502162267839,0.0112741905022501,-0.0112741905022501,0.836970360733845,-0.836970360733845,0.900165903821849,-0.900165903821849,0.93595321890789,-0.93595321890789,-1.00889659175443,1.00889659175443,1.33924876417994,-1.33924876417994,1.01990203850129,-1.01990203850129,-1.04452495490636,1.04452495490636,-0.80884514563508,0.80884514563508,0.620251465155001,-0.620251465155001,0.992652169537684,-0.992652169537684,-0.113712159591355,0.113712159591355,0.366361584551171,-0.366361584551171,2.37962824221918,-2.37962824221918,0.128885714651163,-0.128885714651163,-0.307897570954469,0.307897570954469,1.34327239151853,-1.34327239151853,0.133364271650007,-0.133364271650007,-0.927282815442205,0.927282815442205,2.25176845563499,-2.25176845563499,0.448473358937045,-0.448473358937045,-0.239917716182807,0.239917716182807,1.49372159970368,-1.49372159970368,-0.975615814470736,0.975615814470736,-0.237881456265967,0.237881456265967,0.815209833093853,-0.815209833093853,0.663980625295214,-0.663980625295214,-0.473155320041816,0.473155320041816,-0.421435458729384,0.421435458729384,-0.806174664137649,0.806174664137649,0.372649485382442,-0.372649485382442,0.444077297406122,-0.444077297406122,0.342361917508981,-0.342361917508981,0.231765698193623,-0.231765698193623,1.89877291200884,-1.89877291200884,2.30810603650602,-2.30810603650602,-0.121995899153799,0.121995899153799,0.250256940192003,-0.250256940192003,0.0431012259018915,-0.0431012259018915,-0.425596268357599,0.425596268357599,0.450294616510451,-0.450294616510451,-0.745247553257482,0.745247553257482,2.51808565808367,-2.51808565808367,-1.11654930609756,1.11654930609756,-1.27068540040616,1.27068540040616,0.253869018801863,-0.253869018801863,-0.678920246603994,0.678920246603994,1.26912825721828,-1.26912825721828,1.48449694835197,-1.48449694835197,-0.880913101447623,0.880913101447623,0.47789885324745,-0.47789885324745,0.8726806110459,-0.8726806110459,1.92170353409679,-1.92170353409679,-0.770487825437399,0.770487825437399,0.705356690004772,-0.705356690004772,-1.42214738126319,1.42214738126319,-0.438031787037624,0.438031787037624,2.24974162371285,-2.24974162371285,0.472092529496794,-0.472092529496794,-1.36656002258233,1.36656002258233,-0.134209366640823,0.134209366640823,-0.482574579093445,0.482574579093445,-0.229125337829235,0.229125337829235,-0.987375434557658,0.987375434557658,0.496018656143437,-0.496018656143437,2.31876227224028,-2.31876227224028,0.623049715508428,-0.623049715508428,0.146294473679496,-0.146294473679496,0.923036009431281,-0.923036009431281,0.729073686614206,-0.729073686614206,-1.27311882452928,1.27311882452928,2.13395017563824,-2.13395017563824,0.284086296706172,-0.284086296706172,0.637106397366582,-0.637106397366582,1.22994984946476,-1.22994984946476,-0.0902948950372077,0.0902948950372077,0.925310685456068,-0.925310685456068,0.382057582206686,-0.382057582206686,-0.134559431207214,0.134559431207214,0.12951494789982,-0.12951494789982,-0.152103455587977,0.152103455587977,1.66164262818574,-1.66164262818574,-0.900138393342365,0.900138393342365,1.05378285991304,-1.05378285991304,0.464991024616578,-0.464991024616578,0.0656570067529219,-0.0656570067529219,-0.0329155240530544,0.0329155240530544,-1.49932475375842,1.49932475375842,0.465834570176799,-0.465834570176799,-0.463534978409892,0.463534978409892,-0.819953023719905,0.819953023719905,-0.609911122346984,0.609911122346984,-0.0771299065712972,0.0771299065712972,0.451841489047477,-0.451841489047477,1.70455899118812,-1.70455899118812,-1.47381811770629,1.47381811770629,-1.33394696486573,1.33394696486573,0.596143035141056,-0.596143035141056,-0.507931552026303,0.507931552026303,1.01593256833597,-1.01593256833597,0.324659132895121,-0.324659132895121,0.226004395995493,-0.226004395995493,0.539317423664012,-0.539317423664012,-0.750387416009716,0.750387416009716,-1.45950315989377,1.45950315989377,0.68456125846807,-0.68456125846807,1.32959361672115,-1.32959361672115,-1.07350937809059,1.07350937809059,0.244369574802081,-0.244369574802081,-1.53851384607211,1.53851384607211,-1.13065536529534,1.13065536529534,1.23802932255085,-1.23802932255085,0.350744498216188,-0.350744498216188,-1.96344161738803,1.96344161738803,-0.58923551309871,0.58923551309871,1.28121406278642,-1.28121406278642,1.33215432391912,-1.33215432391912,0.693094749474202,-0.693094749474202,-0.992625066405281,0.992625066405281,1.39361836409358,-1.39361836409358,1.22315601049471,-1.22315601049471,-1.84591162378275,1.84591162378275,-0.347999699011696,0.347999699011696,1.34611584289934,-1.34611584289934,-1.13603490062402,1.13603490062402,0.297473301342231,-0.297473301342231,-0.156224067859474,0.156224067859474,-0.879467752956852,0.879467752956852,-1.18293999605675,1.18293999605675,-1.97167728902885,1.97167728902885,-1.30017008193825,1.30017008193825,0.890011119920461,-0.890011119920461,-1.30063760125305,1.30063760125305,0.816065049918366,-0.816065049918366,0.598991898327354,-0.598991898327354,-1.27038748567973,1.27038748567973,-1.01163855801916,1.01163855801916,0.0362826854913757,-0.0362826854913757,-0.894840865412175,0.894840865412175,-0.197356676301284,0.197356676301284,0.151725155493238,-0.151725155493238,-0.324132731372302,0.324132731372302,-0.594122573520673,0.594122573520673,0.457941461477581,-0.457941461477581,0.284731151003219,-0.284731151003219,-0.60792358964957,0.60792358964957,0.382757162525674,-0.382757162525674,1.99482031781034,-1.99482031781034,-1.67731390373787,1.67731390373787,0.012382113520497,-0.012382113520497,-0.152846593952029,0.152846593952029,-0.463843583136229,0.463843583136229,1.47963308358505,-1.47963308358505,1.49199021978525,-1.49199021978525,0.0741428329036064,-0.0741428329036064,-0.128422879682984,0.128422879682984,0.770692059967268,-0.770692059967268,-0.339845340868897,0.339845340868897,0.03484984010754,-0.03484984010754,1.45012413722081,-1.45012413722081,0.764599869254947,-0.764599869254947,-0.0603390072689676,0.0603390072689676,-0.559594025000542,0.559594025000542,-0.300260016392366,0.300260016392366,-0.286555200472702,0.286555200472702,-1.49246901687708,1.49246901687708,1.63755612834701,-1.63755612834701,2.89508716640412,-2.89508716640412,0.0150921688581251,-0.0150921688581251,-0.85646742566045,0.85646742566045,-0.723042303370775,0.723042303370775,-1.5957629990759,1.5957629990759,-1.39247739070083,1.39247739070083,0.814587063822798,-0.814587063822798,-0.387700937963097,0.387700937963097,-0.192977131086273,0.192977131086273,0.449349943656441,-0.449349943656441,0.0506927347628291,-0.0506927347628291,0.328117490983626,-0.328117490983626,-1.59160014958456,1.59160014958456,0.784918926177369,-0.784918926177369,0.422487648766779,-0.422487648766779,0.474113903775892,-0.474113903775892,0.0295178260649315,-0.0295178260649315,-0.399212850492047,0.399212850492047,-0.0342301546829476,0.0342301546829476,1.18711403064504,-1.18711403064504,-1.48169684231598,1.48169684231598,-1.05718631972535,1.05718631972535,1.64073882516601,-1.64073882516601,1.60086605421784,-1.60086605421784,2.41167322732138,-2.41167322732138,1.73926184128702,-1.73926184128702,0.346329492392551,-0.346329492392551,-0.745982903954248,0.745982903954248,-0.809128999582294,0.809128999582294,-0.806745498384897,0.806745498384897,1.35408867293704,-1.35408867293704,-0.0168419107432598,0.0168419107432598,2.0859121256535,-2.0859121256535,1.88222411156639,-1.88222411156639,-1.0690586988951,1.0690586988951,-0.471961951886753,0.471961951886753,1.07924332242742,-1.07924332242742,0.210745862505229,-0.210745862505229,-0.454299666762852,0.454299666762852,1.00996339828849,-1.00996339828849,-0.956548210611939,0.956548210611939,-0.674828880695049,0.674828880695049,0.64448743225143,-0.64448743225143,-0.445336397253759,0.445336397253759,0.496416869794309,-0.496416869794309,-0.35193862683569,0.35193862683569,2.02416278487288,-2.02416278487288,0.260330671886263,-0.260330671886263,-0.363486312243831,0.363486312243831,0.401186672989221,-0.401186672989221,-1.08398158230433,1.08398158230433,0.53506126065667,-0.53506126065667,0.185819163190743,-0.185819163190743,-0.931604113085298,0.931604113085298,0.287815034377108,-0.287815034377108,-0.374424508531307,0.374424508531307,0.805187916551344,-0.805187916551344,0.397876238357176,-0.397876238357176,0.202143319509867,-0.202143319509867,0.474217646576229,-0.474217646576229,0.896025502641135,-0.896025502641135,-0.972324847762931,0.972324847762931,-0.0708281854748235,0.0708281854748235,1.48502909302033,-1.48502909302033,1.42713061971961,-1.42713061971961,0.463283989292914,-0.463283989292914,0.485959335567803,-0.485959335567803,-0.103544742962979,0.103544742962979,0.0492917892385862,-0.0492917892385862,0.188276134598476,-0.188276134598476,2.0446018006337,-2.0446018006337,0.222127919605751,-0.222127919605751,0.726789912031318,-0.726789912031318,-2.1937766153557,2.1937766153557,1.63318186651809,-1.63318186651809,-0.642694556802949,0.642694556802949,1.78482604891659,-1.78482604891659,-1.41469063172961,1.41469063172961,0.66535277590026,-0.66535277590026,0.929216667087058,-0.929216667087058,0.384526084680832,-0.384526084680832,1.43389946236877,-1.43389946236877,-1.07789446567159,1.07789446567159,1.2332681414968,-1.2332681414968,1.26874015030128,-1.26874015030128,-1.50503817719027,1.50503817719027,0.923541908241326,-0.923541908241326,0.828011980785229,-0.828011980785229,-1.83402926429722,1.83402926429722,0.0800029566430502,-0.0800029566430502,1.10805823288059,-1.10805823288059,-0.839774769665893,0.839774769665893,1.03404969924184,-1.03404969924184,-0.00587954249053906,0.00587954249053906,-1.32675824868674,1.32675824868674,-0.215278092274156,0.215278092274156,-0.0933525494485305,0.0933525494485305,-0.902638036224538,0.902638036224538,0.890176902890284,-0.890176902890284,0.447434790610169,-0.447434790610169,0.572434525748169,-0.572434525748169,0.752447123653486,-0.752447123653486,-0.354463163681512,0.354463163681512,-3.04301710334663,3.04301710334663,0.722040133535866,-0.722040133535866,0.57774695606963,-0.57774695606963,-1.17726863080359,1.17726863080359,0.524919435797713,-0.524919435797713,-1.46802646583151,1.46802646583151,0.149629398847446,-0.149629398847446,-0.103510435193889,0.103510435193889,-1.2616708883017,1.2616708883017,1.60202060676367,-1.60202060676367,-1.89400829223803,1.89400829223803,1.37973546623303,-1.37973546623303,-0.221326568357471,0.221326568357471,-0.982653384074349,0.982653384074349,0.687328890194234,-0.687328890194234,0.0296352117625159,-0.0296352117625159,-1.5052984274297,1.5052984274297,1.00124037623019,-1.00124037623019,1.57639173386406,-1.57639173386406,-0.808148271498459,0.808148271498459,0.955751737800755,-0.955751737800755,-0.620902663645211,0.620902663645211,0.50393904601243,-0.50393904601243,0.516576498372658,-0.516576498372658,-0.326443630435425,0.326443630435425,1.82611535717416,-1.82611535717416,0.284343037999537,-0.284343037999537,0.847544568657278,-0.847544568657278,1.27452249163296,-1.27452249163296,0.858286694914315,-0.858286694914315,0.374682422393106,-0.374682422393106,2.1124690559653,-2.1124690559653,1.0166139469467,-1.0166139469467,1.43528051884579,-1.43528051884579,0.144534441836415,-0.144534441836415,0.178673123847496,-0.178673123847496,0.819358421927388,-0.819358421927388,0.743437087308519,-0.743437087308519,-0.738162782168189,0.738162782168189,-0.492553691779372,0.492553691779372,0.103737786192571,-0.103737786192571,-0.000346778553685743,0.000346778553685743,-0.261647546364065,0.261647546364065,-1.97270391062785,1.97270391062785,-1.6353503235081,1.6353503235081,-0.926163773209194,0.926163773209194,-0.208319776038008,0.208319776038008,-3.49020275095924,3.49020275095924,-0.992104509475538,0.992104509475538,-1.72404959539013,1.72404959539013,-0.671542536918306,0.671542536918306,-0.735089776659864,0.735089776659864,1.15947152778384,-1.15947152778384,-0.888869112395462,0.888869112395462,0.0143274237055905,-0.0143274237055905,-0.759905918736251,0.759905918736251,0.449058242966895,-0.449058242966895,1.11397113771125,-1.11397113771125,-0.022392955434358,0.022392955434358,-2.13452423553028,2.13452423553028,-0.526512249903355,0.526512249903355,0.691703539415837,-0.691703539415837,0.549788740860726,-0.549788740860726,1.77545609988685,-1.77545609988685,1.43438244913558,-1.43438244913558,1.14417450532058,-1.14417450532058,1.48473938799128,-1.48473938799128,-0.0866915470142754,0.0866915470142754,-0.272099985352396,0.272099985352396,0.69736254746307,-0.69736254746307,-0.544510528582291,0.544510528582291,0.104611990369736,-0.104611990369736,0.15593270741125,-0.15593270741125,-0.207973785401082,0.207973785401082,-0.271749907624054,0.271749907624054,0.418360381806131,-0.418360381806131,1.40744784609076,-1.40744784609076,-0.656860186370925,0.656860186370925,-0.754720721330683,0.754720721330683,1.45812059400199,-1.45812059400199,0.658350327022965,-0.658350327022965,0.270921289386071,-0.270921289386071,-1.50067520019934,1.50067520019934,0.823615530388114,-0.823615530388114,0.267042272655235,-0.267042272655235,0.596078752172407,-0.596078752172407,0.750666659680928,-0.750666659680928,0.476124549947752,-0.476124549947752,0.460127440350507,-0.460127440350507,1.28680935802381,-1.28680935802381,0.104930360906831,-0.104930360906831,-0.233197131092556,0.233197131092556,-0.0348308685078095,0.0348308685078095,-0.370310513375833,0.370310513375833,-0.870083206238166,0.870083206238166,1.72209388903337,-1.72209388903337,0.00235315045671378,-0.00235315045671378,0.419219542323233,-0.419219542323233,-0.113323251818521,0.113323251818521,-0.286241305768392,0.286241305768392,-0.407145006881701,0.407145006881701,-0.563542228867502,0.563542228867502,-0.0200902147419561,0.0200902147419561,0.998184636547453,-0.998184636547453,-0.399617724802203,0.399617724802203,-0.19398559166072,0.19398559166072,0.528696161510213,-0.528696161510213,0.928724789016949,-0.928724789016949,-0.679060700949368,0.679060700949368,-0.0643658242077283,0.0643658242077283,-1.26210119358597,1.26210119358597,-0.0396578319184025,0.0396578319184025,0.828014503509716,-0.828014503509716,0.958410368354467,-0.958410368354467,0.339683638555386,-0.339683638555386,-2.00484717731768,2.00484717731768,-0.991766517276418,0.991766517276418,-0.644586829480474,0.644586829480474,1.52686193104586,-1.52686193104586,1.22908499095178,-1.22908499095178,-1.55690437762435,1.55690437762435,0.478605668662843,-0.478605668662843,0.546885500306958,-0.546885500306958,-2.97987904625617,2.97987904625617,0.00727013854881915,-0.00727013854881915,1.51303421376259,-1.51303421376259,1.40831863447968,-1.40831863447968,0.166819270343367,-0.166819270343367,-1.28051586876459,1.28051586876459,0.59538193862645,-0.59538193862645,-0.479699825508352,0.479699825508352,-1.93481185553233,1.93481185553233,0.99450696053655,-0.99450696053655,-0.738314482208144,0.738314482208144,-1.20313918110782,1.20313918110782,0.0653220456488389,-0.0653220456488389,-0.313486994814047,0.313486994814047,0.39319255648099,-0.39319255648099,0.592565428764303,-0.592565428764303,0.29620081311133,-0.29620081311133,-0.946643123004105,0.946643123004105,-0.0320790969698124,0.0320790969698124,0.550934318421843,-0.550934318421843,-0.776975096220491,0.776975096220491,-0.660935595242951,0.660935595242951,0.938344560714335,-0.938344560714335,-0.689034646017645,0.689034646017645,0.178234237376324,-0.178234237376324,-0.180280451554948,0.180280451554948,-0.226950148080163,0.226950148080163,-1.97258254701986,1.97258254701986,0.968737858902041,-0.968737858902041,-0.399833993439472,0.399833993439472,-0.197814484156101,0.197814484156101,0.439658258879867,-0.439658258879867,-1.9066969438599,1.9066969438599,0.480479248451623,-0.480479248451623,1.11288667455828,-1.11288667455828,1.64447039590297,-1.64447039590297,1.05811085347436,-1.05811085347436,-1.54507393701128,1.54507393701128,1.865235305073,-1.865235305073,-1.5351079526318,1.5351079526318,-0.804343024909522,0.804343024909522,-1.34515885314615,1.34515885314615,0.261075364052051,-0.261075364052051,1.63358126285367,-1.63358126285367,0.573532345281821,-0.573532345281821,1.00580911478848,-1.00580911478848,0.107072251096868,-0.107072251096868,-0.821594865918482,0.821594865918482,-0.921640899986158,0.921640899986158,-1.34478900246194,1.34478900246194,0.128204596165855,-0.128204596165855,1.01108715586298,-1.01108715586298,-1.52119216615735,1.52119216615735,-0.368175553547068,0.368175553547068,0.219081929079657,-0.219081929079657,1.29030683085975,-1.29030683085975,-0.944354878702349,0.944354878702349,-1.7411114341122,1.7411114341122,-1.28738822805627,1.28738822805627,0.581520835315852,-0.581520835315852,0.733007988701519,-0.733007988701519,1.58724918827538,-1.58724918827538,-0.344642752550166,0.344642752550166,-0.954669680189294,0.954669680189294,-1.02757790233044,1.02757790233044,-1.56098907707609,1.56098907707609,-0.162475942908798,0.162475942908798,-0.469278532659239,0.469278532659239,1.65813658104741,-1.65813658104741,-1.14841151001985,1.14841151001985,0.747234333374908,-0.747234333374908,3.05169353781571,-3.05169353781571,0.055456635986827,-0.055456635986827,1.01730391728679,-1.01730391728679,0.903046244184389,-0.903046244184389,-0.967018051243316,0.967018051243316,0.00221327790927287,-0.00221327790927287,-0.193080692981549,0.193080692981549,-0.0864840482150196,0.0864840482150196,-1.72619928642365,1.72619928642365,-0.572747250826338,0.572747250826338,-0.82907681951252,0.82907681951252,-0.124845497305079,0.124845497305079,-1.64283316174126,1.64283316174126,-1.39425682018982,1.39425682018982,-1.75010121614552,1.75010121614552,-1.23772891951044,1.23772891951044,-0.863923871875504,0.863923871875504,0.215927202594995,-0.215927202594995,-0.243241845569058,0.243241845569058,0.800562989782446,-0.800562989782446,-0.285855572594266,0.285855572594266,1.22344119531795,-1.22344119531795,0.623250347646074,-0.623250347646074,-0.105840795113283,0.105840795113283,0.606594094136816,-0.606594094136816,1.69350549328837,-1.69350549328837,-0.0648491115588432,0.0648491115588432,-0.145810249857588,0.145810249857588,1.56123921361265,-1.56123921361265,-0.514340912209402,0.514340912209402,-0.78761537412469,0.78761537412469,-0.690543877136161,0.690543877136161,0.729803139164995,-0.729803139164995,-0.785362458028439,0.785362458028439,0.309430211884579,-0.309430211884579,-1.53887096755141,1.53887096755141,1.10226515315498,-1.10226515315498,0.352379105935981,-0.352379105935981,1.88216797892815,-1.88216797892815,-3.05840925430908,3.05840925430908,0.181864031219551,-0.181864031219551,-0.523727217362236,0.523727217362236,-1.74236248971572,1.74236248971572,-0.43719928132975,0.43719928132975,-0.853153386539781,0.853153386539781,0.0913076038773237,-0.0913076038773237,-0.0987220363849339,0.0987220363849339,-1.35774385358353,1.35774385358353,-0.0760967939172278,0.0760967939172278,-0.964739835102263,0.964739835102263,-0.998038115680744,0.998038115680744,-1.23898177715836,1.23898177715836,-2.06835992130409,2.06835992130409,-0.651294779720996,0.651294779720996,1.39339766342069,-1.39339766342069,-0.632414376167269,0.632414376167269,2.24582286821153,-2.24582286821153,-0.995494115916245,0.995494115916245,0.113688186854069,-0.113688186854069,-0.191967286915715,0.191967286915715,0.341458896554442,-0.341458896554442,0.212650427697933,-0.212650427697933,0.22703153195033,-0.22703153195033,-1.09990281819918,1.09990281819918,0.15427407244352,-0.15427407244352,0.314663245815205,-0.314663245815205,0.534004637920302,-0.534004637920302,-0.964188714464173,0.964188714464173,1.35688458455863,-1.35688458455863,1.36804719585818,-1.36804719585818,0.538077152443636,-0.538077152443636,-1.00990718725675,1.00990718725675,0.0585978975857337,-0.0585978975857337,0.484214462423636,-0.484214462423636,0.507416853952326,-0.507416853952326,1.53492891881692,-1.53492891881692,-0.114679341838105,0.114679341838105,1.67578138859541,-1.67578138859541,0.316337846661598,-0.316337846661598,1.81498017718967,-1.81498017718967,0.792385174974897,-0.792385174974897,-1.2358993784764,1.2358993784764,-0.0346564096037848,0.0346564096037848,-0.604187670081591,0.604187670081591,0.410429379678893,-0.410429379678893,1.22743950442991,-1.22743950442991,0.623726902883707,-0.623726902883707,0.255884594480214,-0.255884594480214,2.16267524337912,-2.16267524337912,0.821317721355067,-0.821317721355067,-1.64832235795906,1.64832235795906,0.498699480658566,-0.498699480658566,1.46504518947034,-1.46504518947034,1.7553426979921,-1.7553426979921,-0.937976474294637,0.937976474294637,-0.944032452739524,0.944032452739524,1.0146917081638,-1.0146917081638,-1.21469582639264,1.21469582639264,0.69668607581111,-0.69668607581111,0.342008849789496,-0.342008849789496,1.37936092987083,-1.37936092987083,-0.328378066396759,0.328378066396759,0.86173157587518,-0.86173157587518,1.59414429956805,-1.59414429956805,0.218637725846173,-0.218637725846173,0.388251081294428,-0.388251081294428,0.537934790765642,-0.537934790765642,0.0358441959715901,-0.0358441959715901,1.12672583841229,-1.12672583841229,0.0470205580898521,-0.0470205580898521,-0.976805773774008,0.976805773774008,-0.126608673864441,0.126608673864441,0.778998602261839,-0.778998602261839,0.262025162668481,-0.262025162668481,-0.540082432531475,0.540082432531475,0.562994444561801,-0.562994444561801,0.256581267178507,-0.256581267178507,0.471600476500319,-0.471600476500319,1.16597043395824,-1.16597043395824,0.28934792029153,-0.28934792029153,-2.08160498067436,2.08160498067436,-1.33928943710096,1.33928943710096,-1.20040820818195,1.20040820818195,-0.762290448977576,0.762290448977576,0.243803344771486,-0.243803344771486,-0.794002842324327,0.794002842324327,0.861884337919981,-0.861884337919981,0.94182141296757,-0.94182141296757,-0.977450994876037,0.977450994876037,-0.447362441836026,0.447362441836026,-1.44858364266568,1.44858364266568,-0.683359062577771,0.683359062577771,1.17526135934632,-1.17526135934632,-0.129417004064415,0.129417004064415,0.165168148153062,-0.165168148153062,-1.00549002081072,1.00549002081072,-1.54752299786825,1.54752299786825,1.68649178617304,-1.68649178617304,2.47427427189117,-2.47427427189117,1.20737902034658,-1.20737902034658,-0.252326995475978,0.252326995475978,0.801759015036924,-0.801759015036924,-1.21774786781333,1.21774786781333,1.67353834288303,-1.67353834288303,-0.556076714756335,0.556076714756335,0.805752507729226,-0.805752507729226,-2.42665544534782,2.42665544534782,0.996825500462644,-0.996825500462644,2.0136926594045,-2.0136926594045,-0.736185993083308,0.736185993083308,0.397408323362735,-0.397408323362735,1.10091897301717,-1.10091897301717,-1.23887876809136,1.23887876809136,0.0925990057275484,-0.0925990057275484,-0.221603514299544,0.221603514299544,-0.411631887478625,0.411631887478625,0.935259725969534,-0.935259725969534,0.0890630691386083,-0.0890630691386083,0.577915275896843,-0.577915275896843,-1.64862665987773,1.64862665987773,0.401370234290917,-0.401370234290917,0.00765985695463771,-0.00765985695463771,-0.019248433499652,0.019248433499652,0.0136925585869162,-0.0136925585869162,3.06180898889119,-3.06180898889119,-1.02800828513016,1.02800828513016,0.976298596029793,-0.976298596029793,1.60217520638658,-1.60217520638658,-1.72053948246076,1.72053948246076,-0.402539572505255,0.402539572505255,0.429229951212465,-0.429229951212465,0.0213749518913728,-0.0213749518913728,-1.21980607945042,1.21980607945042,-0.393589246884184,0.393589246884184,0.349547481711162,-0.349547481711162,1.73508193729702,-1.73508193729702,0.435648032409616,-0.435648032409616,-0.340075300127334,0.340075300127334,1.35827472777364,-1.35827472777364,-0.33910223046146,0.33910223046146,0.405181377038184,-0.405181377038184,0.178664753315652,-0.178664753315652,-0.193362354011065,0.193362354011065,0.550530598903449,-0.550530598903449,-1.58774941256079,1.58774941256079,-0.699023970300433,0.699023970300433,0.490498887420543,-0.490498887420543,1.39287062987278,-1.39287062987278,-1.04252898276435,1.04252898276435,-0.713696323718056,0.713696323718056,0.203419490529185,-0.203419490529185,-0.309761994015291,0.309761994015291,0.358891873757902,-0.358891873757902,-0.542002309931618,0.542002309931618,0.718623454594794,-0.718623454594794,-0.908082844040904,0.908082844040904,0.88298024283628,-0.88298024283628,-0.298412552500459,0.298412552500459,-0.241625751934917,0.241625751934917,0.603352195836888,-0.603352195836888,0.728138147351936,-0.728138147351936,-1.06905911588946,1.06905911588946,0.00833463079006132,-0.00833463079006132,0.459127869648428,-0.459127869648428,0.942622647940874,-0.942622647940874,0.398466271864136,-0.398466271864136,-0.0896100571036964,0.0896100571036964,-1.60822644792059,1.60822644792059,0.60173546284281,-0.60173546284281,-0.0362360336999476,0.0362360336999476,-1.37995624835865,1.37995624835865,-0.632280641505857,0.632280641505857,0.278157968831548,-0.278157968831548,0.421782552702868,-0.421782552702868,1.21789681863497,-1.21789681863497,-0.896925920751764,0.896925920751764,1.47954181594153,-1.47954181594153,1.14361280168168,-1.14361280168168,1.05638637815795,-1.05638637815795,1.55675946893651,-1.55675946893651,0.696454832727451,-0.696454832727451,1.92808743485956,-1.92808743485956,0.646326135246814,-0.646326135246814,0.281571610056891,-0.281571610056891,-1.33956156810041,1.33956156810041,1.0271793163657,-1.0271793163657,1.07827676906391,-1.07827676906391,0.90803076435071,-0.90803076435071,1.04081087503601,-1.04081087503601,-0.286661610889888,0.286661610889888,-0.048071421305847,0.048071421305847,-0.333904630284865,0.333904630284865,0.118540520538992,-0.118540520538992,0.255065905793864,-0.255065905793864,-0.286495888042452,0.286495888042452,-0.0724989097340725,0.0724989097340725,-0.336467081699606,0.336467081699606,-1.52970585459715,1.52970585459715,-0.795040761391606,0.795040761391606,-0.47583155982033,0.47583155982033,-0.904838856793017,0.904838856793017,1.61741040256363,-1.61741040256363,0.923385389951042,-0.923385389951042,1.31197407673485,-1.31197407673485,-0.584591831524981,0.584591831524981,-0.489833514453778,0.489833514453778,-1.69105104189436,1.69105104189436,-0.372927087989569,0.372927087989569,-0.205220165751408,0.205220165751408,-0.931010393493357,0.931010393493357,1.22875697604109,-1.22875697604109,-0.239031196819543,0.239031196819543,-1.93317796484857,1.93317796484857,0.622893340896209,-0.622893340896209,-0.740512209316118,0.740512209316118,-0.193282756875628,0.193282756875628,-0.50064874392904,0.50064874392904,0.301947408563263,-0.301947408563263,-0.227303753156275,0.227303753156275,-0.284771063287723,0.284771063287723,-0.101527821576478,0.101527821576478,-0.401605375802608,0.401605375802608,-0.364764263990267,0.364764263990267,-0.770090175602085,0.770090175602085,0.607917267023286,-0.607917267023286,0.50212381608072,-0.50212381608072,-0.729422750547432,0.729422750547432,1.1590262040487,-1.1590262040487,-1.13339169776808,1.13339169776808,-1.47292118360956,1.47292118360956,1.03439709090372,-1.03439709090372,-0.234101477624887,0.234101477624887,-1.41994598000129,1.41994598000129,0.178338418313979,-0.178338418313979,-1.07675942237718,1.07675942237718,-0.276801107701819,0.276801107701819,-0.630505076785705,0.630505076785705,-0.568101866334139,0.568101866334139,-1.2864597005677,1.2864597005677,-0.920802278169661,0.920802278169661,1.17374601885887,-1.17374601885887,-0.108075421191915,0.108075421191915,-0.191525185326372,0.191525185326372,1.65297850270841,-1.65297850270841,-0.391067347246092,0.391067347246092,-0.724202860808908,0.724202860808908,-0.959618620764645,0.959618620764645,-0.363476192740829,0.363476192740829,-0.465599869928787,0.465599869928787,0.291317169483518,-0.291317169483518,-0.8480261137199,0.8480261137199,-0.483866563739204,0.483866563739204,-0.395209145058739,0.395209145058739,-0.693684145749396,0.693684145749396,-0.240529227649742,0.240529227649742,0.0981552530141454,-0.0981552530141454,0.649825596479095,-0.649825596479095,0.202286828154075,-0.202286828154075,-0.234599790965435,0.234599790965435,0.423684583132664,-0.423684583132664,2.69023594996199,-2.69023594996199,1.44034006115546,-1.44034006115546,-0.627054912794235,0.627054912794235,1.0673292788699,-1.0673292788699,1.29719080814414,-1.29719080814414,-2.03985920486869,2.03985920486869,0.705620432387133,-0.705620432387133,0.540537944946493,-0.540537944946493,2.03167187134067,-2.03167187134067,-0.925397563545165,0.925397563545165,-0.524137672838436,0.524137672838436,1.4766831492003,-1.4766831492003,0.783886446022871,-0.783886446022871,-0.308725783095263,0.308725783095263,-0.0776771365093704,0.0776771365093704,0.6031673349416,-0.6031673349416,1.37693163534138,-1.37693163534138,0.529907750594732,-0.529907750594732,-1.89764025061997,1.89764025061997,0.127921930626222,-0.127921930626222,0.516983599756146,-0.516983599756146,-0.630364499140152,0.630364499140152,0.904614855235309,-0.904614855235309,0.329530321612104,-0.329530321612104,1.69605838495752,-1.69605838495752,0.372381185742099,-0.372381185742099,0.81681189578646,-0.81681189578646,0.0439731577898929,-0.0439731577898929,-0.471093040214312,0.471093040214312,0.345156758806679,-0.345156758806679,-1.1277186691518,1.1277186691518,-1.84863861536082,1.84863861536082,1.24388977356923,-1.24388977356923,-1.29956182271061,1.29956182271061,-0.311454827261024,0.311454827261024,-1.26850935157966,1.26850935157966,1.0794908662377,-1.0794908662377,-0.705427777422329,0.705427777422329,-0.236536066336665,0.236536066336665,0.123138076797736,-0.123138076797736,-1.81063283743063,1.81063283743063,0.380291369607156,-0.380291369607156,-0.710812554609697,0.710812554609697,0.0661040515761659,-0.0661040515761659,-0.541072184183085,0.541072184183085,-0.256820007530314,0.256820007530314,-0.867513931809803,0.867513931809803,-0.998472670886475,0.998472670886475,0.466218159993297,-0.466218159993297,0.282083636900463,-0.282083636900463,0.214954893223473,-0.214954893223473,1.07137792629597,-1.07137792629597,0.932990356229513,-0.932990356229513,-1.30745631174611,1.30745631174611,0.399884512154946,-0.399884512154946,-2.34929801393679,2.34929801393679,-0.0831390763534498,0.0831390763534498,0.201018452168254,-0.201018452168254,-1.41629126188816,1.41629126188816,-2.22144546988265,2.22144546988265,-1.35645313795368,1.35645313795368,1.69521184923034,-1.69521184923034,-0.332503884327994,0.332503884327994,-1.15124350343448,1.15124350343448,-1.73813201168088,1.73813201168088,0.371932307783975,-0.371932307783975,0.522211439650021,-0.522211439650021,0.278461035099205,-0.278461035099205,-0.949193193575851,0.949193193575851,0.570365439343065,-0.570365439343065,-0.112618587751827,0.112618587751827,-0.337633387337579,0.337633387337579,0.455223732527295,-0.455223732527295,0.547471621454341,-0.547471621454341,-2.39791972199382,2.39791972199382,-0.498497878886559,0.498497878886559,1.17669269492481,-1.17669269492481,-0.497556864731037,0.497556864731037,0.388983415922839,-0.388983415922839,-0.523540451544537,0.523540451544537,-0.511312244501008,0.511312244501008,-2.25548005478962,2.25548005478962,1.52481209538003,-1.52481209538003,-1.96589413972288,1.96589413972288,0.628977042360721,-0.628977042360721,-1.61070860429016,1.61070860429016,-0.591558774576542,0.591558774576542,0.346783616331852,-0.346783616331852,0.668111408010585,-0.668111408010585,0.282939421492922,-0.282939421492922,-0.933707779050589,0.933707779050589,-0.00446419895332278,0.00446419895332278,-1.63917072738883,1.63917072738883,-2.4669588413156,2.4669588413156,0.134599387320864,-0.134599387320864,0.708647950492811,-0.708647950492811,-1.61642916369645,1.61642916369645,0.65096992399202,-0.65096992399202,1.12100410781439,-1.12100410781439,1.53934200503921,-1.53934200503921,0.234788064194482,-0.234788064194482,1.14016462195025,-1.14016462195025,-0.888844912743666,0.888844912743666,0.471629594629161,-0.471629594629161,0.205954672626792,-0.205954672626792,0.0122711907090216,-0.0122711907090216,0.121103397686065,-0.121103397686065,-0.154596938326524,0.154596938326524,-0.0182981074100731,0.0182981074100731,-1.14186030337326,1.14186030337326,-0.245468741602873,0.245468741602873,3.37604483443029,-3.37604483443029,0.843159688624089,-0.843159688624089,-1.01004888787799,1.01004888787799,0.138032118118178,-0.138032118118178,-0.690298588131045,0.690298588131045,0.350528019748707,-0.350528019748707,0.0668402415857332,-0.0668402415857332,0.826202545536559,-0.826202545536559,-0.429610186771732,0.429610186771732,-0.694281883106965,0.694281883106965,-0.0319209315303073,0.0319209315303073,-0.154847729994253,0.154847729994253,-0.130857062054732,0.130857062054732,0.642159632158784,-0.642159632158784,0.467945938390213,-0.467945938390213,-0.199838759951499,0.199838759951499,0.324797790418832,-0.324797790418832,-0.298615828596093,0.298615828596093,0.052228439076064,-0.052228439076064,0.0789455611297907,-0.0789455611297907,-1.43276438638618,1.43276438638618,-0.244406113145543,0.244406113145543,0.710966637065429,-0.710966637065429,-0.0372488003647519,0.0372488003647519,0.479980897190462,-0.479980897190462,1.37567298558055,-1.37567298558055,-1.16573916810516,1.16573916810516,0.877609384229402,-0.877609384229402,-1.47828022355974,1.47828022355974,1.10741574975688,-1.10741574975688,0.365785451606792,-0.365785451606792,0.636315286141556,-0.636315286141556,-0.853066499406928,0.853066499406928,-1.27001105783473,1.27001105783473,-0.0537881335105499,0.0537881335105499,0.213653571633874,-0.213653571633874,-0.626065706517855,0.626065706517855,1.71613501656075,-1.71613501656075,-0.892137499784042,0.892137499784042,-0.707519334336044,0.707519334336044,0.69587705630359,-0.69587705630359,0.848803568993843,-0.848803568993843,-1.0660184717654,1.0660184717654,-0.57828562596931,0.57828562596931,-0.613802765830698,0.613802765830698,1.71485074104826,-1.71485074104826,-0.675562308342891,0.675562308342891,1.12289115892506,-1.12289115892506,-0.802226427971556,0.802226427971556,-0.0646737027014578,0.0646737027014578,0.679821367106313,-0.679821367106313,-0.548337752636751,0.548337752636751,-0.442024073792454,0.442024073792454,-2.7193243003271,2.7193243003271,-0.233394634943099,0.233394634943099,-0.772163127003076,0.772163127003076,-1.0628722240446,1.0628722240446,0.871487306778665,-0.871487306778665,-1.161190295988,1.161190295988,0.405474591559323,-0.405474591559323,0.746092243833183,-0.746092243833183,0.025045216486065,-0.025045216486065,-1.8198622193283,1.8198622193283,-0.00887576860839467,0.00887576860839467,0.00536231005451651,-0.00536231005451651,0.185958560764352,-0.185958560764352,-1.16872247831918,1.16872247831918,-0.283006618690359,0.283006618690359,-0.259777009703072,0.259777009703072,0.0882408421583868,-0.0882408421583868,-0.227504728805522,0.227504728805522,0.803693937848124,-0.803693937848124,0.537047021225641,-0.537047021225641,-2.26433260747496,2.26433260747496,0.415378907462031,-0.415378907462031,-0.19450914121403,0.19450914121403,0.392058428442712,-0.392058428442712,0.0302119093261987,-0.0302119093261987,-1.30643237709477,1.30643237709477,-0.796526768050275,0.796526768050275,0.116209507407009,-0.116209507407009,-0.389304467244661,0.389304467244661,0.954411509126585,-0.954411509126585,0.0654624330753048,-0.0654624330753048,-0.48517163259257,0.48517163259257,0.391950128028854,-0.391950128028854,1.99257435921669,-1.99257435921669,-1.90891698912261,1.90891698912261,-0.502443518859712,0.502443518859712,-1.80986705999422,1.80986705999422,0.974742550531489,-0.974742550531489,-1.710593377144,1.710593377144,0.875067757907147,-0.875067757907147,0.00804214691963011,-0.00804214691963011,0.0532325895368708,-0.0532325895368708,-0.0313223191605633,0.0313223191605633,-0.445794267968306,0.445794267968306,-0.44683445623332,0.44683445623332,0.0996831661262274,-0.0996831661262274,1.23871901747678,-1.23871901747678,-0.619913228755979,0.619913228755979,-0.774502462796457,0.774502462796457,-1.26338065407542,1.26338065407542,0.699824900405936,-0.699824900405936,1.0796125379729,-1.0796125379729,-0.00307197195444732,0.00307197195444732,-0.863128466169811,0.863128466169811,-0.312941439061174,0.312941439061174,0.193440376463059,-0.193440376463059,-0.600894632401933,0.600894632401933,-0.743350154112437,0.743350154112437,-1.32951698947476,1.32951698947476,-1.5401264054578,1.5401264054578,-1.63739993692731,1.63739993692731,0.309845386550396,-0.309845386550396,-0.322685010733558,0.322685010733558,0.135557619255872,-0.135557619255872,-1.45916850433312,1.45916850433312,0.378395633077031,-0.378395633077031,-0.21238804112055,0.21238804112055,2.00422770182762,-2.00422770182762,-1.46806832689747,1.46806832689747,0.550363412403264,-0.550363412403264,-0.733599702642075,0.733599702642075,-1.37671115458884,1.37671115458884,1.8399121296924,-1.8399121296924,1.24721143237894,-1.24721143237894,-0.0245073520980297,0.0245073520980297,-0.378664956161927,0.378664956161927,-0.0479373143073582,0.0479373143073582,-0.903460339431959,0.903460339431959,-0.301315254515409,0.301315254515409,1.40534859278074,-1.40534859278074,0.186246977285632,-0.186246977285632,0.216063224251457,-0.216063224251457,-0.204653520663527,0.204653520663527,0.246027461228896,-0.246027461228896,-0.130965982118738,0.130965982118738,-0.667765868659477,0.667765868659477,0.312878877772909,-0.312878877772909,1.00646096166186,-1.00646096166186,-0.158599890378356,0.158599890378356,-1.31949160388185,1.31949160388185,0.613883801938379,-0.613883801938379,-1.38646319444437,1.38646319444437,-0.231433148759511,0.231433148759511,-1.1550031461652,1.1550031461652,-0.940861871128016,0.940861871128016,-1.04790140562503,1.04790140562503,-0.60171247520545,0.60171247520545,0.0185418100489002,-0.0185418100489002,1.13079546822839,-1.13079546822839,0.535430909917785,-0.535430909917785,-0.227305377831584,0.227305377831584,1.13676384070024,-1.13676384070024,1.32998498307272,-1.32998498307272,-0.00931002685258151,0.00931002685258151,-0.523610866374241,0.523610866374241,-0.566430979676156,0.566430979676156,0.421291260803499,-0.421291260803499,-0.285126692721901,0.285126692721901,-2.24105235373867,2.24105235373867,0.6778929417767,-0.6778929417767,-0.818141071457408,0.818141071457408,2.44424228603341,-2.44424228603341,1.10718522044048,-1.10718522044048,1.44702815822826,-1.44702815822826,0.274544208100939,-0.274544208100939,0.312189252612641,-0.312189252612641,-1.05447070648791,1.05447070648791,-0.513820335346494,0.513820335346494,0.550708672688788,-0.550708672688788,0.542493083975316,-0.542493083975316,-0.890216007499509,0.890216007499509,1.40133310187371,-1.40133310187371,1.50423463891619,-1.50423463891619,0.52749261046826,-0.52749261046826,-0.109875730898376,0.109875730898376,-0.0548193311078492,0.0548193311078492,1.08718128804785,-1.08718128804785,-1.03306066568118,1.03306066568118,1.07911901770095,-1.07911901770095,1.07389118344115,-1.07389118344115,-0.475502874270769,0.475502874270769,0.365979227693437,-0.365979227693437,0.9134982342636,-0.9134982342636,-2.89113954222754,2.89113954222754,-0.297330416810958,0.297330416810958,1.54486961090927,-1.54486961090927,-0.562779483936092,0.562779483936092,0.0448070746392759,-0.0448070746392759,0.25733972832766,-0.25733972832766,1.2249332126019,-1.2249332126019,1.58722482278654,-1.58722482278654,0.474791789768773,-0.474791789768773,0.187256814174401,-0.187256814174401,-0.0630564977395139,0.0630564977395139,-0.412275379595405,0.412275379595405,0.650255479111065,-0.650255479111065,-0.366488245963193,0.366488245963193,-1.16763268094908,1.16763268094908,-2.27530351964857,2.27530351964857,-1.21021207819364,1.21021207819364,0.665946444108435,-0.665946444108435,0.465799801802788,-0.465799801802788,-1.20373766698435,1.20373766698435,0.652749309321352,-0.652749309321352,1.10041838182695,-1.10041838182695,0.798722247684739,-0.798722247684739,-0.30193815647882,0.30193815647882,0.13842572575689,-0.13842572575689,-0.918744914631587,0.918744914631587,-0.103386628635032,0.103386628635032,0.95600649558185,-0.95600649558185,1.81845240406252,-1.81845240406252,-0.260844819132004,0.260844819132004,0.10024930759136,-0.10024930759136,0.320200809231511,-0.320200809231511,1.41597098161462,-1.41597098161462,-0.429641302103873,0.429641302103873,-0.278363438371897,0.278363438371897,1.1097461868551,-1.1097461868551,-0.492784502598318,0.492784502598318,-1.91395725115427,1.91395725115427,0.693039233378313,-0.693039233378313,0.254211929250353,-0.254211929250353,-0.132866113906552,0.132866113906552,-0.758645241121095,0.758645241121095,0.810561440947457,-0.810561440947457,0.132257537404713,-0.132257537404713,-0.0214933993429855,0.0214933993429855,0.890032689276727,-0.890032689276727,1.57285424178089,-1.57285424178089,1.49111841328198,-1.49111841328198,2.11631553413055,-2.11631553413055,-1.73014962684283,1.73014962684283,-0.314816001695355,0.314816001695355,1.1182161827553,-1.1182161827553,-1.84310736803416,1.84310736803416,-1.639004249993,1.639004249993,-0.0846336851998254,0.0846336851998254,-1.40737913195429,1.40737913195429,1.47682389967447,-1.47682389967447,0.880672459843083,-0.880672459843083,-0.639403028715227,0.639403028715227,-0.564919132940321,0.564919132940321,0.283724816006246,-0.283724816006246,0.709260185602529,-0.709260185602529,-0.533092905863142,0.533092905863142,0.650018907535872,-0.650018907535872,-0.449900693863489,0.449900693863489,0.460586766867056,-0.460586766867056,0.254303281883531,-0.254303281883531,-0.0345841522315496,0.0345841522315496,0.155777648628138,-0.155777648628138,-1.20413643938445,1.20413643938445,0.539639730528211,-0.539639730528211,0.175256782118717,-0.175256782118717,0.846122760413907,-0.846122760413907,0.870994004658669,-0.870994004658669,-0.970559231673896,0.970559231673896,0.633763029113176,-0.633763029113176,2.8986393644572,-2.8986393644572,0.858855004194116,-0.858855004194116,-0.824350847194316,0.824350847194316,2.06137461448759,-2.06137461448759,1.37012505498167,-1.37012505498167,-0.320451557437491,0.320451557437491,-0.868084868381248,0.868084868381248,0.466046146802489,-0.466046146802489,-0.814925175825031,0.814925175825031,-0.892070903919149,0.892070903919149,-0.416386332657976,0.416386332657976,-2.41312511695694,2.41312511695694,1.08095407881524,-1.08095407881524,-1.04056873987195,1.04056873987195,0.886754428930308,-0.886754428930308,-0.859089646101174,0.859089646101174,-0.330372552950145,0.330372552950145,-0.924350742051307,0.924350742051307,-0.669789382642849,0.669789382642849,0.109639713237893,-0.109639713237893,-0.57646899949212,0.57646899949212,-1.83233675976666,1.83233675976666,2.23713016386627,-2.23713016386627,0.699321682600166,-0.699321682600166,1.24721880569566,-1.24721880569566,1.75771374163751,-1.75771374163751,1.33940814463824,-1.33940814463824,0.92719043232346,-0.92719043232346,-0.476615123510595,0.476615123510595,-2.32700403766334,2.32700403766334,0.958796028536304,-0.958796028536304,0.749842369245082,-0.749842369245082,0.323867256609289,-0.323867256609289,-0.61381378343522,0.61381378343522,0.297087306905548,-0.297087306905548,1.36697079365278,-1.36697079365278,-0.415103671164995,0.415103671164995,2.10238954010506,-2.10238954010506,-0.563204111530092,0.563204111530092,0.68042558099829,-0.68042558099829,-0.132002700364091,0.132002700364091,-2.64675481138697,2.64675481138697,0.443468473888699,-0.443468473888699,0.204131288309485,-0.204131288309485,1.57609228716997,-1.57609228716997,0.26953726367605,-0.26953726367605,1.19488791541273,-1.19488791541273,0.913911247533108,-0.913911247533108,3.47710700557184,-3.47710700557184,0.127065246418679,-0.127065246418679,-0.833264076884827,0.833264076884827,-1.54920088063874,1.54920088063874,-1.08272445714534,1.08272445714534,-0.370602706454301,0.370602706454301,-0.887778304538709,0.887778304538709,-0.742608776221226,0.742608776221226,0.783476184173313,-0.783476184173313,0.656205006426463,-0.656205006426463,1.19842085816453,-1.19842085816453,-1.00624959378961,1.00624959378961,0.295429002017192,-0.295429002017192,0.700311027769896,-0.700311027769896,0.137793449210756,-0.137793449210756,0.155388334401014,-0.155388334401014,-0.0221550640448501,0.0221550640448501,-0.691139631904708,0.691139631904708,-0.131071163860769,0.131071163860769,-1.05226114588675,1.05226114588675,0.185555991337312,-0.185555991337312,-0.623622004160246,0.623622004160246,0.572292874722873,-0.572292874722873,-0.685165827405041,0.685165827405041,-0.417060972077702,0.417060972077702,0.814233252478557,-0.814233252478557,-1.11039497973233,1.11039497973233,0.111204679544755,-0.111204679544755,0.677824314021549,-0.677824314021549,-0.268712137558731,0.268712137558731,-0.0127673493271923,0.0127673493271923,0.517448912695096,-0.517448912695096,0.506114155692553,-0.506114155692553,-1.2873578727827,1.2873578727827,1.16842509757427,-1.16842509757427,0.0232526710092911,-0.0232526710092911,1.47745586094962,-1.47745586094962,1.11475170630388,-1.11475170630388,-0.392337640947073,0.392337640947073,-2.5360672063415,2.5360672063415,0.00791465155923247,-0.00791465155923247,-1.79988268268003,1.79988268268003,-1.47474628681457,1.47474628681457,-0.882488211764261,0.882488211764261,0.963205900892657,-0.963205900892657,0.864216231509683,-0.864216231509683,0.769787922163352,-0.769787922163352,0.648525544960407,-0.648525544960407,-0.931799940719452,0.931799940719452,0.386137760103229,-0.386137760103229,1.76407541538012,-1.76407541538012,-0.769697329263926,0.769697329263926,-1.21335859976276,1.21335859976276,-0.430952324654654,0.430952324654654,-0.597492789306246,0.597492789306246,-0.455423614463872,0.455423614463872,-0.351055876383296,0.351055876383296,-0.112716565238137,0.112716565238137,-0.681696105457753,0.681696105457753,1.0698125480754,-1.0698125480754,2.35207508464436,-2.35207508464436,-0.725912350940667,0.725912350940667,0.837536428055223,-0.837536428055223,-1.7514864485744,1.7514864485744,-0.463440514273552,0.463440514273552,-1.65032728574708,1.65032728574708,0.106332482806124,-0.106332482806124,-1.15348982178654,1.15348982178654,-0.872297337018448,0.872297337018448,0.0195278581398137,-0.0195278581398137,0.169862583061408,-0.169862583061408,2.85856522895462,-2.85856522895462,-0.234137400900157,0.234137400900157,-1.41849606864216,1.41849606864216,-0.724502222120229,0.724502222120229,-0.238360644841331,0.238360644841331,-0.27072603143098,0.27072603143098,1.9697171903806,-1.9697171903806,-1.03836522848291,1.03836522848291,-0.159791631906269,0.159791631906269,-0.308253021524347,0.308253021524347,-0.669851601872877,0.669851601872877,0.14491839891,-0.14491839891,1.68140401980288,-1.68140401980288,0.697484370741432,-0.697484370741432,1.25423025080398,-1.25423025080398,-0.694366751215313,0.694366751215313,-0.598466717981936,0.598466717981936,1.09841788578571,-1.09841788578571,-0.210738279859008,0.210738279859008,-0.0867181557428082,0.0867181557428082,1.56390302788627,-1.56390302788627,-1.17440385943688,1.17440385943688,2.43714803351078,-2.43714803351078,-0.369196071486552,0.369196071486552,0.144895227622472,-0.144895227622472,0.853256153969748,-0.853256153969748,-0.747543801248276,0.747543801248276,-0.0657016501649857,0.0657016501649857,-0.157819719380102,0.157819719380102,-0.840676615209523,0.840676615209523,1.54991532883479,-1.54991532883479,-2.74385803954673,2.74385803954673,-1.66512090142242,1.66512090142242,0.123561570289006,-0.123561570289006,-0.572587860725259,0.572587860725259,0.795816745895304,-0.795816745895304,-0.553109100069424,0.553109100069424,0.689754219156196,-0.689754219156196,-1.21501896695155,1.21501896695155,0.739026799511766,-0.739026799511766,-0.993033182359824,0.993033182359824,1.58372167603022,-1.58372167603022,-0.643821024371319,0.643821024371319,-0.376505483505673,0.376505483505673,0.449181535142466,-0.449181535142466,0.294640287271146,-0.294640287271146,0.268730691233474,-0.268730691233474,-0.103944146299601,0.103944146299601,-0.936933628055305,0.936933628055305,0.170733146902599,-0.170733146902599,-0.163874640220768,0.163874640220768,1.50391351070013,-1.50391351070013,0.385015639349377,-0.385015639349377,-0.0253217050116421,0.0253217050116421,-0.857952216961401,0.857952216961401,-0.118011207434099,0.118011207434099,0.737990543228156,-0.737990543228156,1.10393920942356,-1.10393920942356,-1.42751835232161,1.42751835232161,-1.7845741763534,1.7845741763534,-0.637901751558924,0.637901751558924,-0.0193984407235339,0.0193984407235339,0.593662681000241,-0.593662681000241,-0.520289785771982,0.520289785771982,2.30279652558693,-2.30279652558693,-0.180258553069086,0.180258553069086,1.96470092593761,-1.96470092593761,-0.867766375580631,0.867766375580631,1.75829165944975,-1.75829165944975,1.28662000390753,-1.28662000390753,-1.73772979721366,1.73772979721366,-0.269865398868532,0.269865398868532,-0.0765174324663969,0.0765174324663969,2.0304059935574,-2.0304059935574,0.577087866586989,-0.577087866586989,1.39210271798297,-1.39210271798297,0.310586030555858,-0.310586030555858,-1.77454815184808,1.77454815184808,-1.33846776811814,1.33846776811814,1.10099245769602,-1.10099245769602,0.983805128020949,-0.983805128020949,-0.408822894988436,0.408822894988436,-0.325664420157327,0.325664420157327,-1.0127881914821,1.0127881914821,-0.410245914059891,0.410245914059891,0.240690626090921,-0.240690626090921,0.624799521117066,-0.624799521117066,-0.209177070440825,0.209177070440825,-0.590346134700255,0.590346134700255,0.710061014016246,-0.710061014016246,0.765193920444472,-0.765193920444472,1.55488490527843,-1.55488490527843,-1.20660367893244,1.20660367893244,-1.07909490613246,1.07909490613246,-0.28029412586956,0.28029412586956,0.718720757097476,-0.718720757097476,-0.884579173816416,0.884579173816416,0.725321716219658,-0.725321716219658,0.0593148010634634,-0.0593148010634634,-0.690160387386639,0.690160387386639,-1.3130869606631,1.3130869606631,-0.00583680305151367,0.00583680305151367,-1.27426449854731,1.27426449854731,-1.03567097682884,1.03567097682884,-0.237845226655078,0.237845226655078,-1.01859710125143,1.01859710125143,0.975358183581569,-0.975358183581569,-0.578415903429959,0.578415903429959,0.347085503381996,-0.347085503381996,-1.07890452381922,1.07890452381922,1.43236590060451,-1.43236590060451,1.04327415665217,-1.04327415665217,-0.427536032610451,0.427536032610451,-1.20249776399578,1.20249776399578,1.0226716428586,-1.0226716428586,-0.153307488619727,0.153307488619727,0.902005223719945,-0.902005223719945,1.04520843933055,-1.04520843933055,-0.650922643924711,0.650922643924711,1.71487435584793,-1.71487435584793,1.14195616936003,-1.14195616936003,-0.549708786741744,0.549708786741744,0.55831115599303,-0.55831115599303,-0.584038511567248,0.584038511567248,0.273530143739132,-0.273530143739132,0.122349770526196,-0.122349770526196,-0.215930817489029,0.215930817489029,-0.812696744814667,0.812696744814667,-0.102112422059967,0.102112422059967,1.27324092956274,-1.27324092956274,0.22090157079382,-0.22090157079382,1.52182921082837,-1.52182921082837,-0.0779058650808454,0.0779058650808454,0.345871849535748,-0.345871849535748,1.08304753887737,-1.08304753887737,-1.63102344111322,1.63102344111322,0.403220130256142,-0.403220130256142,-0.580602486299559,0.580602486299559,-0.357653671678884,0.357653671678884,0.188183068892514,-0.188183068892514,0.0658562850009889,-0.0658562850009889,0.233229920664612,-0.233229920664612,0.713058486526826,-0.713058486526826,0.821214291033292,-0.821214291033292,0.122098093949539,-0.122098093949539,2.17217910942203,-2.17217910942203,0.429271253833217,-0.429271253833217,-0.134903965757133,0.134903965757133,0.122893463673186,-0.122893463673186,0.555856964024853,-0.555856964024853,1.84801244853295,-1.84801244853295,0.967181312193728,-0.967181312193728,1.89938051680366,-1.89938051680366,0.91325911331643,-0.91325911331643,-0.698958073036046,0.698958073036046,-1.08720818837578,1.08720818837578,0.556027603581941,-0.556027603581941,-0.611697175617447,0.611697175617447,-0.50604166221238,0.50604166221238,-0.355693487650364,0.355693487650364,-0.727220663597241,0.727220663597241,2.24544909845728,-2.24544909845728,-1.79514006357231,1.79514006357231,0.161377199411152,-0.161377199411152,0.732703787808742,-0.732703787808742,0.0258269193357032,-0.0258269193357032,0.678540149817503,-0.678540149817503,1.06041336711652,-1.06041336711652,0.787699235484351,-0.787699235484351,1.65341596557227,-1.65341596557227,-0.360727280355679,0.360727280355679,0.277716272702029,-0.277716272702029,-0.0167144973574698,0.0167144973574698,-0.604984658009801,0.604984658009801,0.723198050774001,-0.723198050774001,-2.5566381830582,2.5566381830582,0.442716609218288,-0.442716609218288,-1.05849003739817,1.05849003739817,-0.217316613769416,0.217316613769416,-0.202110474931967,0.202110474931967,-1.16643908150886,1.16643908150886,-0.0670326708918943,0.0670326708918943,-0.492224073117179,0.492224073117179,-0.740349185368341,0.740349185368341,0.140186924656776,-0.140186924656776,-0.078581249329807,0.078581249329807,0.0600191701384839,-0.0600191701384839,0.138829039438741,-0.138829039438741,-1.01899265700518,1.01899265700518,-0.897159165612434,0.897159165612434,-0.541009852903551,0.541009852903551,-0.897085287272321,0.897085287272321,-1.02553556498852,1.02553556498852,0.901116485747114,-0.901116485747114,0.153991967992646,-0.153991967992646,-0.637875909115658,0.637875909115658,-0.612476783768711,0.612476783768711,-0.498188793040726,0.498188793040726,2.70087850249056,-2.70087850249056,-1.1786156891211,1.1786156891211,1.30518768591984,-1.30518768591984,0.162188118930412,-0.162188118930412,1.64404843921004,-1.64404843921004,0.669943091342341,-0.669943091342341,-1.00412066393312,1.00412066393312,-0.264894641955773,0.264894641955773,-1.33023581777539,1.33023581777539,1.72500232542913,-1.72500232542913,-0.442239254854744,0.442239254854744,-0.696698036677375,0.696698036677375,0.0142306671206821,-0.0142306671206821,2.04596975215488,-2.04596975215488,-0.752461231469537,0.752461231469537,-1.39984816512405,1.39984816512405,0.839636525642042,-0.839636525642042,-0.910916982212866,0.910916982212866,0.223622607920368,-0.223622607920368,0.640525929933635,-0.640525929933635,0.96958516667941,-0.96958516667941,-0.690281041487463,0.690281041487463,-0.58333044757195,0.58333044757195,0.055880612219861,-0.055880612219861,-0.0900880698119497,0.0900880698119497,0.640610650257383,-0.640610650257383,-1.00831488099516,1.00831488099516,-0.804000260062307,0.804000260062307,-1.10949627723928,1.10949627723928,-0.258065501673649,0.258065501673649,-0.273108208736421,0.273108208736421,-0.486574482253691,0.486574482253691,-0.545756012319483,0.545756012319483,0.801897500296557,-0.801897500296557,-1.36417602342358,1.36417602342358,-0.669755049447724,0.669755049447724,0.574343995294803,-0.574343995294803,0.675923188727856,-0.675923188727856,0.0936063506866763,-0.0936063506866763,-1.86926829878968,1.86926829878968,0.522286601611654,-0.522286601611654,-0.78005996482477,0.78005996482477,1.10721081049624,-1.10721081049624,-0.439167996624044,0.439167996624044,-0.57177011464423,0.57177011464423,1.60876659777732,-1.60876659777732,-0.162367686871596,0.162367686871596,1.09089965382201,-1.09089965382201,-0.778655314735812,0.778655314735812,0.935162095175382,-0.935162095175382,0.257444035344207,-0.257444035344207,0.808481202123092,-0.808481202123092,0.969822855378135,-0.969822855378135,0.363742399225588,-0.363742399225588,2.70693051366744,-2.70693051366744,0.309762103923493,-0.309762103923493,-0.622903212908586,0.622903212908586,0.00557149331759595,-0.00557149331759595,1.06280642413566,-1.06280642413566,0.228129794948551,-0.228129794948551,0.397029118021865,-0.397029118021865,-1.71717478122554,1.71717478122554,-1.25645409797752,1.25645409797752,-0.54388257549902,0.54388257549902,0.632918578516621,-0.632918578516621,0.426289879145872,-0.426289879145872,0.146355831484913,-0.146355831484913,0.0795951670813887,-0.0795951670813887,-0.505673764800485,0.505673764800485,-0.148070895151565,0.148070895151565,0.793010815210096,-0.793010815210096,-1.2533363090892,1.2533363090892,0.652133084885056,-0.652133084885056,0.0271473540071409,-0.0271473540071409,-1.01722305236166,1.01722305236166,0.313140157432185,-0.313140157432185,0.467230072217477,-0.467230072217477,0.624879019493557,-0.624879019493557,-0.158859834353891,0.158859834353891,0.959903801549504,-0.959903801549504,1.10300626444551,-1.10300626444551,-0.59975370582733,0.59975370582733,1.57194935950879,-1.57194935950879,0.689408567187113,-0.689408567187113,-1.3146095055702,1.3146095055702,0.151249146728281,-0.151249146728281,-0.275470918846582,0.275470918846582,0.163817141716449,-0.163817141716449,-2.47414578556646,2.47414578556646,1.17561967768177,-1.17561967768177,-0.355706435232203,0.355706435232203,-0.834029874443659,0.834029874443659,0.40376415637212,-0.40376415637212,-1.68194091667124,1.68194091667124,0.705871225710014,-0.705871225710014,-0.552723521469707,0.552723521469707,-0.281788820673765,0.281788820673765,-0.931869541960268,0.931869541960268,-0.108387937032185,0.108387937032185,1.59911131077782,-1.59911131077782,1.49043537863325,-1.49043537863325,0.74282694003946,-0.74282694003946,0.805295982034372,-0.805295982034372,-1.20485874650233,1.20485874650233,0.0471387635142179,-0.0471387635142179,-0.140229878785474,0.140229878785474,-0.333308926274779,0.333308926274779,1.4223263226479,-1.4223263226479,-1.13063798418694,1.13063798418694,0.382369601739368,-0.382369601739368,0.511995958804987,-0.511995958804987,0.713298008274225,-0.713298008274225,0.415683203532985,-0.415683203532985,-0.669395997479053,0.669395997479053,-0.308836714158278,0.308836714158278,0.423345740362612,-0.423345740362612,-0.660978570648721,0.660978570648721,0.977115276730227,-0.977115276730227,-0.302570769131929,0.302570769131929,0.154545574295714,-0.154545574295714,1.38120888661028,-1.38120888661028,0.540748555528894,-0.540748555528894,-0.0896833202156604,0.0896833202156604,-1.4604635759948,1.4604635759948,0.18688380116051,-0.18688380116051,1.93909900827578,-1.93909900827578,0.672095051513813,-0.672095051513813,0.479188358704845,-0.479188358704845,2.24612759121857,-2.24612759121857,0.458498510774979,-0.458498510774979,1.28547683341763,-1.28547683341763,0.2024804576216,-0.2024804576216,-0.195559170558037,0.195559170558037,-1.10614929083762,1.10614929083762,0.80263038949315,-0.80263038949315,0.891517858067573,-0.891517858067573,2.10884680438258,-2.10884680438258,-0.0860595066932877,0.0860595066932877,-0.627875947844362,0.627875947844362,1.33575336237767,-1.33575336237767,0.373429831822429,-0.373429831822429,-0.622485233199318,0.622485233199318,2.0979998609706,-2.0979998609706,1.06627552438506,-1.06627552438506,2.3200669658523,-2.3200669658523,0.256688202098955,-0.256688202098955,-1.07416209636184,1.07416209636184,0.847529123150062,-0.847529123150062,-1.92260137586128,1.92260137586128,-2.60070581363795,2.60070581363795,-0.781975988760262,0.781975988760262,-0.883142439361768,0.883142439361768,-0.610054334634842,0.610054334634842,-0.0438413902505234,0.0438413902505234,-0.0915122393084394,0.0915122393084394,1.56579111967121,-1.56579111967121,-0.559653152529418,0.559653152529418,0.0773198087823986,-0.0773198087823986,0.034933011803206,-0.034933011803206,-0.00401025280810871,0.00401025280810871,-0.585227457112025,0.585227457112025,-1.22720130642034,1.22720130642034,-0.85820594324268,0.85820594324268,-0.501674847648463,0.501674847648463,0.455752571775607,-0.455752571775607,-0.588487212220307,0.588487212220307,0.183501859708381,-0.183501859708381,-0.5485205214506,0.5485205214506,-1.22144920943708,1.22144920943708,-1.12215347489693,1.12215347489693,1.31346648612057,-1.31346648612057,-0.529411761580582,0.529411761580582,-0.76923922861156,0.76923922861156,-0.637163141863532,0.637163141863532,0.876008894571614,-0.876008894571614,-1.32299683423171,1.32299683423171,-1.14446581824666,1.14446581824666,0.336858935032947,-0.336858935032947,0.661374850503854,-0.661374850503854,-0.206032608066686,0.206032608066686,0.431019594359849,-0.431019594359849,0.574056571714501,-0.574056571714501,1.91298740781071,-1.91298740781071,0.21996068476748,-0.21996068476748,0.541840523212237,-0.541840523212237,0.746118731202468,-0.746118731202468,1.17152486319644,-1.17152486319644,0.533481934917047,-0.533481934917047,1.18914270044207,-1.18914270044207,1.04886447414466,-1.04886447414466,-1.33745390327691,1.33745390327691,-0.582629625349333,0.582629625349333,-1.80390013144703,1.80390013144703,-1.72877546285485,1.72877546285485,-0.135729841904357,0.135729841904357,-0.728910035605084,0.728910035605084,1.54322085858152,-1.54322085858152,-0.787637146112108,0.787637146112108,-1.92448112591344,1.92448112591344,0.119037015110379,-0.119037015110379,0.12393934148722,-0.12393934148722,-2.60033228515334,2.60033228515334,0.772705282759274,-0.772705282759274,-0.994773635415511,0.994773635415511,0.0854716394600687,-0.0854716394600687,-1.38866129326839,1.38866129326839,-0.00902906979024657,0.00902906979024657,-1.42503290811701,1.42503290811701,1.14775249697336,-1.14775249697336,0.692257188844062,-0.692257188844062,-0.797326063973681,0.797326063973681,0.0670839865906825,-0.0670839865906825,0.263085567248785,-0.263085567248785,0.964223559669907,-0.964223559669907,-0.864811739733518,0.864811739733518,-0.575243839391091,0.575243839391091,-0.23826897218018,0.23826897218018,2.37534184164775,-2.37534184164775,-0.552477680625538,0.552477680625538,1.12768496345047,-1.12768496345047,0.61632773401751,-0.61632773401751,1.43115529354635,-1.43115529354635,-0.493398899226702,0.493398899226702,2.23016791746353,-2.23016791746353,1.93121018911617,-1.93121018911617,-0.413848576574626,0.413848576574626,0.82562301774989,-0.82562301774989,0.759510104211782,-0.759510104211782,-1.66571246202026,1.66571246202026,1.47140495369968,-1.47140495369968,-0.265126171410458,0.265126171410458,0.0249731009416953,-0.0249731009416953,1.02293079422036,-1.02293079422036,0.594651521486555,-0.594651521486555,0.296997238313933,-0.296997238313933,0.745797950085879,-0.745797950085879,-1.18134003656133,1.18134003656133,0.769426483509223,-0.769426483509223,0.46879504271359,-0.46879504271359,-0.244756787346606,0.244756787346606,-0.258951420627933,0.258951420627933,2.14180553702148,-2.14180553702148,1.2658591313751,-1.2658591313751,1.52499010693926,-1.52499010693926,0.845368294784248,-0.845368294784248,1.06098487413697,-1.06098487413697,0.179511893137347,-0.179511893137347,0.0982103569968988,-0.0982103569968988,0.160567006693955,-0.160567006693955,2.08294678166103,-2.08294678166103,-0.254593565152984,0.254593565152984,-0.456087499706542,0.456087499706542,0.429613750570483,-0.429613750570483,0.629079837412295,-0.629079837412295,-0.948366953227437,0.948366953227437,-1.43671795023471,1.43671795023471,0.634412949717457,-0.634412949717457,0.0159850649199901,-0.0159850649199901,0.28645559468826,-0.28645559468826,-0.297748773362851,0.297748773362851,-0.83779533117445,0.83779533117445,-2.0198235436169,2.0198235436169,1.41430404774182,-1.41430404774182,-1.19278372251881,1.19278372251881,0.947707461062992,-0.947707461062992,-0.54679822912998,0.54679822912998,0.622332471147708,-0.622332471147708,1.3760095722896,-1.3760095722896,1.36202946872412,-1.36202946872412,-1.23081738116967,1.23081738116967,0.848129616072968,-0.848129616072968,1.1068138793299,-1.1068138793299,0.0638086816312184,-0.0638086816312184,-0.402546211750011,0.402546211750011,-0.236232228430951,0.236232228430951,-0.301756547669639,0.301756547669639,1.46453520299563,-1.46453520299563,0.243279802297727,-0.243279802297727,1.20534519494843,-1.20534519494843,0.695450175036633,-0.695450175036633,0.302472894584762,-0.302472894584762,0.0484895016913066,-0.0484895016913066,-0.0323015247840907,0.0323015247840907,1.69951825899564,-1.69951825899564,-0.928019816813095,0.928019816813095,0.622483727031134,-0.622483727031134,-0.115821218533604,0.115821218533604,-0.431620665822628,0.431620665822628,1.05666845100766,-1.05666845100766,-0.111183405281363,0.111183405281363,-2.08224563876141,2.08224563876141,2.17349362466791,-2.17349362466791,0.578229793170851,-0.578229793170851,-0.701500486979533,0.701500486979533,0.996215047914337,-0.996215047914337,-1.20407471144037,1.20407471144037,0.959405676769389,-0.959405676769389,0.20484812582885,-0.20484812582885,-0.00267274048853428,0.00267274048853428,-1.40955487009628,1.40955487009628,-1.15824668400283,1.15824668400283,-1.51151432282273,1.51151432282273,0.344766794464228,-0.344766794464228,1.79294060276958,-1.79294060276958,-0.485379140146661,0.485379140146661,0.278426730287666,-0.278426730287666,0.778662711668798,-0.778662711668798,0.75829135588814,-0.75829135588814,-0.428485031986606,0.428485031986606,-1.04261311141054,1.04261311141054,-0.443303944510468,0.443303944510468,-2.06003621066531,2.06003621066531,-0.795043947366111,0.795043947366111,-0.154530575748565,0.154530575748565,1.75148865511687,-1.75148865511687,-0.509046704761573,0.509046704761573,1.0192874533973,-1.0192874533973,-1.32244701456309,1.32244701456309,-0.047585798329925,0.047585798329925,-1.98922213203629,1.98922213203629,0.215985553087258,-0.215985553087258,-0.0947803823421995,0.0947803823421995,0.70909967765532,-0.70909967765532,0.00785626256663202,-0.00785626256663202,0.539233367570988,-0.539233367570988,0.874926095884945,-0.874926095884945,-0.249026118903028,0.249026118903028,1.53020569549871,-1.53020569549871,0.725519708858162,-0.725519708858162,0.655079913757336,-0.655079913757336,-0.514535858019761,0.514535858019761,-0.35484249413309,0.35484249413309,-1.96099919386983,1.96099919386983,-0.493149996441382,0.493149996441382,-0.642123710692223,0.642123710692223,-0.0963187441287105,0.0963187441287105,-0.743568071859867,0.743568071859867,0.752658947660285,-0.752658947660285,1.24176530221303,-1.24176530221303,-0.351088976755403,0.351088976755403,-0.0568634111934041,0.0568634111934041,0.572265681161974,-0.572265681161974,0.392621273157714,-0.392621273157714,-0.0980130420548546,0.0980130420548546,0.751284087237198,-0.751284087237198,-0.336749459009931,0.336749459009931,0.041713302632499,-0.041713302632499,-0.497738028346591,0.497738028346591,1.7145363100353,-1.7145363100353,0.550990504368884,-0.550990504368884,-1.61813356412256,1.61813356412256,0.191915324773908,-0.191915324773908,-1.22431329363299,1.22431329363299,0.560326278544163,-0.560326278544163,1.08282653968708,-1.08282653968708,-0.787883721415263,0.787883721415263,1.47121111059033,-1.47121111059033,-1.15383134848434,1.15383134848434,-0.350968813169885,0.350968813169885,0.179403425891396,-0.179403425891396,0.198560789088215,-0.198560789088215,-1.39083763742476,1.39083763742476,-0.581147150284002,0.581147150284002,0.840761355477407,-0.840761355477407,-0.634257927254741,0.634257927254741,-1.83990897420969,1.83990897420969,0.394589897460777,-0.394589897460777,-0.726532297926291,0.726532297926291,0.312128366135145,-0.312128366135145,0.212270155465613,-0.212270155465613,1.52564819259103,-1.52564819259103,1.9780005114894,-1.9780005114894,-0.999369720816177,0.999369720816177,-1.56679819618151,1.56679819618151,1.67260949968253,-1.67260949968253,0.151326964947509,-0.151326964947509,-0.384807639223522,0.384807639223522,-0.117971939691784,0.117971939691784,1.67427808285207,-1.67427808285207,1.87854712356878,-1.87854712356878,-0.940091692150518,0.940091692150518,0.392319806675625,-0.392319806675625,0.578262421998026,-0.578262421998026,0.288220007273941,-0.288220007273941,0.153327309730701,-0.153327309730701,0.855358114468114,-0.855358114468114,2.16260259773721,-2.16260259773721,-0.880406175917376,0.880406175917376,0.81470927588561,-0.81470927588561,1.28682703148885,-1.28682703148885,-1.53034574684879,1.53034574684879,-0.311907558717003,0.311907558717003,1.46505757941643,-1.46505757941643,0.102813231429522,-0.102813231429522,0.650839519746806,-0.650839519746806,-0.602587305043687,0.602587305043687,1.13824439591037,-1.13824439591037,0.0498564762393518,-0.0498564762393518,-0.234271690489853,0.234271690489853,-0.802903427389727,0.802903427389727,0.120151635652247,-0.120151635652247,0.616224282434394,-0.616224282434394,0.100992735175742,-0.100992735175742,-0.784575168558332,0.784575168558332,-1.46872510657022,1.46872510657022,-0.109423606563288,0.109423606563288,0.26890103092925,-0.26890103092925,0.42260014994725,-0.42260014994725,1.45482286763736,-1.45482286763736,-1.18349998239457,1.18349998239457,-0.908464413282886,0.908464413282886,1.18183085158024,-1.18183085158024,0.0855335319943983,-0.0855335319943983,0.734370612356422,-0.734370612356422,-0.336490920984889,0.336490920984889,-0.396816479578071,0.396816479578071,-0.628720670308069,0.628720670308069,-0.0987000705059005,0.0987000705059005,-0.341618751036895,0.341618751036895,-1.29347538182506,1.29347538182506,0.228473862952263,-0.228473862952263,0.125449726997296,-0.125449726997296,-0.734566219539325,0.734566219539325,-0.107875260040285,0.107875260040285,0.724777892456264,-0.724777892456264,-1.66241182221278,1.66241182221278,-1.22535270335147,1.22535270335147,-0.329374137552981,0.329374137552981,-0.268114376059836,0.268114376059836,0.72687982079166,-0.72687982079166,0.630364307326236,-0.630364307326236,0.0749952476826235,-0.0749952476826235,1.39285417310843,-1.39285417310843,0.625451886279166,-0.625451886279166,-0.171921062508868,0.171921062508868,1.44139741369626,-1.44139741369626,-0.0576475831006967,0.0576475831006967,0.874243794370434,-0.874243794370434,0.792287720120682,-0.792287720120682,-0.295416484006536,0.295416484006536,0.374113636980462,-0.374113636980462,-0.945994338472726,0.945994338472726,0.0550460091674341,-0.0550460091674341,1.09823475525616,-1.09823475525616,-1.00310637953874,1.00310637953874,0.0729864916977292,-0.0729864916977292,0.784202609446271,-0.784202609446271,-1.13704458413948,1.13704458413948,0.538299884918802,-0.538299884918802,-0.422897727447298,0.422897727447298,1.38746891282712,-1.38746891282712,0.0335435914998352,-0.0335435914998352,0.102045663729193,-0.102045663729193,-0.448935656634751,0.448935656634751,-1.17030569299429,1.17030569299429,-1.4275114434756,1.4275114434756,-0.926257132536689,0.926257132536689,0.520695821226874,-0.520695821226874,-0.288888626876951,0.288888626876951,1.91799179245952,-1.91799179245952,0.540978366937205,-0.540978366937205,-0.948257175063222,0.948257175063222,-0.196211750517259,0.196211750517259,1.72707193777268,-1.72707193777268,0.13694878418269,-0.13694878418269,-1.99926955154269,1.99926955154269,0.783765215219931,-0.783765215219931,-1.8100374059498,1.8100374059498,-1.10528007304937,1.10528007304937,0.180419863308155,-0.180419863308155,0.0573213265222055,-0.0573213265222055,-0.489626122707125,0.489626122707125,0.772200899893371,-0.772200899893371,-1.58272673341379,1.58272673341379,-0.386468509916483,0.386468509916483,0.117197467533147,-0.117197467533147,-1.60321454005569,1.60321454005569,-1.59545461732562,1.59545461732562,0.698394826323121,-0.698394826323121,-0.0675208651472308,0.0675208651472308,1.96367772522251,-1.96367772522251,0.111649575262474,-0.111649575262474,-0.45858743186189,0.45858743186189,-1.34508003021533,1.34508003021533,1.39735216679635,-1.39735216679635,0.507977010832391,-0.507977010832391,-0.735749580273575,0.735749580273575,-0.764076599818465,0.764076599818465,0.404443748290592,-0.404443748290592,-0.793211589471876,0.793211589471876,1.40924394536639,-1.40924394536639,1.09255034349888,-1.09255034349888,1.01090649530879,-1.01090649530879,-1.27276244609225,1.27276244609225,1.21108850550874,-1.21108850550874,0.456551400875663,-0.456551400875663,0.0835066900613073,-0.0835066900613073,-2.36545390410108,2.36545390410108,0.857052383953479,-0.857052383953479,-0.489444879042901,0.489444879042901,1.24035517430011,-1.24035517430011,0.0748173258294881,-0.0748173258294881,-0.790138639251883,0.790138639251883,0.860944794123548,-0.860944794123548,1.01989051810728,-1.01989051810728,2.33069828704584,-2.33069828704584,-0.108371522353227,0.108371522353227,0.523188579154398,-0.523188579154398,-0.708070890704548,0.708070890704548,-1.08798420767942,1.08798420767942,1.65898153539438,-1.65898153539438,-0.303912944693009,0.303912944693009,0.0776455332319699,-0.0776455332319699,-0.677123255214126,0.677123255214126,-0.687470059151773,0.687470059151773,0.11063232264133,-0.11063232264133,-2.50176737316252,2.50176737316252,0.148993384385944,-0.148993384385944,1.92912940046986,-1.92912940046986,0.780739121039815,-0.780739121039815,-0.57306580378141,0.57306580378141,-1.60650757307086,1.60650757307086,-0.310438301465868,0.310438301465868,0.426955840893075,-0.426955840893075,0.862171435109479,-0.862171435109479,-0.171345548529728,0.171345548529728,0.330254474620295,-0.330254474620295,0.598607861740646,-0.598607861740646,-0.394085856922726,0.394085856922726,1.19123360752059,-1.19123360752059,0.810321608643782,-0.810321608643782,0.791920044583849,-0.791920044583849,0.502723380066141,-0.502723380066141,0.346937238937141,-0.346937238937141,-0.0769771079718891,0.0769771079718891,1.6314598275337,-1.6314598275337,-0.166900905693694,0.166900905693694,-0.18086999215686,0.18086999215686,0.358675387253803,-0.358675387253803,0.726349294949668,-0.726349294949668,-0.072703763400706,0.072703763400706,-0.302362601264498,0.302362601264498,0.281511775908864,-0.281511775908864,-0.340377987332939,0.340377987332939,-0.45630154234644,0.45630154234644,-0.514399037345364,0.514399037345364,1.61516880334844,-1.61516880334844,-0.769421644031253,0.769421644031253,-1.62861956130257,1.62861956130257,1.80776841957126,-1.80776841957126,0.170446781648129,-0.170446781648129,0.787237093027896,-0.787237093027896,-0.843779456467673,0.843779456467673,-0.647712361788321,0.647712361788321,0.102803876929256,-0.102803876929256,-0.451218986731741,0.451218986731741,-1.39867827285964,1.39867827285964,0.149110508983406,-0.149110508983406,-0.151225582735333,0.151225582735333,1.45094866394074,-1.45094866394074,0.113363955542823,-0.113363955542823,-0.818793802444927,0.818793802444927,-0.2332078303057,0.2332078303057,-0.25712731661944,0.25712731661944,-1.9119605036039,1.9119605036039,1.09136387468865,-1.09136387468865,0.26738520106463,-0.26738520106463,-0.484008385108071,0.484008385108071,-0.441980827638519,0.441980827638519,-0.268871440051073,0.268871440051073,0.146321914455721,-0.146321914455721,-0.41689840566512,0.41689840566512,0.259215899003787,-0.259215899003787,-0.31855164520498,0.31855164520498,-0.421192882175885,0.421192882175885,1.13651496926761,-1.13651496926761,-1.16207543464577,1.16207543464577,0.688661349874798,-0.688661349874798,-1.24377446685861,1.24377446685861,-1.05812961210786,1.05812961210786,-0.808454310887724,0.808454310887724,-1.75989899931856,1.75989899931856,-0.715017259265868,0.715017259265868,0.664201726882391,-0.664201726882391,-0.14292682947758,0.14292682947758,0.271005289030169,-0.271005289030169,-1.29901768555856,1.29901768555856,0.130492552610113,-0.130492552610113,0.445529430149478,-0.445529430149478,-0.192050553432169,0.192050553432169,-0.346277391167096,0.346277391167096,0.651288946229027,-0.651288946229027,-0.279556542823296,0.279556542823296,1.45271463206196,-1.45271463206196,0.302375013332196,-0.302375013332196,0.219800465077873,-0.219800465077873,0.448871912552196,-0.448871912552196,0.338106778053855,-0.338106778053855,0.538979235080011,-0.538979235080011,1.16746418203223,-1.16746418203223,-1.10645770668633,1.10645770668633,-2.55785932109408,2.55785932109408,-0.178525897739671,0.178525897739671,-0.570929315266723,0.570929315266723,0.954497675916807,-0.954497675916807,-0.258607067409992,0.258607067409992,-0.311217736737147,0.311217736737147,-1.29271526451226,1.29271526451226,1.59988442456609,-1.59988442456609,0.809068818996423,-0.809068818996423,0.728833102219672,-0.728833102219672,1.19006377211794,-1.19006377211794,0.589522327674448,-0.589522327674448,0.928309690320557,-0.928309690320557,-0.318933577530444,0.318933577530444,0.923945972891556,-0.923945972891556,0.397852430425875,-0.397852430425875,0.397401486728387,-0.397401486728387,-0.716545678673886,0.716545678673886,-1.05618962862658,1.05618962862658,0.870288110613398,-0.870288110613398,1.54702634366109,-1.54702634366109,-0.594290165787979,0.594290165787979,-0.891226137535343,0.891226137535343,0.353871480174115,-0.353871480174115,0.743343819106919,-0.743343819106919,-0.52049707365225,0.52049707365225,0.154861512804266,-0.154861512804266,0.857721300173761,-0.857721300173761,-1.99482521052934,1.99482521052934,-2.37943872249948,2.37943872249948,-0.241669474792074,0.241669474792074,-0.108691914021666,0.108691914021666,1.43050760306089,-1.43050760306089,-0.484591051000874,0.484591051000874,-0.0501087294822013,0.0501087294822013,-0.980531897517435,0.980531897517435,-1.27646707106147,1.27646707106147,0.971152445740517,-0.971152445740517,-1.15603821270348,1.15603821270348,1.47617185773455,-1.47617185773455,0.734445875646456,-0.734445875646456,-0.547766901836839,0.547766901836839,0.896526525117922,-0.896526525117922,0.274752001143027,-0.274752001143027,-2.65376468607898,2.65376468607898,-0.00919361420202092,0.00919361420202092,0.259467012158988,-0.259467012158988,0.62804401933112,-0.62804401933112,0.146715633494291,-0.146715633494291,1.20349450165559,-1.20349450165559,0.0182727935990761,-0.0182727935990761,0.123878977753277,-0.123878977753277,-0.225347246563855,0.225347246563855,-0.551046181616646,0.551046181616646,0.0213785182927365,-0.0213785182927365,-0.0724541716805764,0.0724541716805764,0.41857240658059,-0.41857240658059,0.537144528218391,-0.537144528218391,0.288890254339419,-0.288890254339419,0.817055488928491,-0.817055488928491,0.0611169481631926,-0.0611169481631926,0.743445671963253,-0.743445671963253,0.551464876875282,-0.551464876875282,-0.742077398085331,0.742077398085331,0.844882221647424,-0.844882221647424,-0.529117574135978,0.529117574135978,-0.109799209952932,0.109799209952932,-0.575170623290765,0.575170623290765,-0.319414331631604,0.319414331631604,0.150519812344043,-0.150519812344043,-0.192651002767409,0.192651002767409,0.33060192293017,-0.33060192293017,-0.877181540603667,0.877181540603667,0.0472570574366892,-0.0472570574366892,-0.938472747410265,0.938472747410265,-2.76798182656019,2.76798182656019,-1.16620085299933,1.16620085299933,2.47014052982173,-2.47014052982173,-0.448210804528503,0.448210804528503,1.15616667438527,-1.15616667438527,0.941296399258371,-0.941296399258371,-0.504166301961931,0.504166301961931,-0.610422579065314,0.610422579065314,-0.568949879160517,0.568949879160517,-0.688970371916583,0.688970371916583,0.838605782212077,-0.838605782212077,-0.528491648227906,0.528491648227906,1.90161154464379,-1.90161154464379,0.510708689930682,-0.510708689930682,0.805486596914133,-0.805486596914133,0.816345524642566,-0.816345524642566,0.973298229549088,-0.973298229549088,-0.0605893480702457,0.0605893480702457,-0.45259485633992,0.45259485633992,2.10142437278509,-2.10142437278509,-1.27072048598556,1.27072048598556,-1.71897189077152,1.71897189077152,-1.32886450847256,1.32886450847256,0.353398629307871,-0.353398629307871,-0.359792291360813,0.359792291360813,-0.65296910201853,0.65296910201853,-0.146807316796862,0.146807316796862,-0.565537914840829,0.565537914840829,-0.306116268320868,0.306116268320868,-0.44134281348013,0.44134281348013,0.419858888157943,-0.419858888157943,1.91058277996718,-1.91058277996718,0.154701079225397,-0.154701079225397,-0.718159395646482,0.718159395646482,-0.669227739773267,0.669227739773267,-0.260514468965703,0.260514468965703,0.838608079004426,-0.838608079004426,-0.441888133087366,0.441888133087366,-0.76706116292962,0.76706116292962,-0.951496038197041,0.951496038197041,0.109663398489776,-0.109663398489776,-1.3154928356013,1.3154928356013,-0.455708297515766,0.455708297515766,1.51176016623947,-1.51176016623947,0.206544198844337,-0.206544198844337,1.06046621598464,-1.06046621598464,-0.0827312764696123,0.0827312764696123,1.51901861349746,-1.51901861349746,1.41625649281901,-1.41625649281901,0.094726405196814,-0.094726405196814,0.499487389201195,-0.499487389201195,0.162799093085242,-0.162799093085242,1.36198630539896,-1.36198630539896,0.0753769802837071,-0.0753769802837071,0.455593022095639,-0.455593022095639,-0.0867169068999061,0.0867169068999061,-1.35408169170574,1.35408169170574,1.28946708403247,-1.28946708403247,0.175300165146831,-0.175300165146831,0.840500895622566,-0.840500895622566,-0.524805214473701,0.524805214473701,2.15943503455994,-2.15943503455994,-0.0387837865642461,0.0387837865642461,1.81726234132811,-1.81726234132811,-0.776975527086214,0.776975527086214,-1.35917216025548,1.35917216025548,0.326958909007971,-0.326958909007971,2.18453478857408,-2.18453478857408,0.512816704492475,-0.512816704492475,1.28513862141759,-1.28513862141759,-1.00112057108272,1.00112057108272,0.226042250797138,-0.226042250797138,-1.82450134008749,1.82450134008749,-0.699239195698669,0.699239195698669,1.16320338852193,-1.16320338852193,-0.540691054007354,0.540691054007354,-1.08760181296682,1.08760181296682,0.0507526946934365,-0.0507526946934365,-0.354715473640834,0.354715473640834,0.217135908101006,-0.217135908101006,0.710059858278666,-0.710059858278666,2.14918757044041,-2.14918757044041,0.894520013343543,-0.894520013343543,-0.845636485277259,0.845636485277259,0.606429866920032,-0.606429866920032,0.987081278158065,-0.987081278158065,-0.873918680545038,0.873918680545038,0.840008317213053,-0.840008317213053,0.216630279846403,-0.216630279846403,-1.92503475445009,1.92503475445009,-0.610181241633011,0.610181241633011,0.68317596983179,-0.68317596983179,0.406013611121459,-0.406013611121459,-0.5166235312827,0.5166235312827,-0.182063391723115,0.182063391723115,0.458710931660543,-0.458710931660543,-0.958989812872754,0.958989812872754,-1.02623666060353,1.02623666060353,0.235032462785593,-0.235032462785593,-0.781523205389711,0.781523205389711,-0.186888524740973,0.186888524740973,-0.0987230225937889,0.0987230225937889,-0.581981491341473,0.581981491341473,0.212619252024169,-0.212619252024169,-0.335700674230287,0.335700674230287,0.417186256636574,-0.417186256636574,0.605622468565149,-0.605622468565149,0.413075063249205,-0.413075063249205,-0.802202255105054,0.802202255105054,0.590057204780658,-0.590057204780658,0.217517663461134,-0.217517663461134,0.0149929272957637,-0.0149929272957637,1.4977954060091,-1.4977954060091,1.26807885893312,-1.26807885893312,-0.464911713414719,0.464911713414719,0.136469176599532,-0.136469176599532,-2.37904029783565,2.37904029783565,0.891882137764804,-0.891882137764804,-0.628710783429343,0.628710783429343,-0.0621291397774423,0.0621291397774423,-0.676540092968304,0.676540092968304,-1.77034346202662,1.77034346202662,-0.466791250677238,0.466791250677238,0.568994180444918,-0.568994180444918,-0.150490424589632,0.150490424589632,0.456093537492015,-0.456093537492015,-0.207253103738308,0.207253103738308,-0.390242506903595,0.390242506903595,-1.21988141196679,1.21988141196679,-0.962794774323014,0.962794774323014,-0.587917236085499,0.587917236085499,0.418656449381714,-0.418656449381714,-0.88667125636826,0.88667125636826,0.482069525497029,-0.482069525497029,-0.0474391784859531,0.0474391784859531,-0.974898425783409,0.974898425783409,1.32406141631624,-1.32406141631624,-1.10049476683852,1.10049476683852,-1.14917130411906,1.14917130411906,1.87824195196209,-1.87824195196209,-0.556713065181838,0.556713065181838,-1.39819183240125,1.39819183240125,0.56078479936622,-0.56078479936622,0.213568528636075,-0.213568528636075,0.00544285044796008,-0.00544285044796008,-0.663095899141848,0.663095899141848,1.58580289260354,-1.58580289260354,-1.1825206789614,1.1825206789614,-0.383932130196461,0.383932130196461,0.248258393884962,-0.248258393884962,0.0379322780807121,-0.0379322780807121,-0.782665473478426,0.782665473478426,0.50374666679268,-0.50374666679268,-0.335465176440351,0.335465176440351,0.0322627059467777,-0.0322627059467777,-0.656084520097804,0.656084520097804,-0.0758250744881449,0.0758250744881449,-0.883917761470314,0.883917761470314,-1.16001768861001,1.16001768861001,-0.66086218359848,0.66086218359848,-0.325823934184486,0.325823934184486,-0.932900644271306,0.932900644271306,0.302180173695616,-0.302180173695616,-1.54331581436563,1.54331581436563,1.10061569678699,-1.10061569678699,-0.228023136699102,0.228023136699102,-0.473264555067804,0.473264555067804,0.659406064678882,-0.659406064678882,0.500250631867204,-0.500250631867204,0.586748884121576,-0.586748884121576,0.574697721493253,-0.574697721493253,0.571690288793672,-0.571690288793672,-1.60065721663794,1.60065721663794,-0.334136848656084,0.334136848656084,-0.5635906919481,0.5635906919481,0.765611434988231,-0.765611434988231,-1.95274415550734,1.95274415550734,0.371914138665342,-0.371914138665342,-0.351220727530933,0.351220727530933,0.332957610856363,-0.332957610856363,-1.40509452800047,1.40509452800047,0.674817004666472,-0.674817004666472,0.949995099078576,-0.949995099078576,-0.136546623555369,0.136546623555369,-1.60467022475869,1.60467022475869,0.427977352900072,-0.427977352900072,-0.155581149694831,0.155581149694831,-0.233574597553148,0.233574597553148,-0.581725662186937,0.581725662186937,-1.25920518649895,1.25920518649895,-0.348668113509195,0.348668113509195,-0.996015885374072,0.996015885374072,-0.785758455712488,0.785758455712488,-0.620267830177643,0.620267830177643,0.667890848309657,-0.667890848309657,0.729077712523353,-0.729077712523353,0.721000806361791,-0.721000806361791,0.654811041385876,-0.654811041385876,-0.463081084503238,0.463081084503238,-0.821084575928863,0.821084575928863,-0.47098580752791,0.47098580752791,-0.73559993344649,0.73559993344649,0.514571150918598,-0.514571150918598,1.29271028297385,-1.29271028297385,1.32055558167961,-1.32055558167961,0.218114157895861,-0.218114157895861,-2.79881652223215,2.79881652223215,0.962416488700335,-0.962416488700335,-0.222939031552228,0.222939031552228,-1.37225508575406,1.37225508575406,-0.0597126616713312,0.0597126616713312,-0.351830392107823,0.351830392107823,-0.627740090307696,0.627740090307696,-1.0929218324957,1.0929218324957,-0.564484375135484,0.564484375135484,-0.0929185379153464,0.0929185379153464,-0.140623835302138,0.140623835302138,0.0790385669733208,-0.0790385669733208,2.11930278189717,-2.11930278189717,-0.219865917100435,0.219865917100435,-0.261646825688654,0.261646825688654,-1.9235635319037,1.9235635319037,-0.830318984411769,0.830318984411769,0.0194051035940907,-0.0194051035940907,0.616618343193625,-0.616618343193625,3.13206491348797,-3.13206491348797,-0.241971332575879,0.241971332575879,0.247935155972345,-0.247935155972345,-0.202371574062759,0.202371574062759,1.03871805047322,-1.03871805047322,0.374782160356638,-0.374782160356638,-1.63088241014228,1.63088241014228,-0.0703344303856166,0.0703344303856166,-2.01425045824888,2.01425045824888,1.15891934051417,-1.15891934051417,-0.437718213080244,0.437718213080244,-0.39018168330129,0.39018168330129,-0.404443177510188,0.404443177510188,0.0722413788905281,-0.0722413788905281,0.526543898167359,-0.526543898167359,0.927476171557787,-0.927476171557787,1.20848409561568,-1.20848409561568,0.819203718747791,-0.819203718747791,0.649927376308386,-0.649927376308386,-0.572698455999528,0.572698455999528,-0.792194052663978,0.792194052663978,1.47235070120651,-1.47235070120651,0.910787193523785,-0.910787193523785,-0.811731424280752,0.811731424280752,-0.214479961087531,0.214479961087531,-0.796171793530608,0.796171793530608,-1.54061419285289,1.54061419285289,-0.301971534166483,0.301971534166483,-0.229035672844071,0.229035672844071,-1.02428467884506,1.02428467884506,-0.192666416870519,0.192666416870519,0.492099776863568,-0.492099776863568,-0.779512193773992,0.779512193773992,-0.755186498926828,0.755186498926828,-0.071065523139562,0.071065523139562,-2.38022290067005,2.38022290067005,0.273045921942996,-0.273045921942996,-0.296986332731212,0.296986332731212,0.139915543508976,-0.139915543508976,-0.722820084726933,0.722820084726933,-0.288307398332986,0.288307398332986,1.74679856032173,-1.74679856032173,0.587987938497847,-0.587987938497847,-3.54464051799522,3.54464051799522,-0.159291126225231,0.159291126225231,0.308407663425723,-0.308407663425723,-0.421909184724056,0.421909184724056,0.718540734271895,-0.718540734271895,0.488451656695246,-0.488451656695246,1.69246636498269,-1.69246636498269,1.87663312740557,-1.87663312740557,0.884202239382672,-0.884202239382672,0.951330183706773,-0.951330183706773,2.25198592724188,-2.25198592724188,0.602570535331305,-0.602570535331305,1.46310983813993,-1.46310983813993,0.656816526480188,-0.656816526480188,0.312227453718944,-0.312227453718944,-0.122728510462366,0.122728510462366,-2.07153533533177,2.07153533533177,-0.308396728188312,0.308396728188312,0.501730903203451,-0.501730903203451,-0.0174709382520649,0.0174709382520649,-0.245335850686246,0.245335850686246,0.260580569775591,-0.260580569775591,0.747617880511349,-0.747617880511349,-0.1921819485928,0.1921819485928,-0.978180283871349,0.978180283871349,0.476821487624527,-0.476821487624527,-0.384325159656157,0.384325159656157,0.948288629051061,-0.948288629051061,-0.122486298127165,0.122486298127165,0.0358394178019701,-0.0358394178019701,-0.526955622560227,0.526955622560227,0.0753801537767146,-0.0753801537767146,-1.86051898610403,1.86051898610403,0.623496232899553,-0.623496232899553,-0.0264879971241058,0.0264879971241058,1.30000064723091,-1.30000064723091,0.634268162308014,-0.634268162308014,0.903829315325747,-0.903829315325747,0.839840024999994,-0.839840024999994,1.41248992622806,-1.41248992622806,1.26677513558529,-1.26677513558529,0.795050576653172,-0.795050576653172,-0.33530885568756,0.33530885568756,1.38331388196761,-1.38331388196761,0.687926254081072,-0.687926254081072,0.00317171959881486,-0.00317171959881486,0.117978158574808,-0.117978158574808,0.588049091832462,-0.588049091832462,-1.03753331362531,1.03753331362531,0.193829611096936,-0.193829611096936,0.883316423361533,-0.883316423361533,0.0318655014986059,-0.0318655014986059,-2.45351974872059,2.45351974872059,0.978403076061149,-0.978403076061149,1.04745890432438,-1.04745890432438,0.25869196222886,-0.25869196222886,0.336029421156428,-0.336029421156428,1.26736854285941,-1.26736854285941,-1.0039194589982,1.0039194589982,1.75344794396534,-1.75344794396534,-0.263659429734162,0.263659429734162,-1.06296876766558,1.06296876766558,0.478340029922341,-0.478340029922341,-1.20807817411832,1.20807817411832,1.18612777896062,-1.18612777896062,0.571947203988274,-0.571947203988274,-0.614721914934594,0.614721914934594,0.426081890142766,-0.426081890142766,-0.561981513596795,0.561981513596795,0.00583349685655711,-0.00583349685655711,-0.0356742052783005,0.0356742052783005,2.00218572621978,-2.00218572621978,1.88808404697308,-1.88808404697308,-0.508659697880214,0.508659697880214,-0.0689864149737343,0.0689864149737343,0.17361754186212,-0.17361754186212,1.07776212595239,-1.07776212595239,1.00466277564749,-1.00466277564749,-0.291040695924005,0.291040695924005,-0.686317717669183,0.686317717669183,0.0112340464488982,-0.0112340464488982,1.09314509067674,-1.09314509067674,-0.941930735096176,0.941930735096176,-0.444451931588033,0.444451931588033,0.288660425708114,-0.288660425708114,0.0577523387455015,-0.0577523387455015,-0.366794639706402,0.366794639706402,1.73493464947661,-1.73493464947661,-1.41053897041569,1.41053897041569,-0.32331857423944,0.32331857423944,-0.350582109204014,0.350582109204014,0.757218714413156,-0.757218714413156,-1.68383780779326,1.68383780779326,-1.9386022710947,1.9386022710947,0.833937613751102,-0.833937613751102,2.79078917448904,-2.79078917448904,0.378804650314585,-0.378804650314585,-0.437394109507063,0.437394109507063,-1.09359989179662,1.09359989179662,0.525812873481203,-0.525812873481203,-1.8065264259585,1.8065264259585,0.52730783768268,-0.52730783768268,1.23034940675824,-1.23034940675824,-0.790800313320079,0.790800313320079,-1.18648702677139,1.18648702677139,-0.424698244382064,0.424698244382064,0.598700475606907,-0.598700475606907,-1.53031336583268,1.53031336583268,0.205113072983802,-0.205113072983802,-0.196901678087963,0.196901678087963,0.323444043056239,-0.323444043056239,0.0294607110104686,-0.0294607110104686,0.0215222333458942,-0.0215222333458942,1.31757327495398,-1.31757327495398,0.183253679547269,-0.183253679547269,-0.155682740347349,0.155682740347349,-0.328383525419597,0.328383525419597,-0.38390611807127,0.38390611807127,1.3022638439043,-1.3022638439043,0.404852388548683,-0.404852388548683,-2.08309379764901,2.08309379764901,0.394858906912824,-0.394858906912824,0.529306145637548,-0.529306145637548,0.693268088330887,-0.693268088330887,0.546593336840454,-0.546593336840454,1.18075611114192,-1.18075611114192,0.515408359756428,-0.515408359756428,-0.354640510634137,0.354640510634137,-1.51373496433599,1.51373496433599,-0.278657309731876,0.278657309731876,-0.489717124988148,0.489717124988148,0.415288421470709,-0.415288421470709,0.285834495366364,-0.285834495366364,-1.03962665319932,1.03962665319932,-1.39894078668126,1.39894078668126,0.227906720462735,-0.227906720462735,-1.26348922718189,1.26348922718189,0.581263945771882,-0.581263945771882,-0.799386677043147,0.799386677043147,-0.255716519651102,0.255716519651102,-1.83511507440526,1.83511507440526,-1.37345553798696,1.37345553798696,-2.3117252638918,2.3117252638918,2.14791820299564,-2.14791820299564,0.284470939327658,-0.284470939327658,-0.913905683521295,0.913905683521295,0.959993109253867,-0.959993109253867,-0.101249237927554,0.101249237927554,1.01263223753932,-1.01263223753932,-0.846365050496622,0.846365050496622,0.929033340733026,-0.929033340733026,0.820460611661496,-0.820460611661496,0.258557971746002,-0.258557971746002,-0.914443105230973,0.914443105230973,0.0550245170945743,-0.0550245170945743,0.205728665278658,-0.205728665278658,-0.943401185916215,0.943401185916215,-0.958611853122042,0.958611853122042,-0.412119320039245,0.412119320039245,-1.02783717151922,1.02783717151922,-1.24022439211653,1.24022439211653,-0.418928139925233,0.418928139925233,0.406903652614646,-0.406903652614646,-0.196536498745394,0.196536498745394,0.36287657074193,-0.36287657074193,0.379572924545962,-0.379572924545962,2.51730152943837,-2.51730152943837,0.686960048748768,-0.686960048748768,-2.44177232961683,2.44177232961683,-1.24188651678344,1.24188651678344,1.24980619093195,-1.24980619093195,1.49018574620437,-1.49018574620437,0.0441685317121138,-0.0441685317121138,0.0128186316819082,-0.0128186316819082,1.14303595947131,-1.14303595947131,0.555133076569756,-0.555133076569756,0.679003174351815,-0.679003174351815,0.0875362827453379,-0.0875362827453379,-1.5583426539687,1.5583426539687,-0.386124164960444,0.386124164960444,0.153246457650324,-0.153246457650324,1.5351711410521,-1.5351711410521,-1.76758111661943,1.76758111661943,0.900764028863092,-0.900764028863092,0.840647600041524,-0.840647600041524,3.11535840188029,-3.11535840188029,0.189953567215314,-0.189953567215314,-0.38757757589912,0.38757757589912,-0.570890960652162,0.570890960652162,-1.00988046968438,1.00988046968438,-1.48548649957674,1.48548649957674,-0.922939341732836,0.922939341732836,0.191107319477207,-0.191107319477207,0.56472223978737,-0.56472223978737,1.77547937897712,-1.77547937897712,0.342731469217032,-0.342731469217032,-0.360513392208929,0.360513392208929,-1.70224401684904,1.70224401684904,-0.681464027766605,0.681464027766605,1.5973104878626,-1.5973104878626,0.475133512391919,-0.475133512391919,-0.853179203003139,0.853179203003139,1.23785871142681,-1.23785871142681,0.168483964861319,-0.168483964861319,-2.65438756566853,2.65438756566853,-1.09745324297363,1.09745324297363,-0.983939225644787,0.983939225644787,0.434149189016961,-0.434149189016961,0.398493316880004,-0.398493316880004,-0.884717507051709,0.884717507051709,0.254003014597995,-0.254003014597995,-0.0327004971578796,0.0327004971578796,-2.27319467422879,2.27319467422879,0.210820717801741,-0.210820717801741,-0.606454690016314,0.606454690016314,0.749247466807428,-0.749247466807428,-0.35195407696419,0.35195407696419,1.49905595870354,-1.49905595870354,-0.282975954573399,0.282975954573399,-0.343732357476971,0.343732357476971,1.30232224274989,-1.30232224274989,0.0539123023751289,-0.0539123023751289,-2.03536507273272,2.03536507273272,-0.119143489469991,0.119143489469991,-0.736326456352028,0.736326456352028,0.361815211716633,-0.361815211716633,-0.630300194949582,0.630300194949582,0.573271468199083,-0.573271468199083,1.21945060360569,-1.21945060360569,-0.872507401597701,0.872507401597701,1.33049940120058,-1.33049940120058,-1.11020673022192,1.11020673022192,-0.8205854301873,0.8205854301873,-1.47826181718718,1.47826181718718,0.900317947745751,-0.900317947745751,1.16481119754844,-1.16481119754844,-0.963164302635352,0.963164302635352,0.376883071860511,-0.376883071860511,-2.25293756129894,2.25293756129894,0.527090102542832,-0.527090102542832,-0.201773641739436,0.201773641739436,0.938356816810171,-0.938356816810171,-0.635445386589548,0.635445386589548,0.790289789956727,-0.790289789956727,-2.06866912067043,2.06866912067043,-1.35337439168507,1.35337439168507,-0.254314291296089,0.254314291296089,0.87078135168953,-0.87078135168953,0.211707298010413,-0.211707298010413,-0.399390127433887,0.399390127433887,0.575686295087058,-0.575686295087058,-1.16211899597282,1.16211899597282,-1.18024178440511,1.18024178440511,-0.962230421060528,0.962230421060528,-0.984662412869107,0.984662412869107,-1.25217144849014,1.25217144849014,0.149671095381692,-0.149671095381692,0.516010391194817,-0.516010391194817,0.37770574546991,-0.37770574546991,0.131132033281241,-0.131132033281241,2.04362934258489,-2.04362934258489,-0.213633897779643,0.213633897779643,0.345137393481405,-0.345137393481405,1.14144892158645,-1.14144892158645,0.019563395062846,-0.019563395062846,0.374862238528627,-0.374862238528627,1.77018485501345,-1.77018485501345,1.34937442508454,-1.34937442508454,0.492120854611649,-0.492120854611649,0.504178228007808,-0.504178228007808,-0.832339740171178,0.832339740171178,-0.148974732977413,0.148974732977413,-0.679930599922279,0.679930599922279,-0.770915781611725,0.770915781611725,0.0191953097620674,-0.0191953097620674,-0.545379091443789,0.545379091443789,0.290623262176063,-0.290623262176063,0.140668637843119,-0.140668637843119,1.77592666005307,-1.77592666005307,-2.18288299207048,2.18288299207048,-0.247560856241111,0.247560856241111,2.54685699037717,-2.54685699037717,-0.630289259691521,0.630289259691521,-0.441707163807154,0.441707163807154,0.364663997617194,-0.364663997617194,-1.92491649382391,1.92491649382391,0.677202759950205,-0.677202759950205,-0.317430296744382,0.317430296744382,0.313082792735793,-0.313082792735793,0.677286159344249,-0.677286159344249,1.22895451591123,-1.22895451591123,0.224268363812192,-0.224268363812192,0.601136961751867,-0.601136961751867,-0.119551856409261,0.119551856409261,0.536561059600871,-0.536561059600871,-1.59231996404315,1.59231996404315,-1.56962838473487,1.56962838473487,1.1600062079324,-1.1600062079324,1.260107298208,-1.260107298208,0.494804910082659,-0.494804910082659,1.44800361038458,-1.44800361038458,-1.426586063378,1.426586063378,2.43957511183739,-2.43957511183739,1.19903432745795,-1.19903432745795,0.613678548443615,-0.613678548443615,-0.265728119630098,0.265728119630098,0.438242370163481,-0.438242370163481,1.3781293198959,-1.3781293198959,0.0399486332987028,-0.0399486332987028,-1.19102150319501,1.19102150319501,-1.42483389115061,1.42483389115061,-1.09262969180774,1.09262969180774,1.08800253489828,-1.08800253489828,-1.03373147707375,1.03373147707375,0.439246796780724,-0.439246796780724,-0.236098077816457,0.236098077816457,-0.415374266746932,0.415374266746932,-1.35072416011851,1.35072416011851,0.065948006974679,-0.065948006974679,-2.1881116668939,2.1881116668939,1.56476127204045,-1.56476127204045,0.282347114799973,-0.282347114799973,0.335283238545016,-0.335283238545016,0.0905184805882679,-0.0905184805882679,2.24290162235197,-2.24290162235197,-0.745922833948366,0.745922833948366,-0.203188396617573,0.203188396617573,-1.3424159093179,1.3424159093179,-0.84171971747094,0.84171971747094,0.633738770808824,-0.633738770808824,-0.802245516258737,0.802245516258737,-0.288905795336421,0.288905795336421,-0.146765628391636,0.146765628391636,0.00679284233379465,-0.00679284233379465,-1.84538918782282,1.84538918782282,-0.429079760592544,0.429079760592544,0.551319486983172,-0.551319486983172,-0.117487772105806,0.117487772105806,0.199282093858104,-0.199282093858104,0.177600593985795,-0.177600593985795,0.782965672856845,-0.782965672856845,-0.320584097630176,0.320584097630176,-0.03022967727074,0.03022967727074,1.50401864436186,-1.50401864436186,-0.72057662536952,0.72057662536952,0.502436225021107,-0.502436225021107,0.501869782206811,-0.501869782206811,0.883837851437746,-0.883837851437746,1.088734515067,-1.088734515067,-0.437581719969686,0.437581719969686,0.0464279289965531,-0.0464279289965531,1.04397391295076,-1.04397391295076,-0.794554001132248,0.794554001132248,-0.21501456043503,0.21501456043503,0.568447200146596,-0.568447200146596,0.0237487977602124,-0.0237487977602124,0.368161227262581,-0.368161227262581,1.13833840229216,-1.13833840229216,0.299592754176111,-0.299592754176111,-2.05870612603617,2.05870612603617,0.300170265708172,-0.300170265708172,-2.06925883261692,2.06925883261692,-2.04873901819876,2.04873901819876,1.66613121676365,-1.66613121676365,1.60733177468369,-1.60733177468369,-0.93870339548963,0.93870339548963,0.697554683877647,-0.697554683877647,1.13178462165137,-1.13178462165137,2.07001844912121,-2.07001844912121,1.27226315259349,-1.27226315259349,-1.13943446319214,1.13943446319214,-1.7085775308734,1.7085775308734,2.02416100806707,-2.02416100806707,-0.677501336480181,0.677501336480181,0.159075506987398,-0.159075506987398,-1.96294436671659,1.96294436671659,-1.04027659775272,1.04027659775272,0.0713511024537019,-0.0713511024537019,-0.451757708607322,0.451757708607322,0.163791079640435,-0.163791079640435,-1.87514383807527,1.87514383807527,-1.56278156548929,1.56278156548929,0.0577003279977942,-0.0577003279977942,-1.07942069231782,1.07942069231782,0.409506480362735,-0.409506480362735,0.956236996371592,-0.956236996371592,-0.407122200397268,0.407122200397268,1.8472424529595,-1.8472424529595,0.074425182576157,-0.074425182576157,-0.596506484637795,0.596506484637795,0.83194489316542,-0.83194489316542,-0.189206370160763,0.189206370160763,-1.22470502598621,1.22470502598621,0.0425286089775696,-0.0425286089775696,0.270947776281396,-0.270947776281396,0.0337671413969692,-0.0337671413969692,0.997044037778459,-0.997044037778459,0.350042873627036,-0.350042873627036,1.07379660751811,-1.07379660751811,-0.703378184253317,0.703378184253317,-0.045114379390767,0.045114379390767,-0.519714170398394,0.519714170398394,1.1205327033304,-1.1205327033304,1.14555229902575,-1.14555229902575,-0.528100371816955,0.528100371816955,0.332045542578187,-0.332045542578187,0.69437524475331,-0.69437524475331,1.28358608508642,-1.28358608508642,-0.763237660133899,0.763237660133899,-1.16358090197462,1.16358090197462,0.733260504291497,-0.733260504291497,0.322950909180964,-0.322950909180964,-0.744720884450474,0.744720884450474,-0.276029048085949,0.276029048085949,-0.157873249345862,0.157873249345862,-0.588002506612697,0.588002506612697,0.524728439864162,-0.524728439864162,-0.632327751206012,0.632327751206012,-0.184615593000545,0.184615593000545,0.715205733817201,-0.715205733817201,-1.53159279472778,1.53159279472778,0.232423848961242,-0.232423848961242,0.399597184305136,-0.399597184305136,-0.122257711221207,0.122257711221207,0.0083482802176739,-0.0083482802176739,0.00525901589016104,-0.00525901589016104,1.389789673826,-1.389789673826,1.00914378185394,-1.00914378185394,0.706488278923786,-0.706488278923786,0.337516702146401,-0.337516702146401,-1.02036899611288,1.02036899611288,1.15475953569872,-1.15475953569872,-1.17523213294176,1.17523213294176,-1.17014209984484,1.17014209984484,-0.164577138346036,0.164577138346036,0.684912741353215,-0.684912741353215,-0.755918023909758,0.755918023909758,-0.995794525703452,0.995794525703452,1.03848658181321,-1.03848658181321,0.0770456335850385,-0.0770456335850385,-1.11427419625198,1.11427419625198,0.190662829298663,-0.190662829298663,1.27543845471911,-1.27543845471911,-1.58002168483884,1.58002168483884,0.37035880703717,-0.37035880703717,2.03689487322716,-2.03689487322716,0.912554209746786,-0.912554209746786,-1.29087291344787,1.29087291344787,-0.0282927720450779,0.0282927720450779,0.434947627671206,-0.434947627671206,-0.218851093765329,0.218851093765329,-0.15167973908684,0.15167973908684,-0.820464299625429,0.820464299625429,-0.507314137491957,0.507314137491957,-0.464706962854093,0.464706962854093,-1.6158273328105,1.6158273328105,-1.45536279117295,1.45536279117295,0.177943303546808,-0.177943303546808,-0.566128491531396,0.566128491531396,0.684144812006887,-0.684144812006887,0.860817099270091,-0.860817099270091,1.44304293650861,-1.44304293650861,1.35911712383057,-1.35911712383057,0.487846976686276,-0.487846976686276,-0.195676272068063,0.195676272068063,-1.66775396047265,1.66775396047265,-1.04117640480068,1.04117640480068,0.0404133013062771,-0.0404133013062771,-0.55241274985171,0.55241274985171,-1.77881911556757,1.77881911556757,1.05385452914388,-1.05385452914388,0.302656346782636,-0.302656346782636,-0.352917461411965,0.352917461411965,2.77710177751293,-2.77710177751293,-0.335466125327762,0.335466125327762,-0.46775064730567,0.46775064730567,0.128511239458296,-0.128511239458296,1.3489693194407,-1.3489693194407,1.32711024679357,-1.32711024679357,-0.533502185007017,0.533502185007017,1.94417484133022,-1.94417484133022,0.439989686833874,-0.439989686833874,1.39334245162636,-1.39334245162636,-0.232155439319218,0.232155439319218,0.523954830216456,-0.523954830216456,0.371236160933152,-0.371236160933152,-0.28110129333151,0.28110129333151,1.16465728665763,-1.16465728665763,-0.34155869705403,0.34155869705403,0.467073224700482,-0.467073224700482,0.943577017047402,-0.943577017047402,-0.191470714650199,0.191470714650199,0.206205800160205,-0.206205800160205,-0.212720923212836,0.212720923212836,3.03033655484728,-3.03033655484728,-0.361779365519948,0.361779365519948,-0.416567256423314,0.416567256423314,0.951300659290551,-0.951300659290551,-1.219125252761,1.219125252761,0.212680440175624,-0.212680440175624,0.0166087241287811,-0.0166087241287811,0.688834814179947,-0.688834814179947,-1.32333065847589,1.32333065847589,-2.09859267764169,2.09859267764169,1.28300874100091,-1.28300874100091,0.836230349043625,-0.836230349043625,-1.14488438977562,1.14488438977562,-0.247948744868315,0.247948744868315,-1.1517157055803,1.1517157055803,-0.0792587361361405,0.0792587361361405,-0.643485990413477,0.643485990413477,1.35214237939746,-1.35214237939746,-1.24498172088418,1.24498172088418,0.0338628317283088,-0.0338628317283088,-1.59714537025806,1.59714537025806,-0.36694664071044,0.36694664071044,0.198360334702258,-0.198360334702258,-0.084281688418145,0.084281688418145,-0.814344004552908,0.814344004552908,0.731695423997948,-0.731695423997948,-0.37532264465348,0.37532264465348,0.261050573142908,-0.261050573142908,1.34324719607779,-1.34324719607779,0.00967584752085418,-0.00967584752085418,1.37467405792199,-1.37467405792199,1.46351036645075,-1.46351036645075,0.593516501164402,-0.593516501164402,-0.372648725726537,0.372648725726537,-0.484470449649046,0.484470449649046,0.800580614898564,-0.800580614898564,1.83872211258058,-1.83872211258058,-0.250724037131598,0.250724037131598,-0.931873606805718,0.931873606805718,-0.400934088798745,0.400934088798745,0.180629821763187,-0.180629821763187,-0.608659181013677,0.608659181013677,1.20248881731238,-1.20248881731238,-0.0337035728633104,0.0337035728633104,-0.887939567316867,0.887939567316867,0.137067213349993,-0.137067213349993,-1.09353358202551,1.09353358202551,-1.07403100147206,1.07403100147206,-0.899708666946902,0.899708666946902,0.212067571728236,-0.212067571728236,-0.0159719874168341,0.0159719874168341,-0.9856956161973,0.9856956161973,-0.770293105429977,0.770293105429977,-0.602164121506132,0.602164121506132,-1.92555030619068,1.92555030619068,1.00301182031918,-1.00301182031918,-0.495864454940546,0.495864454940546,-1.24204585276724,1.24204585276724,1.04687320998922,-1.04687320998922,-0.03791064381994,0.03791064381994,0.168199038591384,-0.168199038591384,-1.27473700882029,1.27473700882029,0.971205892055408,-0.971205892055408,0.501912099880418,-0.501912099880418,0.690348177195772,-0.690348177195772,1.28343017723432,-1.28343017723432,0.791833274213672,-0.791833274213672,0.17477715061112,-0.17477715061112,1.10502054223755,-1.10502054223755,0.172450598662153,-0.172450598662153,0.121517513585429,-0.121517513585429,1.87243973828155,-1.87243973828155,-0.151807095804358,0.151807095804358,0.0362039524483656,-0.0362039524483656,-0.367768733417353,0.367768733417353,0.915060119602041,-0.915060119602041,1.46638058115461,-1.46638058115461,0.312475825894209,-0.312475825894209,0.275298187060176,-0.275298187060176,-0.746110958503714,0.746110958503714,1.78638029531078,-1.78638029531078,-1.00611490192615,1.00611490192615,1.63978395192006,-1.63978395192006,-0.657325040988303,0.657325040988303,-0.182768697826718,0.182768697826718,-0.0937777314278333,0.0937777314278333,1.01663395736073,-1.01663395736073,-1.20360774205654,1.20360774205654,-0.0766130355135015,0.0766130355135015,0.202045131687431,-0.202045131687431,-0.653427787782835,0.653427787782835,-2.46045393944477,2.46045393944477,-0.119933263007958,0.119933263007958,0.640550026976218,-0.640550026976218,0.328679345698577,-0.328679345698577,1.18347509097854,-1.18347509097854,-0.96105139367521,0.96105139367521,0.387770936551897,-0.387770936551897,1.56191957843361,-1.56191957843361,-0.457229099002832,0.457229099002832,0.357353156067055,-0.357353156067055,0.41825628087782,-0.41825628087782,1.15133392196993,-1.15133392196993,0.448515119317667,-0.448515119317667,1.57610704554795,-1.57610704554795,0.0577042786839914,-0.0577042786839914,1.03426696440361,-1.03426696440361,0.954208490177823,-0.954208490177823,1.83271111910369,-1.83271111910369,0.407142069333061,-0.407142069333061,-0.751296187809107,0.751296187809107,1.17281625977569,-1.17281625977569,-1.08826363278755,1.08826363278755,0.3258094584784,-0.3258094584784,-0.805161523726348,0.805161523726348,-2.27052341382348,2.27052341382348,-1.73283498479219,1.73283498479219,-0.281720811228227,0.281720811228227,2.42558863394414,-2.42558863394414,1.35612417393461,-1.35612417393461,0.5464754403372,-0.5464754403372,0.325062610377994,-0.325062610377994,-0.296056541679664,0.296056541679664,-0.436681651004686,0.436681651004686,1.95500910108271,-1.95500910108271,0.514571656339278,-0.514571656339278,0.63926069095383,-0.63926069095383,-0.281135941706994,0.281135941706994,0.83311049239736,-0.83311049239736,0.728583706291137,-0.728583706291137,-2.12435224151234,2.12435224151234,-1.48233598465328,1.48233598465328,-0.434712726496525,0.434712726496525,1.21534394320444,-1.21534394320444,0.407366214717866,-0.407366214717866,0.335007743789953,-0.335007743789953,-1.89805856220439,1.89805856220439,0.878646562290692,-0.878646562290692,2.62677674931627,-2.62677674931627,-0.338075489528075,0.338075489528075,-1.23368935389177,1.23368935389177,-0.775347244625486,0.775347244625486,0.663468373051616,-0.663468373051616,-0.853248759188349,0.853248759188349,-0.71046996514069,0.71046996514069,0.493762320297434,-0.493762320297434,-1.6867352202626,1.6867352202626,1.04060520439553,-1.04060520439553,0.650664551254219,-0.650664551254219,-0.36215906448653,0.36215906448653,1.03852534353293,-1.03852534353293,0.490457062250827,-0.490457062250827,-1.29732889331276,1.29732889331276,-1.44925747481569,1.44925747481569,-0.579507883785983,0.579507883785983,1.13020043446622,-1.13020043446622,0.0716465469252268,-0.0716465469252268,-0.159425070299249,0.159425070299249,-1.2252652309072,1.2252652309072,0.0583768851597029,-0.0583768851597029,-1.40864763847129,1.40864763847129,-0.561360182104961,0.561360182104961,1.03665989921592,-1.03665989921592,0.787959064199366,-0.787959064199366,-1.17008562758683,1.17008562758683,0.144935042379879,-0.144935042379879,-0.598292170370162,0.598292170370162,-0.368657357218863,0.368657357218863,-0.388274299629841,0.388274299629841,-1.57810172407263,1.57810172407263,0.706011871917985,-0.706011871917985,0.546519127505446,-0.546519127505446,1.71711210348363,-1.71711210348363,0.680398473855229,-0.680398473855229,0.920499310806639,-0.920499310806639,0.37877214094129,-0.37877214094129,-1.69164382997097,1.69164382997097,0.633670988880834,-0.633670988880834,0.190358887129149,-0.190358887129149,1.2253809814585,-1.2253809814585,1.06722518043164,-1.06722518043164,-1.10301689229217,1.10301689229217,0.75242570494576,-0.75242570494576,0.957294483346725,-0.957294483346725,1.18662283234074,-1.18662283234074,-0.64949326438027,0.64949326438027,1.60124268646092,-1.60124268646092,1.17044540294314,-1.17044540294314,-0.605302871794412,0.605302871794412,-0.401000590880791,0.401000590880791,-0.393172830760828,0.393172830760828,1.33864150933129,-1.33864150933129,-0.87542357117916,0.87542357117916,0.238836829711473,-0.238836829711473,1.42848576705868,-1.42848576705868,0.722075124462734,-0.722075124462734,-1.06249890488883,1.06249890488883,-0.510803391662896,0.510803391662896,-0.360625603673403,0.360625603673403,-0.139932788868635,0.139932788868635,0.700634182351633,-0.700634182351633,0.0199849780347381,-0.0199849780347381,-1.37665875007317,1.37665875007317,-1.48713386359232,1.48713386359232,0.0640300821753122,-0.0640300821753122,-1.70900959348001,1.70900959348001,1.30025367665305,-1.30025367665305,0.0245870095526793,-0.0245870095526793,-0.331197490041542,0.331197490041542,0.879275072628954,-0.879275072628954,0.959950691007217,-0.959950691007217,1.30930627548721,-1.30930627548721,-0.115323757113454,0.115323757113454,-0.989511047857037,0.989511047857037,0.148165039921786,-0.148165039921786,0.07587602670999,-0.07587602670999,-1.07671579021556,1.07671579021556,-0.23033577184185,0.23033577184185,-0.905764407557657,0.905764407557657,1.04835351122705,-1.04835351122705,-0.862432887825517,0.862432887825517,0.88381101680074,-0.88381101680074,1.58533323310217,-1.58533323310217,0.421858969238545,-0.421858969238545,0.913890137367984,-0.913890137367984,-0.877740858856817,0.877740858856817,-2.48663762215976,2.48663762215976,-1.1870026112749,1.1870026112749,0.884325393154234,-0.884325393154234,0.0591776508979385,-0.0591776508979385,-0.773111910456432,0.773111910456432,-1.23725576178675,1.23725576178675,0.757538324937161,-0.757538324937161,-0.644895402663185,0.644895402663185,0.133287505688001,-0.133287505688001,-0.326383695005482,0.326383695005482,1.10500114925128,-1.10500114925128,-1.58575572158214,1.58575572158214,-1.09716951830094,1.09716951830094,1.26314597310937,-1.26314597310937,-0.0928363539299641,0.0928363539299641,1.81362756046416,-1.81362756046416,0.136388342858088,-0.136388342858088,-1.54137009909726,1.54137009909726,-1.37910302994636,1.37910302994636,-0.959692225459685,0.959692225459685,-1.71005876483139,1.71005876483139,-0.446166926062043,0.446166926062043,-0.333028572556812,0.333028572556812,0.936516560622187,-0.936516560622187,-1.11645513591619,1.11645513591619,1.28074622261676,-1.28074622261676,0.508771011300003,-0.508771011300003,-0.227307392206562,0.227307392206562,-0.59693599576011,0.59693599576011,0.892729029624104,-0.892729029624104,0.0811380977024563,-0.0811380977024563,-0.422880566382861,0.422880566382861,0.196396678184158,-0.196396678184158,0.076179984413383,-0.076179984413383,-1.05082709960673,1.05082709960673,0.921627472662631,-0.921627472662631,-1.49584760013812,1.49584760013812,1.11985273858729,-1.11985273858729,1.31256403084039,-1.31256403084039,1.06694764069898,-1.06694764069898,1.55493753904063,-1.55493753904063,-0.0645072455320709,0.0645072455320709,0.393064449293406,-0.393064449293406,-0.860048075890624,0.860048075890624,0.0424086628091099,-0.0424086628091099,-0.0561884674005576,0.0561884674005576,1.38510854663846,-1.38510854663846,0.621111176283161,-0.621111176283161,0.523754675269562,-0.523754675269562,-0.651940132966831,0.651940132966831,-0.405993749545357,0.405993749545357,-0.605423459443798,0.605423459443798,-1.2467714056197,1.2467714056197,0.442794146308695,-0.442794146308695,0.721767507066477,-0.721767507066477,1.00451828871975,-1.00451828871975,1.39948883572031,-1.39948883572031,0.118651939390437,-0.118651939390437,0.0594240947106418,-0.0594240947106418,-0.211244356472166,0.211244356472166,-1.00082495105644,1.00082495105644,0.545374858847185,-0.545374858847185,0.597918666139094,-0.597918666139094,-0.621222445929597,0.621222445929597,-1.29646938494978,1.29646938494978,-0.520425352748529,0.520425352748529,1.81511065912918,-1.81511065912918,-1.77147425714212,1.77147425714212,0.603362403493867,-0.603362403493867,-1.75156082920343,1.75156082920343,-0.301902713328706,0.301902713328706,0.178731095718005,-0.178731095718005,-0.580725357266862,0.580725357266862,-1.45649893126866,1.45649893126866,-0.203327646558949,0.203327646558949,0.538828826853131,-0.538828826853131,0.0202144126085619,-0.0202144126085619,-0.260335317840826,0.260335317840826,0.11232190231005,-0.11232190231005,2.05925332314365,-2.05925332314365,-0.304682616264712,0.304682616264712,0.460874838150912,-0.460874838150912,1.46030589196155,-1.46030589196155,-0.399614450717597,0.399614450717597,-0.415123190064505,0.415123190064505,-1.9253749388766,1.9253749388766,-0.835723514695565,0.835723514695565,-0.820948118990688,0.820948118990688,1.23199078354914,-1.23199078354914,-0.0501959135360253,0.0501959135360253,-1.09912577821444,1.09912577821444,-0.539929370176832,0.539929370176832,2.33067557147719,-2.33067557147719,-0.486581819403408,0.486581819403408,0.352609743322492,-0.352609743322492,-0.840977754569349,0.840977754569349,1.04199694119364,-1.04199694119364,2.16502369822629,-2.16502369822629,-0.224476363950317,0.224476363950317,0.863522547311031,-0.863522547311031,0.087867274555676,-0.087867274555676,-1.2743764502303,1.2743764502303,0.311115559672168,-0.311115559672168,-1.65466153893731,1.65466153893731,-1.84666800957188,1.84666800957188,0.111665768215085,-0.111665768215085,-0.68638398813122,0.68638398813122,1.59408744491748,-1.59408744491748,1.75356085453971,-1.75356085453971,-0.0293844080263152,0.0293844080263152,0.653477967556875,-0.653477967556875,0.153210993391738,-0.153210993391738,0.643112948048434,-0.643112948048434,-0.931831368500009,0.931831368500009,0.318399505289447,-0.318399505289447,-0.0857890659464328,0.0857890659464328,-0.422840871605364,0.422840871605364,0.620449143511746,-0.620449143511746,-0.253287282719509,0.253287282719509,0.951836793348653,-0.951836793348653,0.881249875549304,-0.881249875549304,-2.61857604347588,2.61857604347588,0.132094804286678,-0.132094804286678,-0.19279065055585,0.19279065055585,1.79213984964255,-1.79213984964255,-2.04925213645526,2.04925213645526,1.75864348168619,-1.75864348168619,0.746039857805142,-0.746039857805142,-0.579062887498177,0.579062887498177,-0.749974555751261,0.749974555751261,0.294447508566144,-0.294447508566144,2.57670532879115,-2.57670532879115,0.982430911366053,-0.982430911366053,1.28196845208237,-1.28196845208237,0.676933518909442,-0.676933518909442,-1.03002344141288,1.03002344141288,0.231944720030056,-0.231944720030056,-0.254109564767778,0.254109564767778,-0.603128980049977,0.603128980049977,2.1362240789096,-2.1362240789096,0.465164954934259,-0.465164954934259,0.102622857939905,-0.102622857939905,-0.171994872304081,0.171994872304081,-0.145531260500378,0.145531260500378,-0.932729069316641,0.932729069316641,0.334532922686608,-0.334532922686608,0.482472166138878,-0.482472166138878,1.45098268178725,-1.45098268178725,1.14975267480005,-1.14975267480005,-0.683300208035283,0.683300208035283,-0.895066049228923,0.895066049228923,1.74003514112836,-1.74003514112836,1.02676309852551,-1.02676309852551,-1.11991130516222,1.11991130516222,-0.515680859635606,0.515680859635606,-0.866181932557524,0.866181932557524,0.0648464168917339,-0.0648464168917339,-0.745214757909668,0.745214757909668,1.93131849686085,-1.93131849686085,0.104387126268761,-0.104387126268761,1.01157441725921,-1.01157441725921,-1.23503494434436,1.23503494434436,0.876276955053756,-0.876276955053756,0
1.10847931041698,-1.10847931041698,1.19268210244424,-1.19268210244424,0.575261352631942,-0.575261352631942,-1.45955479503084,1.45955479503084,1.88263939814237,-1.88263939814237,-0.574370094803601,0.574370094803601,0.610224347773793,-0.610224347773793,0.711849270665792,-0.711849270665792,-0.117911710494711,0.117911710494711,-0.674044279116517,0.674044279116517,-0.602586916784423,0.602586916784423,0.691141270888234,-0.691141270888234,1.55694764635991,-1.55694764635991,-0.768009141406502,0.768009141406502,1.17279284648782,-1.17279284648782,0.222430881154276,-0.222430881154276,-1.23126426598617,1.23126426598617,1.66835107026238,-1.66835107026238,-0.253166720427082,0.253166720427082,1.43147085968863,-1.43147085968863,-0.728001534316171,0.728001534316171,-0.0988648598138924,0.0988648598138924,0.321948659299519,-0.321948659299519,-0.437175691547943,0.437175691547943,-0.202896099375919,0.202896099375919,-0.397017831128932,0.397017831128932,-0.621710438814726,0.621710438814726,0.985372714723486,-0.985372714723486,1.95067417515588,-1.95067417515588,1.35444029014837,-1.35444029014837,0.419084848934834,-0.419084848934834,1.55482217480476,-1.55482217480476,-1.25521460406059,1.25521460406059,-0.416859611499256,0.416859611499256,0.0808764630528136,-0.0808764630528136,-2.09516527688556,2.09516527688556,-0.167532944329774,0.167532944329774,-1.03852973227071,1.03852973227071,0.0941386057721759,-0.0941386057721759,0.139757428026707,-0.139757428026707,0.298200661096094,-0.298200661096094,-0.454480090473132,0.454480090473132,-2.1196003689277,2.1196003689277,-0.057274417709934,0.057274417709934,0.452847014899297,-0.452847014899297,-0.0567169395658188,0.0567169395658188,1.24461228214844,-1.24461228214844,0.804838779912256,-0.804838779912256,-1.04582993452096,1.04582993452096,-0.594764572164274,0.594764572164274,-0.126570098988074,0.126570098988074,0.802285553411685,-0.802285553411685,-0.156519228193566,0.156519228193566,-0.358069657143165,0.358069657143165,-0.778810763244159,0.778810763244159,-0.318667636927652,0.318667636927652,-0.60350658270059,0.60350658270059,0.369508342643538,-0.369508342643538,0.29391510919576,-0.29391510919576,-0.410938484407566,0.410938484407566,1.32748285259736,-1.32748285259736,0.0531260156459676,-0.0531260156459676,-0.70540441886002,0.70540441886002,-1.85960162632732,1.85960162632732,2.114436749438,-2.114436749438,1.02566839789773,-1.02566839789773,1.24837007354606,-1.24837007354606,1.86670938408402,-1.86670938408402,0.0878835526609499,-0.0878835526609499,0.762867753484373,-0.762867753484373,-0.669814635803164,0.669814635803164,1.0133689563738,-1.0133689563738,1.3339784466251,-1.3339784466251,0.593487973296446,-0.593487973296446,1.19971941521584,-1.19971941521584,0.0803738759776346,-0.0803738759776346,-0.872706576278738,0.872706576278738,-0.0709869400465185,0.0709869400465185,1.01116561059078,-1.01116561059078,-0.701907729964571,0.701907729964571,-0.133688650324057,0.133688650324057,-0.723466876210567,0.723466876210567,-1.23781167770393,1.23781167770393,0.983499207248164,-0.983499207248164,-1.56256082964167,1.56256082964167,-0.0780083463729355,0.0780083463729355,0.917135134176881,-0.917135134176881,0.683792235212825,-0.683792235212825,0.359677805264782,-0.359677805264782,0.49905694769506,-0.49905694769506,0.535246392001855,-0.535246392001855,-0.531272836723142,0.531272836723142,0.25845817810494,-0.25845817810494,-0.672109368644501,0.672109368644501,0.174520229379191,-0.174520229379191,-0.597473420945635,0.597473420945635,0.135433375550184,-0.135433375550184,0.0754118878583028,-0.0754118878583028,-0.428406344030185,0.428406344030185,0.742282543645687,-0.742282543645687,-2.78912104489217,2.78912104489217,-0.359278075968927,0.359278075968927,-0.867960591275617,0.867960591275617,-2.08594636811364,2.08594636811364,-0.021442457466944,0.021442457466944,-0.438227693739966,0.438227693739966,-0.110009848111408,0.110009848111408,1.58281271480549,-1.58281271480549,-1.19687687666117,1.19687687666117,1.43943510556159,-1.43943510556159,-0.696623719508968,0.696623719508968,0.807884970646536,-0.807884970646536,0.233198821582331,-0.233198821582331,-1.32173467723287,1.32173467723287,-0.805080104825031,0.805080104825031,-1.95220971467695,1.95220971467695,2.88575595283004,-2.88575595283004,-1.58371694798242,1.58371694798242,-1.71071936036852,1.71071936036852,-1.34721265931534,1.34721265931534,-0.48397024424837,0.48397024424837,-0.35728325734773,0.35728325734773,0.479573475463443,-0.479573475463443,-1.26491306017387,1.26491306017387,-1.23091465369841,1.23091465369841,-0.0712551942182673,0.0712551942182673,-1.38126663819537,1.38126663819537,-1.9529575132299,1.9529575132299,-0.178799563205799,0.178799563205799,0.123261576077759,-0.123261576077759,-1.82490916961743,1.82490916961743,0.767081107931793,-0.767081107931793,0.390672119590059,-0.390672119590059,-0.229087618944783,0.229087618944783,-1.08308058282729,1.08308058282729,0.525656180520305,-0.525656180520305,-0.370358042688333,0.370358042688333,0.356285434988846,-0.356285434988846,1.23022666821224,-1.23022666821224,-0.823625723780885,0.823625723780885,0.333538826254088,-0.333538826254088,0.688834480725329,-0.688834480725329,-1.2695841372935,1.2695841372935,0.312040341193896,-0.312040341193896,0.384238403181941,-0.384238403181941,0.56294138683076,-0.56294138683076,1.54610425886509,-1.54610425886509,-0.66962755173489,0.66962755173489,-0.797395732177044,0.797395732177044,-0.903821343084511,0.903821343084511,-1.35605619314115,1.35605619314115,0.63181892452853,-0.63181892452853,-1.06664157904596,1.06664157904596,0.44905054180339,-0.44905054180339,0.736975846643841,-0.736975846643841,0.00578250819820362,-0.00578250819820362,0.379669844654324,-0.379669844654324,-0.270210432753817,0.270210432753817,-1.2893145843574,1.2893145843574,0.775777363268036,-0.775777363268036,-0.1556029293392,0.1556029293392,-2.1981110012343,2.1981110012343,0.245661199393031,-0.245661199393031,-0.750131770491154,0.750131770491154,2.45261773753256,-2.45261773753256,-0.835862328471995,0.835862328471995,-0.334106324130911,0.334106324130911,1.49434715946372,-1.49434715946372,-0.824641242474617,0.824641242474617,1.01931769105992,-1.01931769105992,0.413591816757957,-0.413591816757957,0.368182706810848,-0.368182706810848,-0.630258166766584,0.630258166766584,-1.32872468838689,1.32872468838689,-1.27670071191176,1.27670071191176,-0.224651650801997,0.224651650801997,0.760557537059588,-0.760557537059588,0.963153302089172,-0.963153302089172,-0.494222551678492,0.494222551678492,0.227652410597152,-0.227652410597152,0.703435980991923,-0.703435980991923,1.0408775732987,-1.0408775732987,-0.15137278209195,0.15137278209195,0.0174256456358893,-0.0174256456358893,0.557740659213558,-0.557740659213558,0.808109212069826,-0.808109212069826,1.49129810413403,-1.49129810413403,-0.339263413089325,0.339263413089325,-0.175336908405801,0.175336908405801,1.15436234075797,-1.15436234075797,-1.23477106452173,1.23477106452173,0.404002693751278,-0.404002693751278,-0.879182456924673,0.879182456924673,1.1268245511836,-1.1268245511836,-0.624755932917005,0.624755932917005,1.74526227584177,-1.74526227584177,0.448753909955005,-0.448753909955005,1.57539341182252,-1.57539341182252,-0.0593784440125767,0.0593784440125767,0.498966515852293,-0.498966515852293,0.864317463060874,-0.864317463060874,0.372450276070272,-0.372450276070272,0.533502620496744,-0.533502620496744,-1.047809805155,1.047809805155,-1.21061645286397,1.21061645286397,-0.837078611542041,0.837078611542041,0.495644910771165,-0.495644910771165,1.38518938731551,-1.38518938731551,-0.732242825055149,0.732242825055149,-0.525973701304444,0.525973701304444,-0.385496559702348,0.385496559702348,-0.748520350202802,0.748520350202802,-0.756184091092806,0.756184091092806,0.451226552018489,-0.451226552018489,0.547580206638006,-0.547580206638006,1.43200116389362,-1.43200116389362,0.242007638800999,-0.242007638800999,-0.17484956583179,0.17484956583179,-1.65848899513487,1.65848899513487,1.38779953417889,-1.38779953417889,-0.173552685503888,0.173552685503888,-1.42263186856365,1.42263186856365,0.696827090698285,-0.696827090698285,-1.78299396455242,1.78299396455242,1.23954994480706,-1.23954994480706,-0.365017143965594,0.365017143965594,0.0365212652016432,-0.0365212652016432,-1.78937673910817,1.78937673910817,-0.646901791718706,0.646901791718706,-0.0729164610469103,0.0729164610469103,-1.15875428342963,1.15875428342963,-0.650924751348751,0.650924751348751,0.608493553416195,-0.608493553416195,0.494756686781627,-0.494756686781627,1.06194319784821,-1.06194319784821,-0.837314579582301,0.837314579582301,-1.08148376653738,1.08148376653738,-2.40091806821201,2.40091806821201,0.371888600249477,-0.371888600249477,0.333012252004593,-0.333012252004593,-0.613669297659031,0.613669297659031,0.526047970455787,-0.526047970455787,-0.037976032035944,0.037976032035944,0.951359286578266,-0.951359286578266,0.445229734973924,-0.445229734973924,-0.281091062665221,0.281091062665221,-1.63861099296446,1.63861099296446,-0.980366621066378,0.980366621066378,-0.300114491092931,0.300114491092931,0.408956980120139,-0.408956980120139,0.910934837799772,-0.910934837799772,-0.516018497504749,0.516018497504749,-0.777838058309017,0.777838058309017,-1.09189115321102,1.09189115321102,0.665880540803665,-0.665880540803665,-0.276168021282104,0.276168021282104,1.43471494703715,-1.43471494703715,-0.626906121356863,0.626906121356863,-1.16345752776423,1.16345752776423,0.0842025252358329,-0.0842025252358329,1.71537309664084,-1.71537309664084,0.485267881609587,-0.485267881609587,0.303696617898076,-0.303696617898076,-1.14639830266447,1.14639830266447,-0.0377174205312018,0.0377174205312018,0.580103798357745,-0.580103798357745,-0.0196795503213713,0.0196795503213713,-1.28096301860693,1.28096301860693,0.175731614525105,-0.175731614525105,-0.138980392070709,0.138980392070709,-0.0451085990639874,0.0451085990639874,1.85176793348081,-1.85176793348081,0.267762643706576,-0.267762643706576,0.758316694818025,-0.758316694818025,-0.177973299580621,0.177973299580621,-0.34087749150226,0.34087749150226,0.278702495195946,-0.278702495195946,-0.00864863905934629,0.00864863905934629,-0.266730137517317,0.266730137517317,-1.74333802739769,1.74333802739769,0.274606551340704,-0.274606551340704,-1.01792401280205,1.01792401280205,-0.418825380760715,0.418825380760715,1.15856144010814,-1.15856144010814,-0.690184451059505,0.690184451059505,-0.0952439926893365,0.0952439926893365,0.509417885987494,-0.509417885987494,0.162813303143472,-0.162813303143472,1.13412667206473,-1.13412667206473,0.887139109427393,-0.887139109427393,0.814914162937858,-0.814914162937858,0.606100159642022,-0.606100159642022,0.462245544690553,-0.462245544690553,0.282691313914367,-0.282691313914367,0.00517369495219223,-0.00517369495219223,0.284434199400692,-0.284434199400692,-1.20262593967952,1.20262593967952,-0.61587464120929,0.61587464120929,-0.397047556830435,0.397047556830435,-1.3025452946064,1.3025452946064,0.563037748922687,-0.563037748922687,0.999511947692221,-0.999511947692221,-1.42500622573946,1.42500622573946,1.11031666252466,-1.11031666252466,-0.112405979180704,0.112405979180704,0.573832422415955,-0.573832422415955,-1.37954434162593,1.37954434162593,1.52048430367595,-1.52048430367595,1.18032826592613,-1.18032826592613,-0.80893666202529,0.80893666202529,1.05143708328211,-1.05143708328211,0.760956508147807,-0.760956508147807,-0.941159279765669,0.941159279765669,-0.135627336024262,0.135627336024262,1.33809687708556,-1.33809687708556,0.271718420737825,-0.271718420737825,1.77349602026574,-1.77349602026574,0.830222170477533,-0.830222170477533,1.83330471958663,-1.83330471958663,-0.401213528702886,0.401213528702886,1.34667900591492,-1.34667900591492,-0.96169890732362,0.96169890732362,0.62590919576399,-0.62590919576399,0.947617069057642,-0.947617069057642,-0.992090887086818,0.992090887086818,0.0315052746684527,-0.0315052746684527,-1.04962216478131,1.04962216478131,-0.212581017807738,0.212581017807738,1.03051286235797,-1.03051286235797,1.05976380757681,-1.05976380757681,-1.24257443894866,1.24257443894866,0.887217591844221,-0.887217591844221,-1.40540026296917,1.40540026296917,0.348037792043804,-0.348037792043804,0.657166117145712,-0.657166117145712,1.32394771059412,-1.32394771059412,0.974378979532985,-0.974378979532985,-0.482430336303801,0.482430336303801,0.142964469857262,-0.142964469857262,1.3920854884561,-1.3920854884561,-0.57019301654937,0.57019301654937,-0.500446757375947,0.500446757375947,-0.910158080277371,0.910158080277371,0.818012635215304,-0.818012635215304,0.684423840849501,-0.684423840849501,-1.71745598794596,1.71745598794596,1.56861500008476,-1.56861500008476,1.13986489998433,-1.13986489998433,-1.35702247064968,1.35702247064968,0.220629784010671,-0.220629784010671,1.77700567329225,-1.77700567329225,0.880114735481454,-0.880114735481454,-1.1197900305703,1.1197900305703,-1.00386003260025,1.00386003260025,1.69056141905588,-1.69056141905588,0.476010182843443,-0.476010182843443,-1.19439613286821,1.19439613286821,0.729620645970568,-0.729620645970568,-2.79318930826039,2.79318930826039,-1.36923687236122,1.36923687236122,-0.419404936301086,0.419404936301086,-0.440487707458547,0.440487707458547,0.914126653080867,-0.914126653080867,-0.532948217857855,0.532948217857855,0.685974408811427,-0.685974408811427,1.44187633809746,-1.44187633809746,-0.208606112887484,0.208606112887484,0.334706871698296,-0.334706871698296,-0.768442397580786,0.768442397580786,0.729955006561212,-0.729955006561212,-0.963973134851964,0.963973134851964,-0.862016167993722,0.862016167993722,-1.25925514632952,1.25925514632952,0.725433030891705,-0.725433030891705,-1.03973232645848,1.03973232645848,0.611519568247488,-0.611519568247488,0.441480815457287,-0.441480815457287,0.317683210460063,-0.317683210460063,1.37970637850221,-1.37970637850221,-0.107054444511855,0.107054444511855,-0.802634381895739,0.802634381895739,-1.65135989846172,1.65135989846172,-0.085090724963982,0.085090724963982,0.151312592805573,-0.151312592805573,0.199588979496852,-0.199588979496852,-0.0275833642963683,0.0275833642963683,1.46717533278495,-1.46717533278495,0.0822491036751909,-0.0822491036751909,-0.344027312314507,0.344027312314507,0.0317463701516198,-0.0317463701516198,-0.796204615464021,0.796204615464021,1.35564645845464,-1.35564645845464,0.248895688243035,-0.248895688243035,-0.454783126609505,0.454783126609505,-0.289109221380017,0.289109221380017,-0.414606059643359,0.414606059643359,1.72636988503856,-1.72636988503856,-0.536318598898503,0.536318598898503,0.0876052787964497,-0.0876052787964497,-0.333398426987398,0.333398426987398,-0.392491359284123,0.392491359284123,0.602214140003416,-0.602214140003416,-0.948009265172321,0.948009265172321,0.12487115009802,-0.12487115009802,-0.41515464977949,0.41515464977949,0.440837271191865,-0.440837271191865,0.383424631084628,-0.383424631084628,-0.982559002660781,0.982559002660781,-1.04626623907444,1.04626623907444,0.921046083350242,-0.921046083350242,0.145294149736056,-0.145294149736056,1.51462865609324,-1.51462865609324,1.09261460425933,-1.09261460425933,1.54469683237962,-1.54469683237962,0.603257683424152,-0.603257683424152,-3.05859202842648,3.05859202842648,0.464685022412759,-0.464685022412759,-0.938636161093234,0.938636161093234,0.218705278266538,-0.218705278266538,-0.326568024880586,0.326568024880586,1.06500302414262,-1.06500302414262,-0.948161827942342,0.948161827942342,0.997590365924327,-0.997590365924327,1.77478836433631,-1.77478836433631,0.71055261027903,-0.71055261027903,0.331039348792483,-0.331039348792483,-0.995771151674698,0.995771151674698,-0.140753534159276,0.140753534159276,-0.130250369423965,0.130250369423965,0.729566930658958,-0.729566930658958,-0.500161528898514,0.500161528898514,0.109676978830941,-0.109676978830941,0.905967901051769,-0.905967901051769,-1.43065601832739,1.43065601832739,0.868466650637417,-0.868466650637417,-0.238189231497856,0.238189231497856,-0.283913196615454,0.283913196615454,-0.528811145938152,0.528811145938152,1.96230867136369,-1.96230867136369,0.472185874616848,-0.472185874616848,1.14553678831554,-1.14553678831554,-0.330977059851206,0.330977059851206,0.186930409612844,-0.186930409612844,0.235789648464349,-0.235789648464349,0.476461968448282,-0.476461968448282,0.457205775273769,-0.457205775273769,-1.57814605860522,1.57814605860522,0.452069228103347,-0.452069228103347,-0.516796150661275,0.516796150661275,0.229992749902853,-0.229992749902853,0.200563707827311,-0.200563707827311,-1.11567583383625,1.11567583383625,0.0967679398975025,-0.0967679398975025,-0.560060146041552,0.560060146041552,-0.355511154717027,0.355511154717027,-0.753967990681,0.753967990681,-0.182495140569037,0.182495140569037,0.567853539825295,-0.567853539825295,1.08745415934872,-1.08745415934872,-1.52581590188702,1.52581590188702,0.59729063741361,-0.59729063741361,0.658907818726034,-0.658907818726034,-0.628815170239581,0.628815170239581,1.08798139431125,-1.08798139431125,-0.288748815823554,0.288748815823554,1.05118657849206,-1.05118657849206,1.82372302237157,-1.82372302237157,0.749461835271406,-0.749461835271406,-0.565806418901093,0.565806418901093,0.752779604766223,-0.752779604766223,0.183335797601455,-0.183335797601455,-0.816747617195998,0.816747617195998,0.678198873755811,-0.678198873755811,-0.525400436967761,0.525400436967761,-0.310402878594076,0.310402878594076,-1.02665869926025,1.02665869926025,-2.28262189373685,2.28262189373685,0.332447747082566,-0.332447747082566,-0.118165147765911,0.118165147765911,1.53771098086412,-1.53771098086412,1.64473071799139,-1.64473071799139,1.23992998057639,-1.23992998057639,-0.318836130281365,0.318836130281365,0.440318669199137,-0.440318669199137,1.10194171116447,-1.10194171116447,-0.205903214390146,0.205903214390146,-1.17131932363604,1.17131932363604,-2.72982064152601,2.72982064152601,-2.3680353298244,2.3680353298244,0.853281933651584,-0.853281933651584,-0.471272644559932,0.471272644559932,0.554220266952811,-0.554220266952811,-0.590813700511664,0.590813700511664,-1.82987854049569,1.82987854049569,-0.253240313911187,0.253240313911187,0.809690273010434,-0.809690273010434,0.31225559896169,-0.31225559896169,-0.340548243299012,0.340548243299012,-0.241886491266641,0.241886491266641,0.488533861405089,-0.488533861405089,0.564440655097795,-0.564440655097795,-0.640500718010515,0.640500718010515,0.954852979423153,-0.954852979423153,-0.568929031024074,0.568929031024074,0.598514713170347,-0.598514713170347,0.728659567662601,-0.728659567662601,-0.537255397080082,0.537255397080082,0.553143260246947,-0.553143260246947,1.45180185814561,-1.45180185814561,-0.952105654329209,0.952105654329209,-1.55749812779392,1.55749812779392,-0.0502884140452853,0.0502884140452853,-0.785951261454895,0.785951261454895,0.858852014527829,-0.858852014527829,2.35535664109339,-2.35535664109339,-1.07743725284419,1.07743725284419,1.27196907286965,-1.27196907286965,-0.888540788602948,0.888540788602948,1.09971925985103,-1.09971925985103,-0.0371310331499334,0.0371310331499334,-1.08831948049104,1.08831948049104,1.08751101624254,-1.08751101624254,1.75279825138944,-1.75279825138944,0.826969708526256,-0.826969708526256,-1.63414276590262,1.63414276590262,0.06293963108642,-0.06293963108642,-1.21248328825657,1.21248328825657,2.06823807744614,-2.06823807744614,-1.15510686087068,1.15510686087068,-0.487423398202773,0.487423398202773,0.324562187329271,-0.324562187329271,0.117356180454212,-0.117356180454212,-1.25194034421716,1.25194034421716,-1.14406842491637,1.14406842491637,-0.187221836435623,0.187221836435623,-0.262214405378542,0.262214405378542,-0.544402305387497,0.544402305387497,-1.42477067264356,1.42477067264356,0.286269423278772,-0.286269423278772,1.12782108900674,-1.12782108900674,-0.255739225880324,0.255739225880324,-1.10176860815197,1.10176860815197,1.36852755764706,-1.36852755764706,1.7282519528776,-1.7282519528776,0.265248860677822,-0.265248860677822,0.344294509838334,-0.344294509838334,1.57177676253256,-1.57177676253256,0.64882698129504,-0.64882698129504,-0.589656006220094,0.589656006220094,-0.20145677046713,0.20145677046713,-0.0308969463794769,0.0308969463794769,0.592078654319982,-0.592078654319982,-0.519486065152977,0.519486065152977,1.65764569104502,-1.65764569104502,-0.889357969595827,0.889357969595827,1.36806167857402,-1.36806167857402,-0.72434833270591,0.72434833270591,-1.03750660644253,1.03750660644253,0.0242392076089088,-0.0242392076089088,0.259109893201287,-0.259109893201287,-1.2329654580296,1.2329654580296,-0.135522059068905,0.135522059068905,0.797905908717389,-0.797905908717389,-0.872625721866425,0.872625721866425,1.22067366967037,-1.22067366967037,0.475168031054375,-0.475168031054375,-0.311664517200784,0.311664517200784,0.00683745682283266,-0.00683745682283266,-2.86888969740391,2.86888969740391,0.620635227194154,-0.620635227194154,-0.812923117803771,0.812923117803771,-0.109853204917358,0.109853204917358,1.41052423134413,-1.41052423134413,0.111409833377669,-0.111409833377669,-0.524621237905819,0.524621237905819,-0.659377216461768,0.659377216461768,0.0645807508639314,-0.0645807508639314,0.875053626106095,-0.875053626106095,-1.49033967331026,1.49033967331026,-1.10345691632006,1.10345691632006,0.166965151602817,-0.166965151602817,-0.718510632951299,0.718510632951299,0.55480540514405,-0.55480540514405,0.357221417481566,-0.357221417481566,-2.19048614518889,2.19048614518889,-0.741633184939124,0.741633184939124,0.10562950519651,-0.10562950519651,0.565506106429485,-0.565506106429485,-1.06943558997707,1.06943558997707,0.817977692565528,-0.817977692565528,-0.531969734025411,0.531969734025411,-1.26550511604064,1.26550511604064,0.231164018095419,-0.231164018095419,0.814256639188647,-0.814256639188647,-0.187183672122866,0.187183672122866,0.54334654746518,-0.54334654746518,0.040715820790104,-0.040715820790104,2.33191165153473,-2.33191165153473,0.255259475815719,-0.255259475815719,0.973433207827651,-0.973433207827651,0.672310837815544,-0.672310837815544,-1.24234181693561,1.24234181693561,0.343633495012406,-0.343633495012406,-0.373721177957539,0.373721177957539,1.56695581497186,-1.56695581497186,-1.33108553818264,1.33108553818264,0.764060120414381,-0.764060120414381,0.500708807803558,-0.500708807803558,0.613987410293352,-0.613987410293352,-1.6493169981374,1.6493169981374,1.03217284281168,-1.03217284281168,-0.486092852051658,0.486092852051658,0.857149795657466,-0.857149795657466,0.723325758827779,-0.723325758827779,-1.92405893690224,1.92405893690224,-0.764723195322949,0.764723195322949,0.636750850807761,-0.636750850807761,-1.030894852194,1.030894852194,0.645215093696882,-0.645215093696882,-0.187678139810459,0.187678139810459,0.750855864359651,-0.750855864359651,-1.02751908142534,1.02751908142534,-0.110138570201123,0.110138570201123,-0.54774337371646,0.54774337371646,-0.744453922201002,0.744453922201002,-0.375578245680805,0.375578245680805,-2.25727713782745,2.25727713782745,0.728628473408915,-0.728628473408915,-1.18958047998332,1.18958047998332,1.04766618741557,-1.04766618741557,-0.389625180953493,0.389625180953493,-1.26518255623842,1.26518255623842,-0.587730538195511,0.587730538195511,-0.683679469421942,0.683679469421942,-0.805490185317456,0.805490185317456,-0.0311561678439271,0.0311561678439271,-1.82716522896889,1.82716522896889,0.871824374855035,-0.871824374855035,0.790268153319317,-0.790268153319317,0.174178393378197,-0.174178393378197,-0.853685793145675,0.853685793145675,1.16411973421916,-1.16411973421916,-1.49315847347104,1.49315847347104,-0.118577238321943,0.118577238321943,0.3434570434672,-0.3434570434672,2.09027603035867,-2.09027603035867,-1.5261691586401,1.5261691586401,-2.08494388860806,2.08494388860806,0.71701176713851,-0.71701176713851,0.0995363865406207,-0.0995363865406207,1.58559288519768,-1.58559288519768,0.391872728377508,-0.391872728377508,-0.239739893198454,0.239739893198454,2.28473571966939,-2.28473571966939,0.0503538869399409,-0.0503538869399409,-0.0912172344635789,0.0912172344635789,0.681395028936466,-0.681395028936466,-0.491146290137947,0.491146290137947,0.38224372905278,-0.38224372905278,0.520256053456195,-0.520256053456195,-0.331828405549435,0.331828405549435,-0.604800337773147,0.604800337773147,-0.378069314311471,0.378069314311471,-0.271221505133593,0.271221505133593,-0.22965114679411,0.22965114679411,1.71508920467448,-1.71508920467448,-0.115722748984795,0.115722748984795,-1.25641253717874,1.25641253717874,-2.31701105285303,2.31701105285303,-0.0328391644246809,0.0328391644246809,0.921007989264315,-0.921007989264315,-1.1509958950602,1.1509958950602,0.894540872868631,-0.894540872868631,1.74621543992707,-1.74621543992707,-1.93118453759394,1.93118453759394,0.102109687678355,-0.102109687678355,1.64263187374761,-1.64263187374761,0.0402762252660572,-0.0402762252660572,-1.34716584028904,1.34716584028904,1.13678174513839,-1.13678174513839,0.503862869634182,-0.503862869634182,-0.926474393478874,0.926474393478874,-0.165032145133897,0.165032145133897,0.97337541284412,-0.97337541284412,-0.235868425176926,0.235868425176926,-0.346593850310871,0.346593850310871,-0.651263944992984,0.651263944992984,-0.219904595615996,0.219904595615996,0.399488127281514,-0.399488127281514,1.27829721393777,-1.27829721393777,-0.0346637852547746,0.0346637852547746,-0.0770642053290221,0.0770642053290221,0.531864767022587,-0.531864767022587,0.570680160282411,-0.570680160282411,3.24795923871643,-3.24795923871643,0.562117601939426,-0.562117601939426,0.23910371540049,-0.23910371540049,0.442761773544676,-0.442761773544676,0.356508652426218,-0.356508652426218,0.884370819568455,-0.884370819568455,-2.30480040406799,2.30480040406799,0.663781886690488,-0.663781886690488,-0.660975517783324,0.660975517783324,-0.627364744543238,0.627364744543238,-0.6861013888185,0.6861013888185,0.221458101800538,-0.221458101800538,0.029149981824377,-0.029149981824377,0.429825878635509,-0.429825878635509,0.230627350082596,-0.230627350082596,-0.454512475711546,0.454512475711546,-0.849591682445279,0.849591682445279,-1.07785175171779,1.07785175171779,-0.544238496832568,0.544238496832568,0.45967857492956,-0.45967857492956,-0.409476478774477,0.409476478774477,0.000804808385107221,-0.000804808385107221,0.291624671497266,-0.291624671497266,-0.862268943451797,0.862268943451797,-0.563074422760255,0.563074422760255,2.65727048568818,-2.65727048568818,-2.18051674080084,2.18051674080084,1.03853421996676,-1.03853421996676,-1.47317370325097,1.47317370325097,-0.49485529853148,0.49485529853148,-0.652897755917728,0.652897755917728,-0.543908519212694,0.543908519212694,-0.161985024618757,0.161985024618757,-1.74484823601467,1.74484823601467,-0.345682938692581,0.345682938692581,0.671096054657745,-0.671096054657745,-2.12230549911718,2.12230549911718,0.0404279141407357,-0.0404279141407357,-0.225078219626705,0.225078219626705,-0.437968834636939,0.437968834636939,0.272285533494938,-0.272285533494938,0.922059460722894,-0.922059460722894,0.85324921238871,-0.85324921238871,1.49919141286349,-1.49919141286349,0.0911394016769098,-0.0911394016769098,-1.99997993980261,1.99997993980261,-0.656901168571807,0.656901168571807,0.907219843229503,-0.907219843229503,0.111093188001436,-0.111093188001436,1.02368309322932,-1.02368309322932,0.642664185819178,-0.642664185819178,-0.0885805250852643,0.0885805250852643,0.29309230139374,-0.29309230139374,-1.09130171463465,1.09130171463465,0.22196747355363,-0.22196747355363,0.507583103295895,-0.507583103295895,1.26489816950447,-1.26489816950447,0.124963061334822,-0.124963061334822,0.525339581383349,-0.525339581383349,0.84960907073991,-0.84960907073991,0.105795657779668,-0.105795657779668,0.211537204047399,-0.211537204047399,0.205782063443307,-0.205782063443307,-0.719731891749996,0.719731891749996,-0.561015566022155,0.561015566022155,0.178929650830054,-0.178929650830054,-0.445238474366155,0.445238474366155,0.563838138336978,-0.563838138336978,-0.299922358376849,0.299922358376849,-0.0115346347302983,0.0115346347302983,-0.220188872876459,0.220188872876459,-0.0236812194135331,0.0236812194135331,-1.68943644153754,1.68943644153754,-1.22849278181655,1.22849278181655,-1.43225839316042,1.43225839316042,0.31027363099181,-0.31027363099181,0.213456371620184,-0.213456371620184,-1.67508794384443,1.67508794384443,1.8205824165759,-1.8205824165759,-0.832674508306555,0.832674508306555,-0.919071304477422,0.919071304477422,1.19114242610052,-1.19114242610052,0.0745847221357076,-0.0745847221357076,-1.63680093690542,1.63680093690542,0.487318179622662,-0.487318179622662,1.04280966259082,-1.04280966259082,-0.979208769016499,0.979208769016499,0.600448755744881,-0.600448755744881,-1.19858038202065,1.19858038202065,0.934914981050097,-0.934914981050097,-1.14521068891055,1.14521068891055,-0.184847051761795,0.184847051761795,0.530062708094843,-0.530062708094843,-2.21085616242766,2.21085616242766,-0.965127922701062,0.965127922701062,0.890853445573168,-0.890853445573168,-1.08464247181392,1.08464247181392,-1.32424199016704,1.32424199016704,0.0537843266527925,-0.0537843266527925,-0.599691059090901,0.599691059090901,0.476375693304872,-0.476375693304872,1.05066454314412,-1.05066454314412,-0.714648405052864,0.714648405052864,0.409984107579442,-0.409984107579442,-0.438661552963487,0.438661552963487,0.876646488746118,-0.876646488746118,-0.628367237041704,0.628367237041704,-0.366262447777911,0.366262447777911,0.76210573167011,-0.76210573167011,-0.907023059480324,0.907023059480324,0.112469072959657,-0.112469072959657,-0.662942046605524,0.662942046605524,0.934481753759688,-0.934481753759688,-0.314779961596778,0.314779961596778,0.82021867382059,-0.82021867382059,0.110752560650947,-0.110752560650947,-0.769455676871253,0.769455676871253,0.00794376851417116,-0.00794376851417116,0.613297783026658,-0.613297783026658,0.175989013860827,-0.175989013860827,1.8137544844248,-1.8137544844248,0.747678999568014,-0.747678999568014,-0.62376010632656,0.62376010632656,-0.0416956595750598,0.0416956595750598,-0.789222309504489,0.789222309504489,0.246886080337591,-0.246886080337591,-0.843379278791085,0.843379278791085,-0.314320138608879,0.314320138608879,-0.177379005030613,0.177379005030613,0.556549133855739,-0.556549133855739,1.33060311581643,-1.33060311581643,-1.79832797871349,1.79832797871349,-0.642156800513072,0.642156800513072,0.0260707339368408,-0.0260707339368408,1.79297768454759,-1.79297768454759,-1.08260562716219,1.08260562716219,1.07659802151554,-1.07659802151554,-1.59358964072753,1.59358964072753,0.439518303936026,-0.439518303936026,0.00388426434595719,-0.00388426434595719,-2.25525568844626,2.25525568844626,3.014974050587,-3.014974050587,-0.21712519356275,0.21712519356275,-0.0234388570733062,0.0234388570733062,-0.853563624774117,0.853563624774117,-1.27881873639476,1.27881873639476,1.43382194525062,-1.43382194525062,-0.929535740335662,0.929535740335662,0.912668848543698,-0.912668848543698,-0.558426742883297,0.558426742883297,0.123801277559022,-0.123801277559022,0.408995558110941,-0.408995558110941,-0.58693012952029,0.58693012952029,-0.545221792949176,0.545221792949176,-0.739495339353124,0.739495339353124,1.38434557571233,-1.38434557571233,-1.46686184936951,1.46686184936951,-0.388439414266889,0.388439414266889,0.856482678158662,-0.856482678158662,-0.111213075040851,0.111213075040851,-0.495272168953663,0.495272168953663,0.141495096357384,-0.141495096357384,0.380934996976448,-0.380934996976448,-1.36622416441651,1.36622416441651,2.57660200040938,-2.57660200040938,0.886744341827384,-0.886744341827384,-0.834385120156968,0.834385120156968,1.27330938723305,-1.27330938723305,0.0937258999935045,-0.0937258999935045,-0.672450058057149,0.672450058057149,1.24040919887022,-1.24040919887022,-1.73890328432534,1.73890328432534,1.1246818958451,-1.1246818958451,0.616165449179697,-0.616165449179697,0.222282080283243,-0.222282080283243,0.589037409377047,-0.589037409377047,-0.232947903116654,0.232947903116654,-0.19040953732448,0.19040953732448,0.900839327376683,-0.900839327376683,-2.1107250058874,2.1107250058874,1.37232371718079,-1.37232371718079,0.199220517405071,-0.199220517405071,-0.158863471442971,0.158863471442971,-0.585681792989418,0.585681792989418,-0.136100328430507,0.136100328430507,1.18926609216257,-1.18926609216257,0.599746210883508,-0.599746210883508,0.818126653519744,-0.818126653519744,-0.452042066523256,0.452042066523256,0.700527346314759,-0.700527346314759,1.93504429709246,-1.93504429709246,0.0736779608364875,-0.0736779608364875,0.460520257644055,-0.460520257644055,-1.10132413740477,1.10132413740477,-3.8767016163505,3.8767016163505,1.04052811001588,-1.04052811001588,0.0395215550851156,-0.0395215550851156,2.45460141526279,-2.45460141526279,-0.105238706369173,0.105238706369173,0.315826429715612,-0.315826429715612,0.132631647596096,-0.132631647596096,-0.299637516134815,0.299637516134815,-1.42388395959997,1.42388395959997,-0.670214061347152,0.670214061347152,-1.12950501613079,1.12950501613079,-0.281914361963925,0.281914361963925,0.964699084678197,-0.964699084678197,1.30170256622118,-1.30170256622118,1.78990426202504,-1.78990426202504,0.0449527704969133,-0.0449527704969133,1.03540031181809,-1.03540031181809,-1.32670829937829,1.32670829937829,-0.425547855170843,0.425547855170843,-0.132231743371004,0.132231743371004,0.832559632431141,-0.832559632431141,-1.4299689942106,1.4299689942106,1.37192990151479,-1.37192990151479,-0.968561094317644,0.968561094317644,1.83385342215365,-1.83385342215365,-0.405990830697016,0.405990830697016,-0.269278375397982,0.269278375397982,-2.33944584727168,2.33944584727168,0.0115283438613576,-0.0115283438613576,0.142463759753406,-0.142463759753406,0.704259051097813,-0.704259051097813,-0.182339868557234,0.182339868557234,-1.63968961270693,1.63968961270693,1.07896453829625,-1.07896453829625,-1.4460710341296,1.4460710341296,0.309860361830336,-0.309860361830336,0.100730013937101,-0.100730013937101,0.774920310703263,-0.774920310703263,-1.00171678125432,1.00171678125432,0.505933171586096,-0.505933171586096,0.249238988566677,-0.249238988566677,-1.17723600904253,1.17723600904253,0.150167977878878,-0.150167977878878,1.13909583254897,-1.13909583254897,-0.0841837679642846,0.0841837679642846,0.618345828419122,-0.618345828419122,-0.811575525046344,0.811575525046344,-0.392323823796895,0.392323823796895,-0.161328489502839,0.161328489502839,-1.76569193748371,1.76569193748371,-1.44362261813024,1.44362261813024,-1.90391781546295,1.90391781546295,1.36321449808025,-1.36321449808025,-0.390331995633063,0.390331995633063,1.16782129452523,-1.16782129452523,1.15395281157499,-1.15395281157499,-0.063951284057568,0.063951284057568,0.0416670537060438,-0.0416670537060438,-0.178852293944175,0.178852293944175,-1.36881253596108,1.36881253596108,-0.566126937635079,0.566126937635079,-0.504290207943954,0.504290207943954,-0.34728835884606,0.34728835884606,-0.0890621368647746,0.0890621368647746,-1.44463516646114,1.44463516646114,-0.0675535845453244,0.0675535845453244,0.427093256524638,-0.427093256524638,0.330197775322823,-0.330197775322823,0.544032740846671,-0.544032740846671,0.338134802668221,-0.338134802668221,0.44575875972235,-0.44575875972235,-0.697801250005316,0.697801250005316,0.06594287809768,-0.06594287809768,-0.899544019046012,0.899544019046012,-0.039736973335638,0.039736973335638,-1.08148956077715,1.08148956077715,-0.634960285161807,0.634960285161807,-0.959125695067909,0.959125695067909,0.0237192036997843,-0.0237192036997843,-0.560979019935868,0.560979019935868,0.615780350524716,-0.615780350524716,-0.459257531790279,0.459257531790279,1.19960331358544,-1.19960331358544,0.152439744760364,-0.152439744760364,3.34238525651423,-3.34238525651423,-0.898930932472227,0.898930932472227,-0.596237582664078,0.596237582664078,0.0289047185794753,-0.0289047185794753,1.80083468495802,-1.80083468495802,0.0690332729739405,-0.0690332729739405,-0.483679528045711,0.483679528045711,1.41084178407419,-1.41084178407419,-0.447372573104942,0.447372573104942,2.1713408397392,-2.1713408397392,-0.243053332785995,0.243053332785995,-0.371189807736983,0.371189807736983,-0.895363243463744,0.895363243463744,-0.155140775474796,0.155140775474796,0.184623830787736,-0.184623830787736,-0.0554471509619028,0.0554471509619028,-0.905300389780152,0.905300389780152,-0.0723049624568865,0.0723049624568865,0.541491554510298,-0.541491554510298,2.28210622996725,-2.28210622996725,0.399335170011234,-0.399335170011234,0.706153815108614,-0.706153815108614,-0.705759767565775,0.705759767565775,0.323867856789706,-0.323867856789706,0.465206195178438,-0.465206195178438,0.433873662544418,-0.433873662544418,-1.48652163432449,1.48652163432449,-0.535671408390584,0.535671408390584,-1.51557395865293,1.51557395865293,1.92711340009013,-1.92711340009013,1.51210532755892,-1.51210532755892,-0.273096762265332,0.273096762265332,0.661114870907619,-0.661114870907619,0.317872976097035,-0.317872976097035,0.317371199225003,-0.317371199225003,0.00136850452031735,-0.00136850452031735,1.58529497563396,-1.58529497563396,-1.33744027847776,1.33744027847776,0.920561732152631,-0.920561732152631,-0.715330441305449,0.715330441305449,0.286843951283318,-0.286843951283318,0.785807596720209,-0.785807596720209,-0.87647035943258,0.87647035943258,-0.840858844545654,0.840858844545654,0.0760281360903106,-0.0760281360903106,-0.631960139997064,0.631960139997064,-2.21316443099308,2.21316443099308,-0.72240316369178,0.72240316369178,0.0142909777168346,-0.0142909777168346,0.158273320020626,-0.158273320020626,-0.166702225076267,0.166702225076267,0.334875363819128,-0.334875363819128,-0.984699341850682,0.984699341850682,-0.00956963960918907,0.00956963960918907,0.0749747753554931,-0.0749747753554931,0.572221142629004,-0.572221142629004,1.24421680785247,-1.24421680785247,1.63123324571698,-1.63123324571698,-0.298719506063005,0.298719506063005,0.231343021543643,-0.231343021543643,-1.71061803249921,1.71061803249921,0.473876731461317,-0.473876731461317,1.27851591384379,-1.27851591384379,-0.0248526145141517,0.0248526145141517,-0.768016547262437,0.768016547262437,0.144930516631652,-0.144930516631652,1.50159673054242,-1.50159673054242,1.13164421030836,-1.13164421030836,0.97782220269791,-0.97782220269791,-1.30114083976174,1.30114083976174,0.203953752912863,-0.203953752912863,0.016992037922225,-0.016992037922225,1.36239621591764,-1.36239621591764,-1.91325700777234,1.91325700777234,-0.197209731813624,0.197209731813624,-0.703814526587011,0.703814526587011,-0.487180207904497,0.487180207904497,-0.581717545114436,0.581717545114436,-0.687281322255624,0.687281322255624,-1.03109049040515,1.03109049040515,-1.62914333361405,1.62914333361405,0.440616640817417,-0.440616640817417,-2.03658622334319,2.03658622334319,-0.327164772639576,0.327164772639576,1.15549579833304,-1.15549579833304,-0.281858759432319,0.281858759432319,-0.226658192198467,0.226658192198467,0.10618944323862,-0.10618944323862,0.358452662325718,-0.358452662325718,-0.0948294340809663,0.0948294340809663,-0.324819069871439,0.324819069871439,-0.733562746144738,0.733562746144738,0.29742948538093,-0.29742948538093,0.823715067597263,-0.823715067597263,-0.903075155739894,0.903075155739894,1.14905717065377,-1.14905717065377,1.30302448566533,-1.30302448566533,1.72694862183054,-1.72694862183054,0.714214331369315,-0.714214331369315,-1.13238041392714,1.13238041392714,0.123956578951624,-0.123956578951624,0.467639822673767,-0.467639822673767,1.24433212604167,-1.24433212604167,-0.680589403686589,0.680589403686589,0.636684522483574,-0.636684522483574,1.0743133645237,-1.0743133645237,0.99638633785626,-0.99638633785626,-0.192304625137928,0.192304625137928,0.0868393341398273,-0.0868393341398273,-0.0973366675968331,0.0973366675968331,1.11814563025728,-1.11814563025728,1.50353046874408,-1.50353046874408,-0.476754382504085,0.476754382504085,0.915665757872773,-0.915665757872773,0.15841511224878,-0.15841511224878,1.58375934348935,-1.58375934348935,-1.52422219265131,1.52422219265131,1.50159679724759,-1.50159679724759,-0.0110665487383694,0.0110665487383694,-0.111816423171501,0.111816423171501,-0.502766693233461,0.502766693233461,0.3879597243,-0.3879597243,1.41276335876428,-1.41276335876428,-0.220828960823897,0.220828960823897,2.40947873871121,-2.40947873871121,-0.0487613998760512,0.0487613998760512,-0.08731416084976,0.08731416084976,0.984936723311762,-0.984936723311762,-0.111248561803459,0.111248561803459,-0.187872719719081,0.187872719719081,-1.59551467245557,1.59551467245557,0.828345372535614,-0.828345372535614,-1.12825236019662,1.12825236019662,-1.33804042389772,1.33804042389772,0.00500777320842368,-0.00500777320842368,-0.349860507858233,0.349860507858233,0.390636594416835,-0.390636594416835,-0.394835304509038,0.394835304509038,1.12829027246474,-1.12829027246474,-1.0114719912602,1.0114719912602,0.629537889372774,-0.629537889372774,0.43782116011408,-0.43782116011408,-0.53781437900385,0.53781437900385,0.06754978819915,-0.06754978819915,0.139320643272082,-0.139320643272082,0.927373392775066,-0.927373392775066,0.254258143403119,-0.254258143403119,-0.277902247603869,0.277902247603869,-0.109538796859542,0.109538796859542,-1.20493645731377,1.20493645731377,0.307223315313558,-0.307223315313558,0.159104661140311,-0.159104661140311,-1.12000665906616,1.12000665906616,-1.81230923555397,1.81230923555397,0.195352840887525,-0.195352840887525,-2.29839817189986,2.29839817189986,-1.92068450790607,1.92068450790607,-1.23907072755839,1.23907072755839,-0.511892354019308,0.511892354019308,-0.996138396841752,0.996138396841752,-0.448731384666124,0.448731384666124,-0.266702104170744,0.266702104170744,-1.12230898266634,1.12230898266634,-0.335032539819852,0.335032539819852,0.786909118209949,-0.786909118209949,0.533421567246639,-0.533421567246639,-0.309239365559387,0.309239365559387,0.0621452326756975,-0.0621452326756975,1.96215902337904,-1.96215902337904,0.759152972056029,-0.759152972056029,-0.138474304413535,0.138474304413535,-1.13954189337087,1.13954189337087,0.335751397427706,-0.335751397427706,2.0344532031958,-2.0344532031958,0.454680768902234,-0.454680768902234,-1.10820158949485,1.10820158949485,-0.486741790567971,0.486741790567971,-1.11300687036613,1.11300687036613,-0.698699925420397,0.698699925420397,-0.425293456057101,0.425293456057101,-0.836345753166197,0.836345753166197,0.485225763388569,-0.485225763388569,-1.16215667481094,1.16215667481094,0.23542832098508,-0.23542832098508,0.929745781384181,-0.929745781384181,-0.184288196070594,0.184288196070594,0.272320313436352,-0.272320313436352,0.679349708141801,-0.679349708141801,-0.35300263982748,0.35300263982748,0.939635574477415,-0.939635574477415,-1.18720019942588,1.18720019942588,-0.405965396369714,0.405965396369714,1.19743599961533,-1.19743599961533,-0.975588909645176,0.975588909645176,0.293154290324613,-0.293154290324613,0.746853918892848,-0.746853918892848,0.0047579042814798,-0.0047579042814798,0.873383338196131,-0.873383338196131,0.147553480911414,-0.147553480911414,-0.577963773497937,0.577963773497937,-0.263984348560436,0.263984348560436,-0.108451727525564,0.108451727525564,-1.72609121232042,1.72609121232042,0.463698573664007,-0.463698573664007,1.02548396271811,-1.02548396271811,1.3135480007383,-1.3135480007383,0.0334251444568631,-0.0334251444568631,0.0325233577793058,-0.0325233577793058,-0.449148151342908,0.449148151342908,-1.11214904862223,1.11214904862223,-0.144123210989598,0.144123210989598,-1.02654623962793,1.02654623962793,0.288792858710717,-0.288792858710717,-0.41416864257638,0.41416864257638,-0.147510688741109,0.147510688741109,-0.805582516003306,0.805582516003306,0.410554870338238,-0.410554870338238,-1.65344316505173,1.65344316505173,0.810112529600233,-0.810112529600233,-1.67865586383544,1.67865586383544,0.391827801472671,-0.391827801472671,0.537696939932201,-0.537696939932201,0.992966450076664,-0.992966450076664,-0.658440037700194,0.658440037700194,-0.663079224264468,0.663079224264468,1.20550739485909,-1.20550739485909,-0.0527980620927341,0.0527980620927341,-0.390650858581151,0.390650858581151,-0.824345571824893,0.824345571824893,1.4384239750756,-1.4384239750756,0.452422628447151,-0.452422628447151,-0.450056277576201,0.450056277576201,0.238755146003865,-0.238755146003865,-0.975325800437612,0.975325800437612,0.130450819987223,-0.130450819987223,1.7000547418393,-1.7000547418393,-1.85721895394344,1.85721895394344,-0.374408085354426,0.374408085354426,-0.123708779534328,0.123708779534328,-2.13683542436124,2.13683542436124,0.537093685709031,-0.537093685709031,-2.67611335422747,2.67611335422747,-0.368804836461492,0.368804836461492,-1.28524327386117,1.28524327386117,1.05783904014607,-1.05783904014607,-0.220366872885963,0.220366872885963,1.13451050106102,-1.13451050106102,0.881735468840229,-0.881735468840229,-0.965060187949664,0.965060187949664,-0.419316258575031,0.419316258575031,0.362871654295852,-0.362871654295852,0.492136828290832,-0.492136828290832,-0.00894981518713037,0.00894981518713037,-1.88256881308604,1.88256881308604,1.77453139810671,-1.77453139810671,-1.84488343867302,1.84488343867302,-0.283840924067638,0.283840924067638,-2.40529313918174,2.40529313918174,-0.504562313297687,0.504562313297687,0.852775992854908,-0.852775992854908,-1.73284805148955,1.73284805148955,-0.938349085602359,0.938349085602359,0.594459360098571,-0.594459360098571,1.30377090062197,-1.30377090062197,1.48045993842581,-1.48045993842581,-0.12085023360053,0.12085023360053,0.896022212061109,-0.896022212061109,-0.994763144907291,0.994763144907291,0.367236077239347,-0.367236077239347,0.729331132752556,-0.729331132752556,0.212346004035034,-0.212346004035034,-0.0609299037929478,0.0609299037929478,-0.188247533768447,0.188247533768447,0.602852163210585,-0.602852163210585,0.428991771982541,-0.428991771982541,0.00492792145616653,-0.00492792145616653,-1.06579937540362,1.06579937540362,-0.380248722062594,0.380248722062594,1.47289348973185,-1.47289348973185,-0.862203786971386,0.862203786971386,0.127278279318971,-0.127278279318971,-0.704210379560779,0.704210379560779,-1.85667548401516,1.85667548401516,0.292568117483753,-0.292568117483753,0.672104168175683,-0.672104168175683,0.418309420680024,-0.418309420680024,-0.216003164332726,0.216003164332726,2.2996191830034,-2.2996191830034,-0.339612279964992,0.339612279964992,0.0643914455274425,-0.0643914455274425,0.276529114902551,-0.276529114902551,0.404770659411906,-0.404770659411906,0.286521780670355,-0.286521780670355,-0.494195836455278,0.494195836455278,-0.366079586881013,0.366079586881013,1.62249125122902,-1.62249125122902,0.160470439517666,-0.160470439517666,0.92454947173363,-0.92454947173363,1.77278862572977,-1.77278862572977,-0.433137747470696,0.433137747470696,-0.267407903200077,0.267407903200077,-0.462973339417888,0.462973339417888,-0.629238876007525,0.629238876007525,0.0143897369224546,-0.0143897369224546,1.66165866320342,-1.66165866320342,1.44349535523569,-1.44349535523569,0.433088713974454,-0.433088713974454,-0.11705075595156,0.11705075595156,-0.482471871887879,0.482471871887879,-0.793257392047913,0.793257392047913,-1.21267656893287,1.21267656893287,0.631631820921432,-0.631631820921432,-1.19768893066797,1.19768893066797,2.61080500451337,-2.61080500451337,0.789386305452135,-0.789386305452135,-1.27416983466368,1.27416983466368,0.485706934239738,-0.485706934239738,-0.142089968198503,0.142089968198503,-0.837953612543621,0.837953612543621,-0.515323977755837,0.515323977755837,0.659161488814886,-0.659161488814886,-0.401838818476466,0.401838818476466,0.750386296520587,-0.750386296520587,2.27541500977914,-2.27541500977914,0.615226139275663,-0.615226139275663,-1.99719202613849,1.99719202613849,0.185484105622159,-0.185484105622159,-0.124839680166619,0.124839680166619,-0.910773772307562,0.910773772307562,-1.30432125644601,1.30432125644601,0.934132956937734,-0.934132956937734,1.33686532762186,-1.33686532762186,-0.732178096931581,0.732178096931581,0.610767113805145,-0.610767113805145,0.535437919008842,-0.535437919008842,-1.17037727747694,1.17037727747694,-0.737408941647964,0.737408941647964,-0.186744456794077,0.186744456794077,-0.73691881667314,0.73691881667314,1.92788111290899,-1.92788111290899,0.703495392052542,-0.703495392052542,0.961635410970856,-0.961635410970856,0.136730591068414,-0.136730591068414,-0.743175797250136,0.743175797250136,-0.474494842154437,0.474494842154437,1.23856935756556,-1.23856935756556,0.570882977952374,-0.570882977952374,1.09228678011221,-1.09228678011221,0.408752789997138,-0.408752789997138,-1.3281992530389,1.3281992530389,0.231446672140249,-0.231446672140249,-1.3546510352277,1.3546510352277,0.566231204485439,-0.566231204485439,-0.209347275131013,0.209347275131013,0.27588014311123,-0.27588014311123,-0.307543353238879,0.307543353238879,0.676950824691539,-0.676950824691539,-0.0504641255168283,0.0504641255168283,0.0789325671762188,-0.0789325671762188,0.523949309897129,-0.523949309897129,0.511920920012267,-0.511920920012267,-0.797279653921388,0.797279653921388,-0.268643757632496,0.268643757632496,0.401795421084547,-0.401795421084547,-0.387177958776994,0.387177958776994,-1.27675170985463,1.27675170985463,0.117314356601844,-0.117314356601844,-0.942227266416108,0.942227266416108,-0.62385209576829,0.62385209576829,-0.483108543441468,0.483108543441468,0.358580130115403,-0.358580130115403,0.951544917554048,-0.951544917554048,0.365632690795548,-0.365632690795548,-0.271294577976543,0.271294577976543,-0.476888799885162,0.476888799885162,1.42792771801846,-1.42792771801846,-0.211619059819347,0.211619059819347,-2.71389150066032,2.71389150066032,2.7294491134591,-2.7294491134591,-0.348716135656716,0.348716135656716,0.522032007655536,-0.522032007655536,1.39608981620714,-1.39608981620714,0.998753651735762,-0.998753651735762,0.350178884888972,-0.350178884888972,-1.27491973503826,1.27491973503826,-0.675759968616785,0.675759968616785,-1.53551669606819,1.53551669606819,0.463129403619471,-0.463129403619471,-0.895335165040253,0.895335165040253,-0.891093200317232,0.891093200317232,0.154126148364226,-0.154126148364226,0.696326263785423,-0.696326263785423,0.719955170082101,-0.719955170082101,-0.41300049173681,0.41300049173681,-1.48990937245784,1.48990937245784,-1.15076097209379,1.15076097209379,-0.422806094201267,0.422806094201267,1.0266833787829,-1.0266833787829,-0.279338731238156,0.279338731238156,-1.05183289723209,1.05183289723209,1.46639366076464,-1.46639366076464,0.522154636572645,-0.522154636572645,-2.04004124771264,2.04004124771264,0.330361451914095,-0.330361451914095,-0.458181502232747,0.458181502232747,-1.61801128593056,1.61801128593056,2.18081796579324,-2.18081796579324,1.44055215216088,-1.44055215216088,-1.50758273206137,1.50758273206137,-1.14580856739804,1.14580856739804,-0.303161362917075,0.303161362917075,-1.05309610483688,1.05309610483688,-0.849590152615321,0.849590152615321,0.380521067910698,-0.380521067910698,-1.42384418758944,1.42384418758944,-0.522106114188019,0.522106114188019,0.334780970670245,-0.334780970670245,0.320918629772006,-0.320918629772006,-1.08259991641397,1.08259991641397,0.628384169404702,-0.628384169404702,0.771516936228427,-0.771516936228427,-0.824507402791783,0.824507402791783,-0.165414897251084,0.165414897251084,0.814829265965891,-0.814829265965891,-1.94908670787164,1.94908670787164,-0.423308185051258,0.423308185051258,-0.937540103739735,0.937540103739735,-0.198436082839754,0.198436082839754,1.2787094859234,-1.2787094859234,0.432218849899,-0.432218849899,0.80070794639942,-0.80070794639942,-1.12161893500293,1.12161893500293,-1.54879883991728,1.54879883991728,0.326024792183605,-0.326024792183605,-0.184827844277301,0.184827844277301,0.550013691408776,-0.550013691408776,-0.433675976948475,0.433675976948475,1.29837273089533,-1.29837273089533,-0.969685579413017,0.969685579413017,2.00740441675284,-2.00740441675284,0.0642517264673476,-0.0642517264673476,1.10635711653654,-1.10635711653654,1.77345885288292,-1.77345885288292,0.0677053104763795,-0.0677053104763795,0.589485817730244,-0.589485817730244,0.485223268889225,-0.485223268889225,0.105162521131917,-0.105162521131917,0.442140921127714,-0.442140921127714,-0.875900154413663,0.875900154413663,0.682454823290731,-0.682454823290731,-1.68580375708101,1.68580375708101,-1.55876462679319,1.55876462679319,1.16043527064632,-1.16043527064632,-1.22136746501165,1.22136746501165,-1.1305176104428,1.1305176104428,1.71191747513507,-1.71191747513507,0.781316922627439,-0.781316922627439,0.12689817227256,-0.12689817227256,0.631920210467794,-0.631920210467794,-0.453035209695297,0.453035209695297,-0.589852728277322,0.589852728277322,-1.36441819205927,1.36441819205927,1.96846737242428,-1.96846737242428,0.622977684564452,-0.622977684564452,1.59712905196189,-1.59712905196189,-0.326142285976383,0.326142285976383,-1.03189069073871,1.03189069073871,1.44493338224832,-1.44493338224832,-1.74167358357398,1.74167358357398,0.179716244617585,-0.179716244617585,-0.10505203124987,0.10505203124987,-0.960410767644594,0.960410767644594,0.456761228915137,-0.456761228915137,0.404892930563981,-0.404892930563981,-0.898210216311796,0.898210216311796,0.351573396876719,-0.351573396876719,1.51053201661577,-1.51053201661577,0.104379819514734,-0.104379819514734,0.568417778250752,-0.568417778250752,-1.84906855862317,1.84906855862317,0.641516153958897,-0.641516153958897,-0.114078542994621,0.114078542994621,0.304544625687449,-0.304544625687449,0.626713844050251,-0.626713844050251,-0.655150151202132,0.655150151202132,-0.225608139125751,0.225608139125751,-0.201667707953991,0.201667707953991,0.0508690488406731,-0.0508690488406731,-1.40627705010672,1.40627705010672,1.06667152467695,-1.06667152467695,-1.86519696662456,1.86519696662456,-0.642623423681347,0.642623423681347,1.34918832144326,-1.34918832144326,-0.300898646465537,0.300898646465537,0.510365097402135,-0.510365097402135,-0.102956403013245,0.102956403013245,0.271420285659228,-0.271420285659228,1.21389145625445,-1.21389145625445,-0.745137455569027,0.745137455569027,2.65611783222551,-2.65611783222551,1.48911694685161,-1.48911694685161,0.677979702865797,-0.677979702865797,-2.52088524265366,2.52088524265366,-0.766493069941817,0.766493069941817,0.440214385288057,-0.440214385288057,2.00871607290117,-2.00871607290117,-1.00541457927299,1.00541457927299,-0.704995717561295,0.704995717561295,-1.16141640758506,1.16141640758506,-0.641043969899267,0.641043969899267,-1.57452094215817,1.57452094215817,-0.728590875118461,0.728590875118461,0.0203743573273956,-0.0203743573273956,2.0300832042021,-2.0300832042021,-0.195979788258038,0.195979788258038,0.0587080804508776,-0.0587080804508776,-0.260531920591651,0.260531920591651,1.85042143538744,-1.85042143538744,-0.0819445215249382,0.0819445215249382,-0.917960268600914,0.917960268600914,0.571462099309311,-0.571462099309311,-0.263761497207923,0.263761497207923,0.724615036837545,-0.724615036837545,0.134481398544724,-0.134481398544724,0.147775922498354,-0.147775922498354,0.960346805167366,-0.960346805167366,-0.918736512579176,0.918736512579176,-0.512162683849803,0.512162683849803,1.0303781363278,-1.0303781363278,1.35354038044584,-1.35354038044584,-0.398639202373253,0.398639202373253,1.6272412824116,-1.6272412824116,-1.43421221628475,1.43421221628475,0.948118516959546,-0.948118516959546,-0.607821217699493,0.607821217699493,2.0817673385049,-2.0817673385049,1.01530581050333,-1.01530581050333,1.0365128166124,-1.0365128166124,0.282484451305177,-0.282484451305177,-0.1445746783654,0.1445746783654,-1.54035632150126,1.54035632150126,-0.746213258065711,0.746213258065711,-0.73693893037689,0.73693893037689,-0.323672566509188,0.323672566509188,0.291082580047133,-0.291082580047133,-0.739048178460934,0.739048178460934,-0.104702389889411,0.104702389889411,0.805930545521503,-0.805930545521503,-0.804964577506206,0.804964577506206,2.21569302661507,-2.21569302661507,-0.672609102172194,0.672609102172194,-0.609347351635982,0.609347351635982,0.0519228380372707,-0.0519228380372707,0.664171713680944,-0.664171713680944,-0.87035308963179,0.87035308963179,-1.20558997402241,1.20558997402241,1.59063377935219,-1.59063377935219,-1.10929309229205,1.10929309229205,-0.954156738987921,0.954156738987921,0.779442551209049,-0.779442551209049,-1.71751991634532,1.71751991634532,-0.2744043843913,0.2744043843913,0.880403834824971,-0.880403834824971,0.261107350605483,-0.261107350605483,0.378817273435667,-0.378817273435667,0.629437813843705,-0.629437813843705,-0.167153134072843,0.167153134072843,-2.09693290485858,2.09693290485858,1.10723701199547,-1.10723701199547,-1.49562618002569,1.49562618002569,1.1771246772114,-1.1771246772114,0.946675294633179,-0.946675294633179,0.359278218523771,-0.359278218523771,1.40412894739797,-1.40412894739797,0.0744637204882659,-0.0744637204882659,-0.872616719603443,0.872616719603443,0.987140938524342,-0.987140938524342,-0.111843989351558,0.111843989351558,-2.6863801266768,2.6863801266768,-0.210506530081689,0.210506530081689,0.353995889641804,-0.353995889641804,-0.841438568404878,0.841438568404878,-0.853296472943781,0.853296472943781,0.673470835158091,-0.673470835158091,-0.971433550625505,0.971433550625505,1.01763784646199,-1.01763784646199,0.02183637419994,-0.02183637419994,-1.31716488989751,1.31716488989751,0.700160946955777,-0.700160946955777,1.16467137539033,-1.16467137539033,0.0488535364785334,-0.0488535364785334,0.579304459115996,-0.579304459115996,-0.508706529235272,0.508706529235272,-0.77281485396639,0.77281485396639,0.122630794250253,-0.122630794250253,-1.47697322545413,1.47697322545413,0.979653670680918,-0.979653670680918,-0.859691458874902,0.859691458874902,-0.725839735986569,0.725839735986569,-1.15952993510593,1.15952993510593,0.556591007117863,-0.556591007117863,-1.08648976017472,1.08648976017472,-1.123287331565,1.123287331565,0.264741373119103,-0.264741373119103,-0.483769015954466,0.483769015954466,-1.15666391216465,1.15666391216465,0.544501599579908,-0.544501599579908,0.542693405865103,-0.542693405865103,1.11766994248604,-1.11766994248604,-1.28196915073216,1.28196915073216,1.17337162765714,-1.17337162765714,0.793968683497124,-0.793968683497124,-0.372673251911356,0.372673251911356,-0.746336885942864,0.746336885942864,0.43699843098063,-0.43699843098063,-0.559601910046063,0.559601910046063,1.26443873184486,-1.26443873184486,-0.0692091586853893,0.0692091586853893,0.467143137581266,-0.467143137581266,1.40954725364097,-1.40954725364097,-1.2071509364685,1.2071509364685,0.852763004579128,-0.852763004579128,1.69795763163381,-1.69795763163381,-0.99502914367384,0.99502914367384,-0.139959928656876,0.139959928656876,0.741290335565925,-0.741290335565925,-0.605761623048684,0.605761623048684,0.175691040253161,-0.175691040253161,0.788371638583846,-0.788371638583846,-2.23213095564605,2.23213095564605,-0.941086143668838,0.941086143668838,0.755338677961266,-0.755338677961266,0.195691452006073,-0.195691452006073,-0.405364487902092,0.405364487902092,1.58614493749262,-1.58614493749262,1.44028855515705,-1.44028855515705,-0.556772050051911,0.556772050051911,-0.320799668281014,0.320799668281014,-0.508456559290247,0.508456559290247,-0.576337392514919,0.576337392514919,-0.691967232123084,0.691967232123084,1.95594047233053,-1.95594047233053,-0.901289109377515,0.901289109377515,0.210692692790357,-0.210692692790357,-1.49860241970669,1.49860241970669,0.789839227447807,-0.789839227447807,1.28193636672956,-1.28193636672956,-0.0577625114015963,0.0577625114015963,-1.80676640721677,1.80676640721677,0.836222803164686,-0.836222803164686,0.657819175845798,-0.657819175845798,-0.880128205257258,0.880128205257258,0.497621107713825,-0.497621107713825,-0.710642347603164,0.710642347603164,1.55496841146287,-1.55496841146287,1.16322658643698,-1.16322658643698,1.87529000612852,-1.87529000612852,1.09578052683155,-1.09578052683155,1.91821479464924,-1.91821479464924,-1.8606267111777,1.8606267111777,-0.444703585578798,0.444703585578798,-0.323268724679165,0.323268724679165,-0.568265107718565,0.568265107718565,-1.13732307756427,1.13732307756427,0.778061713267549,-0.778061713267549,-0.296603949784206,0.296603949784206,-0.668312369166079,0.668312369166079,1.27659644620161,-1.27659644620161,-1.38762662279377,1.38762662279377,0.371107684404568,-0.371107684404568,-2.1451465005749,2.1451465005749,-1.18416097580239,1.18416097580239,0.968586716053598,-0.968586716053598,-1.04541028809022,1.04541028809022,0.313539693399825,-0.313539693399825,-1.72880975366621,1.72880975366621,0.969499815265396,-0.969499815265396,-0.851562855074716,0.851562855074716,-1.07828395222776,1.07828395222776,-1.53504864517011,1.53504864517011,-0.537030218767973,0.537030218767973,-0.313467036662576,0.313467036662576,-1.13894847331206,1.13894847331206,0.0467276081767602,-0.0467276081767602,0.283303709074416,-0.283303709074416,0.512886041778563,-0.512886041778563,-1.79066229586126,1.79066229586126,-0.813838378477644,0.813838378477644,-1.54458264040584,1.54458264040584,-0.534239532016617,0.534239532016617,-0.230362935596682,0.230362935596682,0.432814855327998,-0.432814855327998,0.0933434844165517,-0.0933434844165517,0.244785374993992,-0.244785374993992,0.713850752643672,-0.713850752643672,0.522992262641663,-0.522992262641663,0.052547743690396,-0.052547743690396,-0.0817583825824272,0.0817583825824272,-0.760616329954029,0.760616329954029,-1.30469548757414,1.30469548757414,-1.67760745548714,1.67760745548714,-0.656769675753377,0.656769675753377,-0.885551888304205,0.885551888304205,-0.386124201962667,0.386124201962667,1.79789129753109,-1.79789129753109,-1.23727465383749,1.23727465383749,0.920408286967838,-0.920408286967838,-0.331339184210965,0.331339184210965,-0.297765583570947,0.297765583570947,-0.666829858221669,0.666829858221669,0.865967827356878,-0.865967827356878,-1.93212338678396,1.93212338678396,0.234814749900088,-0.234814749900088,-0.270358808087364,0.270358808087364,-0.605459366330272,0.605459366330272,-1.79658208729477,1.79658208729477,0.394866086487494,-0.394866086487494,-1.53061708005038,1.53061708005038,-0.338225257489493,0.338225257489493,-1.96441187574917,1.96441187574917,0.368638905205963,-0.368638905205963,1.13874636085033,-1.13874636085033,0.0693377452699912,-0.0693377452699912,0.521054377267237,-0.521054377267237,0.902236790988514,-0.902236790988514,-1.18751000571369,1.18751000571369,0.0358781029101515,-0.0358781029101515,0.863312267408489,-0.863312267408489,-0.0782838380113382,0.0782838380113382,-1.85252188259273,1.85252188259273,-1.36871357904592,1.36871357904592,-0.302906342105754,0.302906342105754,1.04389634076091,-1.04389634076091,0.87097265797718,-0.87097265797718,-0.263843411418677,0.263843411418677,-0.736400286416195,0.736400286416195,-1.02436666263517,1.02436666263517,0.777524330772106,-0.777524330772106,0.218158873958714,-0.218158873958714,-0.797025007565767,0.797025007565767,0.578175937122852,-0.578175937122852,0.309956212283012,-0.309956212283012,-0.570351068789716,0.570351068789716,0.312384530015572,-0.312384530015572,-0.309628896201509,0.309628896201509,0.424373181046126,-0.424373181046126,0.924093176639527,-0.924093176639527,0.756649628471755,-0.756649628471755,-0.347376040893667,0.347376040893667,1.10703705455405,-1.10703705455405,0.924614525269897,-0.924614525269897,0.355281197933352,-0.355281197933352,-2.41221973800575,2.41221973800575,0.252865919147459,-0.252865919147459,0.277728871238578,-0.277728871238578,0.151019424636441,-0.151019424636441,-0.230588002569516,0.230588002569516,-0.210216602327549,0.210216602327549,-0.173497771458872,0.173497771458872,-0.255328957507682,0.255328957507682,0.54292406873608,-0.54292406873608,0.475047477090655,-0.475047477090655,2.0676406120329,-2.0676406120329,0.0560949118221009,-0.0560949118221009,0.2308960186888,-0.2308960186888,-0.37437667055357,0.37437667055357,-0.642184432537477,0.642184432537477,1.06750839767577,-1.06750839767577,-1.94466303122052,1.94466303122052,0.674432434512233,-0.674432434512233,0.373984243353272,-0.373984243353272,-0.259998782575123,0.259998782575123,1.1743039763976,-1.1743039763976,0.41499774884482,-0.41499774884482,0.311319831979719,-0.311319831979719,0.486788768973717,-0.486788768973717,-0.257261823482265,0.257261823482265,-0.863248871332211,0.863248871332211,-0.468268699726626,0.468268699726626,-0.629032419770553,0.629032419770553,0.0646089441755698,-0.0646089441755698,0.141471070094502,-0.141471070094502,0.510719715859354,-0.510719715859354,-1.71419779799353,1.71419779799353,-0.731512651554567,0.731512651554567,1.04004184681382,-1.04004184681382,-0.190396757843347,0.190396757843347,-0.183155581377265,0.183155581377265,-0.326976025174116,0.326976025174116,0.391472332569052,-0.391472332569052,1.50337582248922,-1.50337582248922,-0.699642934227411,0.699642934227411,1.86490986821332,-1.86490986821332,-0.266947816245591,0.266947816245591,0.0990461650652691,-0.0990461650652691,-1.35796382412191,1.35796382412191,0.800741819884977,-0.800741819884977,0.403368516649783,-0.403368516649783,-0.217733875766385,0.217733875766385,1.12776361558984,-1.12776361558984,-0.778203801172671,0.778203801172671,-1.49987276234394,1.49987276234394,1.33778939505308,-1.33778939505308,-0.391165066644215,0.391165066644215,1.1018129338748,-1.1018129338748,-0.894723078300348,0.894723078300348,-1.01510012139613,1.01510012139613,-2.14501413045709,2.14501413045709,-0.588458200207967,0.588458200207967,-2.10221799911948,2.10221799911948,-0.294466238803032,0.294466238803032,0.80152056246031,-0.80152056246031,-0.423297050611602,0.423297050611602,0.0342460059599316,-0.0342460059599316,-0.126749736397358,0.126749736397358,1.49881677049343,-1.49881677049343,1.04909486823771,-1.04909486823771,-0.244633887943507,0.244633887943507,0.42015782168134,-0.42015782168134,-0.174943803519707,0.174943803519707,0.0970349986382163,-0.0970349986382163,1.22521218615309,-1.22521218615309,-0.238638608421024,0.238638608421024,-0.572742711729424,0.572742711729424,-0.614070814784968,0.614070814784968,-0.568031583831383,0.568031583831383,-1.68378089853286,1.68378089853286,0.13217772248357,-0.13217772248357,1.7847227786614,-1.7847227786614,0.304898158988211,-0.304898158988211,0.472500291287807,-0.472500291287807,-0.017164115873259,0.017164115873259,-0.121589689632721,0.121589689632721,1.32867783127455,-1.32867783127455,1.63422188031416,-1.63422188031416,-0.168804835732374,0.168804835732374,0.402466227567893,-0.402466227567893,-0.0609798090334539,0.0609798090334539,-0.946469594274428,0.946469594274428,-0.659142149108134,0.659142149108134,-1.61753402073234,1.61753402073234,-0.125566665981141,0.125566665981141,0.580761559458867,-0.580761559458867,0.596813701285686,-0.596813701285686,-0.295131180734015,0.295131180734015,0.165312433370938,-0.165312433370938,0.525823498013632,-0.525823498013632,-0.417995243400926,0.417995243400926,0.00372629684381013,-0.00372629684381013,1.96710205745795,-1.96710205745795,-0.234731691484499,0.234731691484499,0.387296255143389,-0.387296255143389,-0.639137556856413,0.639137556856413,-0.811759860904193,0.811759860904193,-0.984269615509239,0.984269615509239,1.90009334339699,-1.90009334339699,0.803797906695486,-0.803797906695486,-0.363170670949794,0.363170670949794,0.534903774953449,-0.534903774953449,1.0326690615995,-1.0326690615995,0.355422272991054,-0.355422272991054,0.668371976917316,-0.668371976917316,1.03573123256698,-1.03573123256698,-0.178824764603666,0.178824764603666,0.606969682206641,-0.606969682206641,0.876456489175398,-0.876456489175398,-0.948085670100076,0.948085670100076,0.808246736359306,-0.808246736359306,-0.703810912953788,0.703810912953788,0.858762762304511,-0.858762762304511,1.06704574602614,-1.06704574602614,2.20961438832065,-2.20961438832065,-0.170993117932581,0.170993117932581,1.02171081087549,-1.02171081087549,-1.04307182783283,1.04307182783283,1.10583654405536,-1.10583654405536,0.18012735993572,-0.18012735993572,-2.08626875469872,2.08626875469872,0.69347676500106,-0.69347676500106,1.33913681323396,-1.33913681323396,-2.11138853474112,2.11138853474112,1.68975766827821,-1.68975766827821,0.513362618233137,-0.513362618233137,-0.489490286400503,0.489490286400503,0.154814161772079,-0.154814161772079,-1.42550964367859,1.42550964367859,-1.22186063819113,1.22186063819113,-0.861231225302573,0.861231225302573,0.135287788915954,-0.135287788915954,-0.224309783715886,0.224309783715886,-1.23879984613556,1.23879984613556,-0.402542559058558,0.402542559058558,0.13109475827645,-0.13109475827645,-0.77893822170947,0.77893822170947,-0.926483697609092,0.926483697609092,-0.322992175303834,0.322992175303834,0.0594558224778943,-0.0594558224778943,1.26977522083005,-1.26977522083005,-0.455009966590469,0.455009966590469,1.06149373890114,-1.06149373890114,0.301831495860753,-0.301831495860753,-0.0557884977611304,0.0557884977611304,0.480154418345831,-0.480154418345831,0.33613358092006,-0.33613358092006,0.380834861823633,-0.380834861823633,-0.521249700481579,0.521249700481579,0.148735684397125,-0.148735684397125,0.484834458107484,-0.484834458107484,0.621499695747313,-0.621499695747313,-0.415901652473668,0.415901652473668,-0.615661649846586,0.615661649846586,-0.687433818551579,0.687433818551579,0.369099653366296,-0.369099653366296,-0.397345694460402,0.397345694460402,1.11801056043872,-1.11801056043872,-0.0285265250111529,0.0285265250111529,-0.198877339164307,0.198877339164307,0.978880845712142,-0.978880845712142,0.759703960903014,-0.759703960903014,0.444687365234525,-0.444687365234525,-1.91932988609747,1.91932988609747,0.191351709098568,-0.191351709098568,-1.97701226123302,1.97701226123302,-2.50471818778523,2.50471818778523,-0.166538503861801,0.166538503861801,0.123682037540852,-0.123682037540852,0.0523251067410148,-0.0523251067410148,-1.28787612798992,1.28787612798992,1.55815532468659,-1.55815532468659,-0.0534726608159148,0.0534726608159148,-0.138780923362465,0.138780923362465,1.05733965388544,-1.05733965388544,-0.775124899851833,0.775124899851833,-1.37384705152596,1.37384705152596,0.00909848178031447,-0.00909848178031447,-0.525849951356107,0.525849951356107,0.219825517029796,-0.219825517029796,-1.1077623275179,1.1077623275179,0.114188365073604,-0.114188365073604,-1.21585750164762,1.21585750164762,-0.544364969885549,0.544364969885549,0.18533946721574,-0.18533946721574,0.485506666941487,-0.485506666941487,0.385852757138995,-0.385852757138995,0.246942564494804,-0.246942564494804,1.18909850523467,-1.18909850523467,-1.3667055273593,1.3667055273593,-0.0328874200567667,0.0328874200567667,0.296351626101935,-0.296351626101935,0.469823281817419,-0.469823281817419,0.233352948970938,-0.233352948970938,-0.746028712105642,0.746028712105642,-0.416871217411748,0.416871217411748,0.100610755313663,-0.100610755313663,-1.82809879541528,1.82809879541528,-0.245065483298609,0.245065483298609,-0.781490134430177,0.781490134430177,-0.880202868852054,0.880202868852054,-0.714635087460432,0.714635087460432,-0.758317269679546,0.758317269679546,-0.886761247659074,0.886761247659074,-0.492488611342342,0.492488611342342,0.292303093541701,-0.292303093541701,-0.324486018610599,0.324486018610599,-0.241381758879847,0.241381758879847,-0.0977075448785815,0.0977075448785815,0.418400913654052,-0.418400913654052,0.592495171531166,-0.592495171531166,0.637305365722342,-0.637305365722342,-0.601412912945418,0.601412912945418,0.41995735661825,-0.41995735661825,-1.76178409358757,1.76178409358757,0.510852659692087,-0.510852659692087,0.786016733352537,-0.786016733352537,-0.791193400165401,0.791193400165401,0.809376922542279,-0.809376922542279,0.639988475495822,-0.639988475495822,0.620202844901367,-0.620202844901367,-1.6120828100832,1.6120828100832,0.067367351416684,-0.067367351416684,-0.399542811277991,0.399542811277991,0.704661811484163,-0.704661811484163,-0.0132740614067479,0.0132740614067479,-1.01372719209106,1.01372719209106,-0.158075903263053,0.158075903263053,0.70785647195663,-0.70785647195663,0.504110557102997,-0.504110557102997,0.21452730477224,-0.21452730477224,1.24553416674744,-1.24553416674744,1.64592174578344,-1.64592174578344,0.38986415988321,-0.38986415988321,0.882965932591145,-0.882965932591145,-1.03183568030088,1.03183568030088,-1.3470394506738,1.3470394506738,-2.40726185746571,2.40726185746571,0.554295982621384,-0.554295982621384,0.468174771297529,-0.468174771297529,2.1636107762459,-2.1636107762459,-0.0429278897570331,0.0429278897570331,0.997722538463057,-0.997722538463057,-0.676628704499926,0.676628704499926,0.232251312554319,-0.232251312554319,0.637405481717572,-0.637405481717572,-0.832612722456869,0.832612722456869,-0.882672455434751,0.882672455434751,-2.32090986331343,2.32090986331343,-1.16191293187739,1.16191293187739,-2.47691437410783,2.47691437410783,1.0963574194974,-1.0963574194974,0.359831905425519,-0.359831905425519,-2.87903137446611,2.87903137446611,-0.816891118481285,0.816891118481285,0.195097202415145,-0.195097202415145,0.200009477943753,-0.200009477943753,0.512571926546188,-0.512571926546188,0.129744190913569,-0.129744190913569,1.4530046148025,-1.4530046148025,-3.0762596686084,3.0762596686084,0.310381912593605,-0.310381912593605,-0.833662648872661,0.833662648872661,-0.275224659943455,0.275224659943455,0.264792158415307,-0.264792158415307,-0.0700601855430185,0.0700601855430185,-0.273877552665764,0.273877552665764,1.24669439880933,-1.24669439880933,0.182458563230538,-0.182458563230538,0.177182993818172,-0.177182993818172,-0.765202589948324,0.765202589948324,0.7369796685479,-0.7369796685479,2.38956866151345,-2.38956866151345,2.14338501301236,-2.14338501301236,1.72687720747781,-1.72687720747781,1.40419185948623,-1.40419185948623,0.578379337274464,-0.578379337274464,1.5395887420766,-1.5395887420766,0.944548887975794,-0.944548887975794,-1.36632851452074,1.36632851452074,0.561089573913777,-0.561089573913777,-0.683750239651565,0.683750239651565,0.439487763813833,-0.439487763813833,-2.30122881723977,2.30122881723977,-1.06884653738365,1.06884653738365,0.568071983332648,-0.568071983332648,-1.80958915644394,1.80958915644394,0.150130626540421,-0.150130626540421,-0.126304362177278,0.126304362177278,0.326423506185884,-0.326423506185884,-2.02756215892582,2.02756215892582,-1.37703215903671,1.37703215903671,0.57544710319372,-0.57544710319372,-0.25383901151601,0.25383901151601,1.76949861554858,-1.76949861554858,-2.5078872678024,2.5078872678024,0.640005573490871,-0.640005573490871,0.2917268008742,-0.2917268008742,-0.222733794562662,0.222733794562662,-0.796851784421259,0.796851784421259,1.06492092179033,-1.06492092179033,0.100519939697821,-0.100519939697821,0.069235528107256,-0.069235528107256,1.02290571863965,-1.02290571863965,-0.340500496056644,0.340500496056644,-0.935014302534043,0.935014302534043,0.605372858280342,-0.605372858280342,-0.299936261812717,0.299936261812717,0.387568264820589,-0.387568264820589,-1.06028768553812,1.06028768553812,-0.167350625751149,0.167350625751149,-1.22238306547943,1.22238306547943,0.636961518146133,-0.636961518146133,-1.37217055339576,1.37217055339576,-1.27381718980711,1.27381718980711,0.746780420727934,-0.746780420727934,-0.924228226369527,0.924228226369527,1.20319304539577,-1.20319304539577,0.0391934769575901,-0.0391934769575901,0.266514766264239,-0.266514766264239,-0.918036999600409,0.918036999600409,-1.58619518161016,1.58619518161016,0.216393663755366,-0.216393663755366,0.862355076973424,-0.862355076973424,1.07623581070111,-1.07623581070111,0.356279732604265,-0.356279732604265,0.594709244889059,-0.594709244889059,-0.00143299492559431,0.00143299492559431,1.56347354328692,-1.56347354328692,-0.798714526642737,0.798714526642737,1.33656868769505,-1.33656868769505,-0.161769235908373,0.161769235908373,-0.853547609395493,0.853547609395493,-0.533419614832068,0.533419614832068,1.01488358074552,-1.01488358074552,-1.32519200562837,1.32519200562837,-0.669347864402585,0.669347864402585,-0.225898356466517,0.225898356466517,-2.37045369821812,2.37045369821812,-0.251024357491064,0.251024357491064,-0.19815455194061,0.19815455194061,-0.693581690380713,0.693581690380713,0.18767183844128,-0.18767183844128,0.0305809758628965,-0.0305809758628965,0.376452696192036,-0.376452696192036,1.33032015198642,-1.33032015198642,-0.84485715686026,0.84485715686026,-0.639773651748588,0.639773651748588,-0.422875684089018,0.422875684089018,0.685988795841561,-0.685988795841561,-0.128060026880484,0.128060026880484,0.536141205236843,-0.536141205236843,-1.98787346822632,1.98787346822632,-0.0751008176193172,0.0751008176193172,0.267753131708271,-0.267753131708271,-1.70182786554683,1.70182786554683,-0.704657049866319,0.704657049866319,0.356865607154431,-0.356865607154431,1.74630681432689,-1.74630681432689,-1.26497260546949,1.26497260546949,0.0371406312917918,-0.0371406312917918,-1.41586894510971,1.41586894510971,0.247157368754238,-0.247157368754238,1.56451248556795,-1.56451248556795,0.468550436627917,-0.468550436627917,0.258660873554286,-0.258660873554286,3.03876004549835,-3.03876004549835,0.411371522944667,-0.411371522944667,-0.938969217799773,0.938969217799773,-0.356964893864378,0.356964893864378,0.766460411528389,-0.766460411528389,1.17673969292383,-1.17673969292383,1.15056545115335,-1.15056545115335,0.0614876157515206,-0.0614876157515206,0.832378114881652,-0.832378114881652,0.303023498327114,-0.303023498327114,0.168537167789231,-0.168537167789231,-0.57878620643357,0.57878620643357,0.491007198847077,-0.491007198847077,1.44530413755482,-1.44530413755482,-1.31215982774593,1.31215982774593,1.47937836641541,-1.47937836641541,0.581609134509055,-0.581609134509055,-1.3422033026239,1.3422033026239,2.81054638673643,-2.81054638673643,0.607472387581687,-0.607472387581687,1.01238145053599,-1.01238145053599,0.592152082588089,-0.592152082588089,0.793183389342709,-0.793183389342709,-0.132428989306394,0.132428989306394,-0.873882612658965,0.873882612658965,-0.885043003109719,0.885043003109719,-0.577855148394351,0.577855148394351,0.442543856403025,-0.442543856403025,0.659582458187678,-0.659582458187678,-1.38071506881606,1.38071506881606,-1.26209742392503,1.26209742392503,0.359475605686652,-0.359475605686652,0.739656785984802,-0.739656785984802,0.770285286599551,-0.770285286599551,-0.113773898843251,0.113773898843251,-0.0419563513684928,0.0419563513684928,0.943411135738515,-0.943411135738515,2.74985323098441,-2.74985323098441,0.47520289886423,-0.47520289886423,-0.772129136387341,0.772129136387341,0.517792534321399,-0.517792534321399,-0.0547251606318002,0.0547251606318002,-1.21783330422861,1.21783330422861,0.584502587704797,-0.584502587704797,0.622388270002157,-0.622388270002157,-0.0814147644472313,0.0814147644472313,-1.45593868111996,1.45593868111996,0.772207935508569,-0.772207935508569,-0.985109756708237,0.985109756708237,0.099394296860566,-0.099394296860566,0.276378363359459,-0.276378363359459,0.703690991025562,-0.703690991025562,-0.0342778364154124,0.0342778364154124,1.2694405716114,-1.2694405716114,1.63783737233402,-1.63783737233402,1.12345046756461,-1.12345046756461,1.40585105138596,-1.40585105138596,-0.822443887721414,0.822443887721414,0.242183405268573,-0.242183405268573,-0.142381148868746,0.142381148868746,-0.260273481375986,0.260273481375986,0.584754791130553,-0.584754791130553,0.0802633442182325,-0.0802633442182325,0.936059510701506,-0.936059510701506,0.882487300527587,-0.882487300527587,-0.0089529630283063,0.0089529630283063,0.189421198054136,-0.189421198054136,0.379748655085649,-0.379748655085649,0.383548824008807,-0.383548824008807,-0.608562146818536,0.608562146818536,0.00692188083866307,-0.00692188083866307,0.415512634203361,-0.415512634203361,-1.35262472453399,1.35262472453399,1.91746060211055,-1.91746060211055,-0.568688930954035,0.568688930954035,-0.43445176654051,0.43445176654051,-0.550824174684662,0.550824174684662,-1.17957875935273,1.17957875935273,0.0669012248605406,-0.0669012248605406,0.0493532726270543,-0.0493532726270543,1.15835415806275,-1.15835415806275,-0.72749560855666,0.72749560855666,1.21512849586041,-1.21512849586041,-0.714055215637648,0.714055215637648,-0.000785624340284286,0.000785624340284286,1.24077986178546,-1.24077986178546,-0.0897933118224852,0.0897933118224852,0.776057812164676,-0.776057812164676,1.17220026806122,-1.17220026806122,0.422776832040241,-0.422776832040241,-1.42427575878636,1.42427575878636,-0.55903287428889,0.55903287428889,-1.21557197303013,1.21557197303013,-0.0786986943912819,0.0786986943912819,0.281285685613712,-0.281285685613712,0.489442030844333,-0.489442030844333,0.174744035285691,-0.174744035285691,0.575933814049324,-0.575933814049324,-0.788805827724033,0.788805827724033,-0.86535864271848,0.86535864271848,-0.459806289828146,0.459806289828146,-0.0852378409887877,0.0852378409887877,0.193345552476087,-0.193345552476087,-1.01056338946948,1.01056338946948,0.26187728861725,-0.26187728861725,0.101603670698893,-0.101603670698893,0.104490747629666,-0.104490747629666,-2.38286933616418,2.38286933616418,2.04183105450365,-2.04183105450365,0.782497138784315,-0.782497138784315,-1.5071247585558,1.5071247585558,1.24125243526096,-1.24125243526096,1.3577081720551,-1.3577081720551,0.539252947234156,-0.539252947234156,1.03642226059439,-1.03642226059439,0.649795928508136,-0.649795928508136,0.102084840285006,-0.102084840285006,-0.196324790928345,0.196324790928345,-0.894752328572608,0.894752328572608,-0.85518791395536,0.85518791395536,0.928270107349759,-0.928270107349759,-0.495372937095149,0.495372937095149,1.97820530040284,-1.97820530040284,0.666166794503163,-0.666166794503163,-0.496702010908129,0.496702010908129,1.80958932606923,-1.80958932606923,0.164155854491855,-0.164155854491855,1.68816985653343,-1.68816985653343,1.01888419267231,-1.01888419267231,-0.639180570706373,0.639180570706373,0.334799526240482,-0.334799526240482,0.753398347665263,-0.753398347665263,-0.203774799829977,0.203774799829977,0.142853386153795,-0.142853386153795,-0.161856274446749,0.161856274446749,-0.752070681419343,0.752070681419343,1.50052430588296,-1.50052430588296,-0.827018056199522,0.827018056199522,1.28553675848442,-1.28553675848442,-0.377611172539129,0.377611172539129,-0.235176392451236,0.235176392451236,1.09259676050519,-1.09259676050519,-0.438207844401944,0.438207844401944,0.375322816953076,-0.375322816953076,0.740597250941932,-0.740597250941932,-0.78764860780074,0.78764860780074,1.15072972153822,-1.15072972153822,0.208990785925838,-0.208990785925838,0.316055949290006,-0.316055949290006,1.11552710078118,-1.11552710078118,-0.818341712471091,0.818341712471091,0.164014431889815,-0.164014431889815,0.839731954414214,-0.839731954414214,0.857541145795013,-0.857541145795013,-1.13112321409922,1.13112321409922,0.0477047621840994,-0.0477047621840994,0.324896062585289,-0.324896062585289,0.300574451500855,-0.300574451500855,0.80989025931201,-0.80989025931201,-1.23602011196754,1.23602011196754,0.290480446906853,-0.290480446906853,-0.519383547732214,0.519383547732214,-1.88128342144925,1.88128342144925,0.637948848339149,-0.637948848339149,-0.0355066605584131,0.0355066605584131,-1.32030124734814,1.32030124734814,-0.458455788941326,0.458455788941326,1.33808027124982,-1.33808027124982,-0.068916220802084,0.068916220802084,-0.954621335530574,0.954621335530574,1.85917865761009,-1.85917865761009,-1.18731362760151,1.18731362760151,-0.413265259844081,0.413265259844081,0.510652847864882,-0.510652847864882,-0.249875159894204,0.249875159894204,-0.124389120907413,0.124389120907413,0.666754113933642,-0.666754113933642,-0.0904812080255953,0.0904812080255953,0.205388726841039,-0.205388726841039,-1.0354812189621,1.0354812189621,-0.00967111934507067,0.00967111934507067,-0.649751346013178,0.649751346013178,-0.721381551014754,0.721381551014754,0.710935523875414,-0.710935523875414,0.903555522972843,-0.903555522972843,0.312659349993971,-0.312659349993971,1.7157480464712,-1.7157480464712,-0.895405876871094,0.895405876871094,-0.371130519199486,0.371130519199486,-0.343555160626005,0.343555160626005,-1.52157206553269,1.52157206553269,-0.324810512390158,0.324810512390158,0.375161602927443,-0.375161602927443,0.0165408172292654,-0.0165408172292654,0.0150241450571415,-0.0150241450571415,-0.68129624119841,0.68129624119841,1.73593681475307,-1.73593681475307,-0.673901280263744,0.673901280263744,0.265734494472289,-0.265734494472289,-0.473508160396303,0.473508160396303,-1.38982649137705,1.38982649137705,0.0391827156200209,-0.0391827156200209,0.620242003728909,-0.620242003728909,-0.487041142688841,0.487041142688841,-0.63061558217002,0.63061558217002,0.154247671519931,-0.154247671519931,0.568701651036545,-0.568701651036545,-2.50754454556599,2.50754454556599,-0.468908067318828,0.468908067318828,-0.626611116599354,0.626611116599354,-0.425255471518609,0.425255471518609,0.747553149244164,-0.747553149244164,-0.634873010705259,0.634873010705259,-0.855693663307591,0.855693663307591,-1.12879008411313,1.12879008411313,0.532404525642975,-0.532404525642975,1.48008842473313,-1.48008842473313,-1.56893663491932,1.56893663491932,-1.47760732345397,1.47760732345397,-2.13007970114385,2.13007970114385,0.708214799633698,-0.708214799633698,0.567027985256697,-0.567027985256697,-2.10642259580571,2.10642259580571,-0.261719457589879,0.261719457589879,0.579979525669927,-0.579979525669927,1.56675753360002,-1.56675753360002,-1.06263049035743,1.06263049035743,-0.229815403901683,0.229815403901683,2.06790687107054,-2.06790687107054,1.54568924682783,-1.54568924682783,0.0737950543596773,-0.0737950543596773,-2.06324570986045,2.06324570986045,0.0710057984761112,-0.0710057984761112,-1.62320786434596,1.62320786434596,0.0979087114086178,-0.0979087114086178,-0.154807639844292,0.154807639844292,-0.0141255773102159,0.0141255773102159,0.760710802429083,-0.760710802429083,-0.248337791832323,0.248337791832323,0.657324616732271,-0.657324616732271,1.23177373780348,-1.23177373780348,1.54284183114349,-1.54284183114349,0.978424994596733,-0.978424994596733,-0.965749775050797,0.965749775050797,0.994909907242034,-0.994909907242034,-0.0756496970189803,0.0756496970189803,0.646662203280539,-0.646662203280539,0.0524455361180156,-0.0524455361180156,-1.69400733813014,1.69400733813014,1.1598546916525,-1.1598546916525,1.20686907832005,-1.20686907832005,0.0154878948585919,-0.0154878948585919,-0.353254627588978,0.353254627588978,-0.824578700999579,0.824578700999579,-0.479273111608957,0.479273111608957,-0.955801793683163,0.955801793683163,-1.2622494976727,1.2622494976727,-1.35890471521533,1.35890471521533,-0.0223940459838399,0.0223940459838399,2.1138102005992,-2.1138102005992,1.48892860121383,-1.48892860121383,0.596297326311241,-0.596297326311241,0.0706989749201838,-0.0706989749201838,-0.973387003632385,0.973387003632385,-0.0791346474356337,0.0791346474356337,0.679367290488115,-0.679367290488115,-0.406052219649397,0.406052219649397,1.13214164802546,-1.13214164802546,-0.983875730440222,0.983875730440222,-0.557886117062551,0.557886117062551,-0.495410904903582,0.495410904903582,-1.43782946774674,1.43782946774674,-0.389738873763695,0.389738873763695,-0.360298086530479,0.360298086530479,0.670097860883805,-0.670097860883805,-1.0708050810494,1.0708050810494,0.000539872540904033,-0.000539872540904033,2.18009029425123,-2.18009029425123,-0.893439468227786,0.893439468227786,-1.0057301215656,1.0057301215656,0.917638800728448,-0.917638800728448,0.0845207666141,-0.0845207666141,1.67969560203907,-1.67969560203907,0.929398540299265,-0.929398540299265,-0.644511482112601,0.644511482112601,-0.239178291678863,0.239178291678863,0.40653605090244,-0.40653605090244,0.611486490859679,-0.611486490859679,-2.57484547182402,2.57484547182402,-0.90835354987716,0.90835354987716,0.255515238177224,-0.255515238177224,-0.136006848809659,0.136006848809659,-0.206082842134355,0.206082842134355,-0.18192108731518,0.18192108731518,-0.755320903881003,0.755320903881003,2.47223318093843,-2.47223318093843,-1.39355323279228,1.39355323279228,0.812357315774242,-0.812357315774242,1.13940023799932,-1.13940023799932,1.07074182929674,-1.07074182929674,1.41149732312413,-1.41149732312413,-0.955152795333096,0.955152795333096,-0.912891531662735,0.912891531662735,0.4079631239781,-0.4079631239781,-0.0381453260655115,0.0381453260655115,1.29853478715474,-1.29853478715474,-1.13084394894662,1.13084394894662,-0.32290465161085,0.32290465161085,-0.192546771023457,0.192546771023457,-0.228044041903935,0.228044041903935,-1.18206833819457,1.18206833819457,-0.456438911287654,0.456438911287654,-0.396617994198695,0.396617994198695,0.00925332268220353,-0.00925332268220353,-0.866465342752827,0.866465342752827,0.930693534855775,-0.930693534855775,0.0956992856413385,-0.0956992856413385,-0.36906049054941,0.36906049054941,1.1668797525592,-1.1668797525592,1.7859806301192,-1.7859806301192,-0.0350485403599963,0.0350485403599963,-1.23423734108805,1.23423734108805,-0.504262941033081,0.504262941033081,-0.567692527499675,0.567692527499675,0.599749897208374,-0.599749897208374,-1.57857988948088,1.57857988948088,-0.697950360756694,0.697950360756694,-0.91866379211877,0.91866379211877,0.652813450193749,-0.652813450193749,-1.7218768961981,1.7218768961981,-1.08936011987252,1.08936011987252,-1.09206370757303,1.09206370757303,1.27646390968106,-1.27646390968106,0.837078448476996,-0.837078448476996,-0.187659241816251,0.187659241816251,1.71116370651977,-1.71116370651977,0.782431026166642,-0.782431026166642,-0.689093565612846,0.689093565612846,-0.316150526292643,0.316150526292643,0.320668927783339,-0.320668927783339,-0.312417111927533,0.312417111927533,-0.468253001251005,0.468253001251005,0.146821434016995,-0.146821434016995,0.00827212226093182,-0.00827212226093182,1.05494948613137,-1.05494948613137,0.514584853299716,-0.514584853299716,0.135949197976349,-0.135949197976349,1.07431770055335,-1.07431770055335,2.4894869848066,-2.4894869848066,-0.0287758072389485,0.0287758072389485,-1.50321638962521,1.50321638962521,-1.25344467437399,1.25344467437399,3.04729933400986,-3.04729933400986,-0.898301333778064,0.898301333778064,-0.370476850017754,0.370476850017754,0.428370716776513,-0.428370716776513,3.19788180598255,-3.19788180598255,0.0498568018175149,-0.0498568018175149,-1.0989241355933,1.0989241355933,-1.17644850652603,1.17644850652603,1.42348834033425,-1.42348834033425,1.06909319715407,-1.06909319715407,-1.00710000881108,1.00710000881108,-1.11827534132479,1.11827534132479,-1.22176498799214,1.22176498799214,1.85765097496742,-1.85765097496742,0.0309952931480883,-0.0309952931480883,-2.02462983907083,2.02462983907083,1.14112880779667,-1.14112880779667,-1.45605231921028,1.45605231921028,-0.586893416576381,0.586893416576381,-1.62039839923721,1.62039839923721,0.12311042045392,-0.12311042045392,1.36918279247599,-1.36918279247599,0.422003865840398,-0.422003865840398,0.604832055358936,-0.604832055358936,-0.632509840107418,0.632509840107418,-0.356569795819049,0.356569795819049,0.982642422715324,-0.982642422715324,0.729913622595442,-0.729913622595442,-0.983242771337786,0.983242771337786,1.04282852846633,-1.04282852846633,-0.393268904931153,0.393268904931153,-1.98038576055986,1.98038576055986,-2.34950091246124,2.34950091246124,0.611784733565665,-0.611784733565665,0.834799840304947,-0.834799840304947,0.0242915344491935,-0.0242915344491935,-1.13959390735664,1.13959390735664,-0.501607177838024,0.501607177838024,0.529230459074386,-0.529230459074386,1.05987473301509,-1.05987473301509,-0.00733479567002173,0.00733479567002173,0.209466082830955,-0.209466082830955,-0.491199216500844,0.491199216500844,1.03558979595635,-1.03558979595635,1.35004512090978,-1.35004512090978,0.934933356764535,-0.934933356764535,0.652048606349902,-0.652048606349902,1.5099617571035,-1.5099617571035,0.278257326082112,-0.278257326082112,-1.00379817799643,1.00379817799643,-1.58697805163145,1.58697805163145,0.832237735519311,-0.832237735519311,-0.0322298694900062,0.0322298694900062,-0.0453186145219953,0.0453186145219953,-2.25325274472567,2.25325274472567,2.28370538735131,-2.28370538735131,1.02782848490162,-1.02782848490162,-0.677720533922642,0.677720533922642,-0.699969587755421,0.699969587755421,-0.885248978868034,0.885248978868034,2.42059284949513,-2.42059284949513,0.514563606361459,-0.514563606361459,0.295745413225855,-0.295745413225855,-0.0687868261168171,0.0687868261168171,0.550309638229346,-0.550309638229346,0.671544997263376,-0.671544997263376,-0.819947050643854,0.819947050643854,0.585876761557583,-0.585876761557583,-0.192199676947655,0.192199676947655,-0.0703612087281578,0.0703612087281578,-0.691607244957772,0.691607244957772,2.46128259046646,-2.46128259046646,-0.589949018921997,0.589949018921997,1.59352011213964,-1.59352011213964,0.367553949611727,-0.367553949611727,-0.545003219815283,0.545003219815283,-0.210795412605293,0.210795412605293,2.37799826468259,-2.37799826468259,0.954711164096098,-0.954711164096098,-0.204580596872999,0.204580596872999,0.0934665749700011,-0.0934665749700011,-1.0803065160022,1.0803065160022,0.723357724941166,-0.723357724941166,-1.89267439486567,1.89267439486567,-1.32265591841844,1.32265591841844,-0.463025979317971,0.463025979317971,0.0117379298150041,-0.0117379298150041,0.380102867282437,-0.380102867282437,-0.265445151351349,0.265445151351349,-0.442984259879612,0.442984259879612,0.28457331021681,-0.28457331021681,-0.467861816817784,0.467861816817784,0.401855582628766,-0.401855582628766,-1.05857296430724,1.05857296430724,2.07788789412872,-2.07788789412872,-0.250914287076979,0.250914287076979,0.264070119153039,-0.264070119153039,-1.3181950957925,1.3181950957925,0.0267856157673419,-0.0267856157673419,0.359772578855346,-0.359772578855346,-0.0323632689534842,0.0323632689534842,2.45756103424697,-2.45756103424697,-0.66857398210325,0.66857398210325,0.325511297755163,-0.325511297755163,0.426924476343995,-0.426924476343995,-0.11294197220343,0.11294197220343,-0.213762492482127,0.213762492482127,-1.35190458982273,1.35190458982273,-0.094813197020281,0.094813197020281,0.810070959475293,-0.810070959475293,-0.207066155962109,0.207066155962109,-1.28348621528221,1.28348621528221,-0.577716903559762,0.577716903559762,0.405074454669963,-0.405074454669963,-0.212643682981172,0.212643682981172,-0.29004765461904,0.29004765461904,-0.00485374804324957,0.00485374804324957,0.843747288779481,-0.843747288779481,0.106553337530293,-0.106553337530293,-0.480545374262735,0.480545374262735,-0.56169566327376,0.56169566327376,0.548830622236476,-0.548830622236476,1.09183383648975,-1.09183383648975,-0.673053881550594,0.673053881550594,-0.04281680861571,0.04281680861571,-0.644691718479147,0.644691718479147,1.34634854871737,-1.34634854871737,0.943979851332699,-0.943979851332699,0.0855145237467246,-0.0855145237467246,-0.286513575981827,0.286513575981827,-0.0136477730751378,0.0136477730751378,-0.701828489896677,0.701828489896677,-0.232422016359095,0.232422016359095,-0.148797615068402,0.148797615068402,0.0249894122336944,-0.0249894122336944,-0.238434331037072,0.238434331037072,-1.30246796258524,1.30246796258524,0.420701222913362,-0.420701222913362,3.37510385698954,-3.37510385698954,-0.262593081223911,0.262593081223911,0.766689430671,-0.766689430671,0.159740529400451,-0.159740529400451,-0.706510564526582,0.706510564526582,1.23823087142185,-1.23823087142185,0.879286211174767,-0.879286211174767,0.561452836434579,-0.561452836434579,-0.231902513713318,0.231902513713318,-0.971741212049036,0.971741212049036,0.443533001056629,-0.443533001056629,0.250031407587491,-0.250031407587491,-0.990007933572775,0.990007933572775,-1.04669480667256,1.04669480667256,0.698160630422857,-0.698160630422857,1.56715417704942,-1.56715417704942,1.85043967630558,-1.85043967630558,0.15040167895732,-0.15040167895732,0.0289215355941171,-0.0289215355941171,0.0486966489092064,-0.0486966489092064,-1.18115928159503,1.18115928159503,-0.967468631478899,0.967468631478899,0.451959431448002,-0.451959431448002,-1.03405792660605,1.03405792660605,-0.117451312740614,0.117451312740614,-0.592324600628105,0.592324600628105,2.06275263156433,-2.06275263156433,0.163377140313374,-0.163377140313374,0.0501699461253801,-0.0501699461253801,-0.725258675943908,0.725258675943908,-0.829099173521277,0.829099173521277,-0.479440984819287,0.479440984819287,-0.85850902759911,0.85850902759911,-0.870586572429537,0.870586572429537,0.733847352517516,-0.733847352517516,0.734535194123438,-0.734535194123438,-0.465784860829135,0.465784860829135,0.393736724311474,-0.393736724311474,1.49150172748452,-1.49150172748452,-0.052882129804564,0.052882129804564,0.881528853155284,-0.881528853155284,0.334625775569266,-0.334625775569266,0.296982234645909,-0.296982234645909,0.114488913002189,-0.114488913002189,0.921429748648238,-0.921429748648238,0.678094443886034,-0.678094443886034,-1.00337518595058,1.00337518595058,1.65705117135206,-1.65705117135206,-1.57819453027017,1.57819453027017,-0.423671016672389,0.423671016672389,-0.328718067745194,0.328718067745194,0.379564374756831,-0.379564374756831,0.363187973304031,-0.363187973304031,0.461002029884905,-0.461002029884905,0.0236996334422418,-0.0236996334422418,0.0464692707628063,-0.0464692707628063,1.13607855426633,-1.13607855426633,-0.225511471614695,0.225511471614695,0.697383901904278,-0.697383901904278,0.520030421237221,-0.520030421237221,0.882063382707241,-0.882063382707241,-1.44676868134361,1.44676868134361,0.142808405967712,-0.142808405967712,-1.86726913182326,1.86726913182326,-1.11088583559698,1.11088583559698,-0.529783114382319,0.529783114382319,0.54828168091893,-0.54828168091893,1.46261103639383,-1.46261103639383,-0.278016081879424,0.278016081879424,0.876056885934225,-0.876056885934225,1.53945061221582,-1.53945061221582,-0.967520516607218,0.967520516607218,-0.128140469863468,0.128140469863468,0.456252943899878,-0.456252943899878,-3.28841129359471,3.28841129359471,0.22818919073868,-0.22818919073868,-1.94326523393129,1.94326523393129,-1.48842552728814,1.48842552728814,0.762029645370324,-0.762029645370324,-0.583528754256703,0.583528754256703,-1.04450962006314,1.04450962006314,-0.0209497966138063,0.0209497966138063,1.63965587185273,-1.63965587185273,0.863727479762464,-0.863727479762464,-0.45536659869459,0.45536659869459,0.400959506511781,-0.400959506511781,-0.267951687616635,0.267951687616635,0.803576844801434,-0.803576844801434,-1.89883304849356,1.89883304849356,1.22759578753941,-1.22759578753941,2.57375842886994,-2.57375842886994,-1.4602407214541,1.4602407214541,1.6965596006943,-1.6965596006943,0.40510706265499,-0.40510706265499,-0.975576855117869,0.975576855117869,-0.593847976570655,0.593847976570655,1.64010796982592,-1.64010796982592,-1.01814657197057,1.01814657197057,0.852269841285335,-0.852269841285335,-0.0784205263688189,0.0784205263688189,1.46670147488771,-1.46670147488771,-0.153898301553148,0.153898301553148,0.0697701910204656,-0.0697701910204656,-0.47993600815165,0.47993600815165,-0.762919188172853,0.762919188172853,1.16416826191378,-1.16416826191378,-0.875037158954615,0.875037158954615,-0.728275312205676,0.728275312205676,-0.864015012495779,0.864015012495779,-1.97376758604238,1.97376758604238,1.72996300900343,-1.72996300900343,-0.265482919550885,0.265482919550885,0.916160787470633,-0.916160787470633,0.960274089157179,-0.960274089157179,-0.338048179452832,0.338048179452832,0.0878508195756328,-0.0878508195756328,1.21329946728371,-1.21329946728371,1.28244268238082,-1.28244268238082,1.26570459920694,-1.26570459920694,0.311275263093473,-0.311275263093473,-0.843394655090063,0.843394655090063,2.20088491635151,-2.20088491635151,0.0953441202529496,-0.0953441202529496,0.316355643479108,-0.316355643479108,1.66817935910031,-1.66817935910031,-0.935981857243265,0.935981857243265,1.30582586210159,-1.30582586210159,-1.60871894560933,1.60871894560933,-0.860276561483995,0.860276561483995,-0.672739519477121,0.672739519477121,-0.907494212806886,0.907494212806886,1.48826402723476,-1.48826402723476,-1.00558642848193,1.00558642848193,0.420693935688646,-0.420693935688646,-1.05920110250092,1.05920110250092,-1.71332185219424,1.71332185219424,-0.33954568902871,0.33954568902871,-0.810621690880589,0.810621690880589,0.828627736120231,-0.828627736120231,-0.300919505697958,0.300919505697958,1.14953852966728,-1.14953852966728,-0.97110098529052,0.97110098529052,-0.95081121408346,0.95081121408346,-1.35099805380078,1.35099805380078,-2.01644654942324,2.01644654942324,-0.018685007597325,0.018685007597325,1.53156459302853,-1.53156459302853,2.2091257784639,-2.2091257784639,0.455359670811779,-0.455359670811779,0.206999451684412,-0.206999451684412,2.60906051141744,-2.60906051141744,-0.643366591396385,0.643366591396385,-0.0208890902052136,0.0208890902052136,0.88795082964666,-0.88795082964666,-1.14354591550314,1.14354591550314,1.6731219788545,-1.6731219788545,1.69837860454936,-1.69837860454936,1.64188618911578,-1.64188618911578,1.46958367061337,-1.46958367061337,1.0065385688827,-1.0065385688827,-1.86195542525286,1.86195542525286,-1.15523240018462,1.15523240018462,-0.474646617111862,0.474646617111862,-0.11678815682637,0.11678815682637,-1.23045024762624,1.23045024762624,0.877701426010284,-0.877701426010284,-0.301920958880221,0.301920958880221,-0.242835413832345,0.242835413832345,-0.666661602573061,0.666661602573061,0.6100296126817,-0.6100296126817,-1.03575664513314,1.03575664513314,0.52104567994002,-0.52104567994002,1.64461586684823,-1.64461586684823,-0.531549534421478,0.531549534421478,-0.48201764008476,0.48201764008476,-0.711529404751667,0.711529404751667,-0.347974808996521,0.347974808996521,1.54529440069269,-1.54529440069269,1.77888692244244,-1.77888692244244,1.01832431528674,-1.01832431528674,0.0916539994315222,-0.0916539994315222,-1.39127579688205,1.39127579688205,-0.255868352458811,0.255868352458811,0.510146347676557,-0.510146347676557,-1.3242560111243,1.3242560111243,-2.41974587523039,2.41974587523039,-0.330063943547062,0.330063943547062,0.671931698619291,-0.671931698619291,-1.67290078750249,1.67290078750249,0.137549409926428,-0.137549409926428,-0.359035207232635,0.359035207232635,-0.442640611295329,0.442640611295329,-1.0751943391662,1.0751943391662,0.867406958222117,-0.867406958222117,-0.0409586390959871,0.0409586390959871,1.58761055288265,-1.58761055288265,-1.26003699712391,1.26003699712391,1.08605310428398,-1.08605310428398,0.0877314967587533,-0.0877314967587533,0.922733184786441,-0.922733184786441,-0.225134129268178,0.225134129268178,-0.413218461280082,0.413218461280082,-0.993658618326134,0.993658618326134,-0.155299082110233,0.155299082110233,1.81909490601978,-1.81909490601978,-0.269499184863946,0.269499184863946,-1.69828985504469,1.69828985504469,0.295883431254855,-0.295883431254855,-0.332366107427703,0.332366107427703,-1.04642557073028,1.04642557073028,0.424289871453899,-0.424289871453899,2.24694064317651,-2.24694064317651,0.924417864646303,-0.924417864646303,-0.744061521501356,0.744061521501356,-0.991814614968333,0.991814614968333,0.117746328019771,-0.117746328019771,-0.653849535230739,0.653849535230739,1.4011355264631,-1.4011355264631,1.12030065162976,-1.12030065162976,-0.0496025014252421,0.0496025014252421,0.041273006264839,-0.041273006264839,-1.02979089992571,1.02979089992571,1.23659203315279,-1.23659203315279,-1.15585402218439,1.15585402218439,-0.0119685870787796,0.0119685870787796,0.657363343344111,-0.657363343344111,2.12615493853504,-2.12615493853504,-2.49701135809298,2.49701135809298,-0.575454630206292,0.575454630206292,0.823755044001573,-0.823755044001573,-0.706755559407588,0.706755559407588,1.22336536367843,-1.22336536367843,1.52253485675879,-1.52253485675879,-0.491366704505133,0.491366704505133,-1.23984769799858,1.23984769799858,-0.904660395392425,0.904660395392425,-0.742281065744314,0.742281065744314,1.211738864166,-1.211738864166,-0.960585231121451,0.960585231121451,0.353633677564969,-0.353633677564969,-1.50897385558321,1.50897385558321,1.38086495747543,-1.38086495747543,-0.413871617897364,0.413871617897364,-0.836026727631644,0.836026727631644,0.165275651874096,-0.165275651874096,0.292151491537075,-0.292151491537075,0.48690087887034,-0.48690087887034,1.88926862935218,-1.88926862935218,-0.427466371451264,0.427466371451264,1.67139843965341,-1.67139843965341,-0.650706724770939,0.650706724770939,-0.356779116612781,0.356779116612781,-0.750040914565223,0.750040914565223,-0.987075632988337,0.987075632988337,0.242112996715803,-0.242112996715803,1.47813669325766,-1.47813669325766,-0.820021183718613,0.820021183718613,-0.693581735815132,0.693581735815132,0.784775917745543,-0.784775917745543,-0.878459525286092,0.878459525286092,-0.64707667000295,0.64707667000295,-2.05227715812249,2.05227715812249,-0.592773127593896,0.592773127593896,-0.341187571305124,0.341187571305124,-1.75411279518967,1.75411279518967,0.742850528478539,-0.742850528478539,1.29556306885782,-1.29556306885782,0.673605723779529,-0.673605723779529,-0.490675622246113,0.490675622246113,0.672027837844387,-0.672027837844387,-2.01060241278108,2.01060241278108,-1.19347900087885,1.19347900087885,0.862948055452039,-0.862948055452039,-0.822655195790348,0.822655195790348,-0.956707728800007,0.956707728800007,-1.91251263766759,1.91251263766759,0.351340427879086,-0.351340427879086,1.89845763473922,-1.89845763473922,0.148203634687371,-0.148203634687371,1.00878735931046,-1.00878735931046,-1.74909623382739,1.74909623382739,1.38499736188633,-1.38499736188633,-0.100675583127151,0.100675583127151,-1.55981176032937,1.55981176032937,2.27626010306919,-2.27626010306919,1.82346761242515,-1.82346761242515,1.00687470626352,-1.00687470626352,-0.0226671850771661,0.0226671850771661,-0.161003871116147,0.161003871116147,-1.32008604455144,1.32008604455144,0.95467801356969,-0.95467801356969,0.330784016101117,-0.330784016101117,-0.256955992358583,0.256955992358583,-1.53430453179835,1.53430453179835,-1.32828998191055,1.32828998191055,-0.324614482109389,0.324614482109389,-0.374249966508619,0.374249966508619,1.21652677343235,-1.21652677343235,1.20258907930284,-1.20258907930284,0.0245276470022116,-0.0245276470022116,0.4958063977036,-0.4958063977036,-0.784797428044453,0.784797428044453,0.261666917932357,-0.261666917932357,-1.24586958201447,1.24586958201447,0.650716779757957,-0.650716779757957,-1.33223716489083,1.33223716489083,0.532644387852585,-0.532644387852585,0.185139722867176,-0.185139722867176,-1.6718271506866,1.6718271506866,-0.759609686244809,0.759609686244809,0.306751095565967,-0.306751095565967,1.8507211534189,-1.8507211534189,-0.229864881691327,0.229864881691327,-0.265039819826901,0.265039819826901,-0.0638987921382411,0.0638987921382411,0.964038166152997,-0.964038166152997,0.66387341356708,-0.66387341356708,0.35191186276528,-0.35191186276528,1.36800017024132,-1.36800017024132,-0.457145816760856,0.457145816760856,1.45559513913642,-1.45559513913642,1.98309268292171,-1.98309268292171,-0.538078436865402,0.538078436865402,-0.534737999465094,0.534737999465094,0.197547829591194,-0.197547829591194,0.156348307334048,-0.156348307334048,0.704752891801285,-0.704752891801285,-1.22390265539262,1.22390265539262,-0.665564055061727,0.665564055061727,-0.709219696469022,0.709219696469022,-0.361526028269216,0.361526028269216,1.71386179002381,-1.71386179002381,-2.20410007676434,2.20410007676434,0.73622937884293,-0.73622937884293,-0.170968380915897,0.170968380915897,2.34170093759047,-2.34170093759047,0.235461315268716,-0.235461315268716,-0.183886818877311,0.183886818877311,0.759088713779127,-0.759088713779127,0.601835854051064,-0.601835854051064,1.89495909834728,-1.89495909834728,-0.209559343430295,0.209559343430295,-0.079264622475597,0.079264622475597,-1.58428643836278,1.58428643836278,-0.15482594526928,0.15482594526928,-0.324878278006781,0.324878278006781,-0.17627937631532,0.17627937631532,0.676401345270022,-0.676401345270022,0.618671839959236,-0.618671839959236,1.21366651910564,-1.21366651910564,-1.29087220230625,1.29087220230625,-1.2041511372684,1.2041511372684,0.744707328990617,-0.744707328990617,1.82133094958286,-1.82133094958286,-1.67292251238501,1.67292251238501,-1.78688557540155,1.78688557540155,1.50633643430991,-1.50633643430991,-1.45330803713891,1.45330803713891,-1.07187572604652,1.07187572604652,0.57624780575028,-0.57624780575028,1.0573933677118,-1.0573933677118,0.292950787093509,-0.292950787093509,-0.728117122840086,0.728117122840086,-1.13710125781803,1.13710125781803,0.191114648029241,-0.191114648029241,1.67730288257323,-1.67730288257323,0.980510497173347,-0.980510497173347,0.750697971454751,-0.750697971454751,-1.29188420581066,1.29188420581066,-0.477185191248609,0.477185191248609,-1.21309798302203,1.21309798302203,-0.821233583258686,0.821233583258686,-1.62463866697391,1.62463866697391,0.270768302064204,-0.270768302064204,1.11558592499168,-1.11558592499168,0.851325744732743,-0.851325744732743,-0.672068512846583,0.672068512846583,-0.493633596492985,0.493633596492985,0.985844493804501,-0.985844493804501,-0.101377257387901,0.101377257387901,0.139917009269163,-0.139917009269163,1.37893543593134,-1.37893543593134,-1.23621625307982,1.23621625307982,-0.756816256288364,0.756816256288364,0.0881920713308242,-0.0881920713308242,0.235349731391328,-0.235349731391328,-1.51321360902331,1.51321360902331,0.25641070636713,-0.25641070636713,-0.908427759267436,0.908427759267436,0.752361083261085,-0.752361083261085,0.39269573740996,-0.39269573740996,-0.125476812421108,0.125476812421108,-0.579103150927142,0.579103150927142,1.31774838756651,-1.31774838756651,0.639995002075923,-0.639995002075923,-0.697563384657798,0.697563384657798,2.36741750407915,-2.36741750407915,-1.9648009339646,1.9648009339646,-0.928190992814447,0.928190992814447,-0.418738707933765,0.418738707933765,-0.383791718126168,0.383791718126168,0.214122407869205,-0.214122407869205,-0.369753576182021,0.369753576182021,-0.247009089456291,0.247009089456291,-0.355462364667481,0.355462364667481,-0.187770791119002,0.187770791119002,-1.2295359431989,1.2295359431989,0.0142690167751859,-0.0142690167751859,0.934203895240146,-0.934203895240146,0.579692692158769,-0.579692692158769,-0.25415190527254,0.25415190527254,0.350819250365169,-0.350819250365169,0.234556536120996,-0.234556536120996,0.0991235158390613,-0.0991235158390613,0.973179760715805,-0.973179760715805,1.54788591920531,-1.54788591920531,-0.462668307208691,0.462668307208691,-0.787679052722149,0.787679052722149,0.802897830009892,-0.802897830009892,-0.373464131551344,0.373464131551344,-1.30159107999701,1.30159107999701,0.507109355028179,-0.507109355028179,-1.38189074474035,1.38189074474035,0.909045355647766,-0.909045355647766,0.065483056925333,-0.065483056925333,-1.64806695029284,1.64806695029284,-0.173342959713132,0.173342959713132,0.693903138672463,-0.693903138672463,2.02975332277065,-2.02975332277065,-0.123528050556247,0.123528050556247,-0.171427645485478,0.171427645485478,0.15701629318821,-0.15701629318821,-0.811544777095929,0.811544777095929,2.55622885104789,-2.55622885104789,0.624812977970359,-0.624812977970359,0.075303589449308,-0.075303589449308,0.461743824457073,-0.461743824457073,-0.573362768383601,0.573362768383601,-0.542457072548522,0.542457072548522,0.710351332029692,-0.710351332029692,-1.09877318711905,1.09877318711905,-0.124681420304217,0.124681420304217,0.103180326828761,-0.103180326828761,-2.02255626877373,2.02255626877373,-1.46173954265613,1.46173954265613,2.2199104498133,-2.2199104498133,0.528899067256684,-0.528899067256684,1.48798969889176,-1.48798969889176,0.150383670865248,-0.150383670865248,0.976474662607078,-0.976474662607078,-0.261945987815227,0.261945987815227,0.495728302999433,-0.495728302999433,-1.06724042640275,1.06724042640275,-0.481132133340752,0.481132133340752,-1.22318029566557,1.22318029566557,-1.98923017148921,1.98923017148921,0.485541942986146,-0.485541942986146,-0.31236019641985,0.31236019641985,-0.425841277221946,0.425841277221946,-0.138091079949072,0.138091079949072,-0.138186751695409,0.138186751695409,0.812539811105925,-0.812539811105925,0.317590007441317,-0.317590007441317,-1.03022742723615,1.03022742723615,0.150438384801291,-0.150438384801291,-1.39936463551806,1.39936463551806,0.280905858799847,-0.280905858799847,1.61289378673537,-1.61289378673537,-0.926900314350136,0.926900314350136,-1.32141875600676,1.32141875600676,-1.69981038564986,1.69981038564986,-1.1015570549113,1.1015570549113,0.944239830374415,-0.944239830374415,-1.31241193163936,1.31241193163936,0.405286378539982,-0.405286378539982,0.177293384883428,-0.177293384883428,-0.165938415495738,0.165938415495738,-1.42124439092434,1.42124439092434,-0.472632153437877,0.472632153437877,1.83382254893828,-1.83382254893828,0.211198647091492,-0.211198647091492,1.06761596718938,-1.06761596718938,-0.101709682162217,0.101709682162217,0.802739827126559,-0.802739827126559,-0.529783720968742,0.529783720968742,-0.869647241764127,0.869647241764127,0.700734330618701,-0.700734330618701,1.97114732674066,-1.97114732674066,0.506093081112206,-0.506093081112206,-0.494567611740784,0.494567611740784,0.761276348868352,-0.761276348868352,-0.084592102890452,0.084592102890452,0.64282417308133,-0.64282417308133,0.987620519788287,-0.987620519788287,1.40813110456343,-1.40813110456343,-1.31153017274109,1.31153017274109,0.593474833369385,-0.593474833369385,-0.312869981726193,0.312869981726193,0.722165664110543,-0.722165664110543,1.29285150090357,-1.29285150090357,-1.59471028181338,1.59471028181338,0.149195690480627,-0.149195690480627,-0.104208658743892,0.104208658743892,-0.527176621862795,0.527176621862795,0.625438510894924,-0.625438510894924,1.12262658486422,-1.12262658486422,-1.29914192141566,1.29914192141566,-0.30238417776016,0.30238417776016,0.0955175868095263,-0.0955175868095263,0.10773367319867,-0.10773367319867,0.163100484059089,-0.163100484059089,2.66176315771837,-2.66176315771837,-0.342718795242739,0.342718795242739,-0.444425968058186,0.444425968058186,-0.11510300046531,0.11510300046531,0.0176781104864419,-0.0176781104864419,0.185875411449493,-0.185875411449493,-0.559769173479536,0.559769173479536,-0.827719157822831,0.827719157822831,1.58861388434937,-1.58861388434937,1.40638597048246,-1.40638597048246,0.039075455720488,-0.039075455720488,1.09232408384943,-1.09232408384943,0.151289618056368,-0.151289618056368,0.322367959636516,-0.322367959636516,-0.0106182187874548,0.0106182187874548,-0.000519257313310157,0.000519257313310157,1.91642363124735,-1.91642363124735,1.40004242721442,-1.40004242721442,-0.468791212199512,0.468791212199512,0.0737555720814392,-0.0737555720814392,-0.335565862521583,0.335565862521583,-0.762267724068179,0.762267724068179,1.5501188620709,-1.5501188620709,0.927492015094737,-0.927492015094737,0.4156423563976,-0.4156423563976,-0.208773887828045,0.208773887828045,0.491330170550251,-0.491330170550251,0.0113886554250352,-0.0113886554250352,0.257340274557803,-0.257340274557803,-1.05866938713043,1.05866938713043,-1.18120314048977,1.18120314048977,-0.806375263444425,0.806375263444425,-0.715154341806294,0.715154341806294,1.23269667274505,-1.23269667274505,0.937114202742167,-0.937114202742167,-0.274858096652935,0.274858096652935,-0.637813053439337,0.637813053439337,-1.53171364933247,1.53171364933247,1.03943527185587,-1.03943527185587,0.400067997400155,-0.400067997400155,-2.54033474470595,2.54033474470595,-0.59878084105963,0.59878084105963,0.143089124806073,-0.143089124806073,2.02958095965465,-2.02958095965465,1.23990811323438,-1.23990811323438,-0.379586002245004,0.379586002245004,-1.867759365237,1.867759365237,-0.524017148079251,0.524017148079251,0.530795184037661,-0.530795184037661,2.24672586806518,-2.24672586806518,0.88326565548829,-0.88326565548829,2.12607835648114,-2.12607835648114,1.44812935025974,-1.44812935025974,0.181294115203398,-0.181294115203398,-0.524946095115384,0.524946095115384,1.00151097074547,-1.00151097074547,-0.376837509159946,0.376837509159946,0.0472089823702645,-0.0472089823702645,0.556262762927724,-0.556262762927724,0.611937033383266,-0.611937033383266,1.79228377808841,-1.79228377808841,-1.14646610865265,1.14646610865265,0.977550812398416,-0.977550812398416,1.2811419708191,-1.2811419708191,1.39715733997417,-1.39715733997417,2.22246121471612,-2.22246121471612,0.213779825344163,-0.213779825344163,2.80573063626623,-2.80573063626623,-1.94281500490552,1.94281500490552,0.574532133912613,-0.574532133912613,1.40798688122727,-1.40798688122727,0.103562310182985,-0.103562310182985,-0.00833106359077515,0.00833106359077515,-0.092872000917282,0.092872000917282,0.0460670230392131,-0.0460670230392131,-0.560999445259257,0.560999445259257,-0.70840472295213,0.70840472295213,1.42268253403551,-1.42268253403551,0.301423515402961,-0.301423515402961,-0.136247466577687,0.136247466577687,0.451927618292238,-0.451927618292238,-1.84864330230863,1.84864330230863,0.00944337610746143,-0.00944337610746143,0.454780837848366,-0.454780837848366,0.840268341137557,-0.840268341137557,0.720032521074706,-0.720032521074706,0.202812548876567,-0.202812548876567,1.53671852006191,-1.53671852006191,0.286667926656677,-0.286667926656677,0.547475920001554,-0.547475920001554,1.80536687985833,-1.80536687985833,-0.371565224985637,0.371565224985637,-1.68075226368598,1.68075226368598,-0.614018595991453,0.614018595991453,0.00658676837443822,-0.00658676837443822,0.227543745860399,-0.227543745860399,0.235713032326618,-0.235713032326618,1.45130482271429,-1.45130482271429,1.6612938076032,-1.6612938076032,1.52420667777278,-1.52420667777278,-0.961439620920853,0.961439620920853,-0.154444613529688,0.154444613529688,-1.59357854198972,1.59357854198972,-2.4706776039688,2.4706776039688,-0.449886423832849,0.449886423832849,0.150793207004213,-0.150793207004213,1.59925764289358,-1.59925764289358,-0.288298157619961,0.288298157619961,-1.2104820330597,1.2104820330597,2.15654089101632,-2.15654089101632,-0.303667168164962,0.303667168164962,-0.272694696685554,0.272694696685554,1.51585690955859,-1.51585690955859,1.35900141399376,-1.35900141399376,-2.64042389666094,2.64042389666094,1.63486380290467,-1.63486380290467,-0.17893702213757,0.17893702213757,1.19576345294627,-1.19576345294627,-0.196338083426169,0.196338083426169,0.423438965763404,-0.423438965763404,0.459848194211306,-0.459848194211306,-1.38603386793675,1.38603386793675,-0.281889250004179,0.281889250004179,0.564747944492982,-0.564747944492982,-0.544203098092143,0.544203098092143,0.559432964929329,-0.559432964929329,0.571712623010453,-0.571712623010453,-0.676235118708636,0.676235118708636,-1.00230393564102,1.00230393564102,-0.172587915952101,0.172587915952101,-0.210370898256029,0.210370898256029,1.1808587465164,-1.1808587465164,-0.634484400989632,0.634484400989632,-0.807684043627659,0.807684043627659,0.245072998059583,-0.245072998059583,-0.242845334400826,0.242845334400826,2.14013379686478,-2.14013379686478,0.731699220145833,-0.731699220145833,-0.479929657043169,0.479929657043169,-2.24507493217147,2.24507493217147,1.00171866072569,-1.00171866072569,-0.0131757903938091,0.0131757903938091,-0.393839150338258,0.393839150338258,-0.530586639225397,0.530586639225397,1.58042674212857,-1.58042674212857,-0.556795040905256,0.556795040905256,-1.07491356648332,1.07491356648332,-0.782915531125005,0.782915531125005,-1.25949317951187,1.25949317951187,-0.628801479418878,0.628801479418878,0.675544146131717,-0.675544146131717,1.29851338543754,-1.29851338543754,0.829566874495749,-0.829566874495749,0.276198151809073,-0.276198151809073,0.742559322184424,-0.742559322184424,-0.217766125858382,0.217766125858382,0.116522558420252,-0.116522558420252,0.791871829745985,-0.791871829745985,-0.906252908730492,0.906252908730492,-0.53752047510773,0.53752047510773,-0.0448827635315545,0.0448827635315545,-0.34863434751025,0.34863434751025,-0.570902768574998,0.570902768574998,-0.856518040816276,0.856518040816276,0.462705916196818,-0.462705916196818,-0.477593043045932,0.477593043045932,0.0661779242686873,-0.0661779242686873,-0.938109238980692,0.938109238980692,-0.637539743670195,0.637539743670195,-2.02867196903587,2.02867196903587,1.54592804711104,-1.54592804711104,0.928953456980307,-0.928953456980307,0.0792396107870945,-0.0792396107870945,1.66720326685639,-1.66720326685639,-0.401199594713333,0.401199594713333,-0.19287423200547,0.19287423200547,0.622606159827721,-0.622606159827721,-1.24954598258055,1.24954598258055,-0.710883449706279,0.710883449706279,0.345018997572991,-0.345018997572991,-1.03318058195843,1.03318058195843,1.40258599836023,-1.40258599836023,0.310785225125171,-0.310785225125171,-0.775282486316658,0.775282486316658,-1.29999731403273,1.29999731403273,0.325450664195877,-0.325450664195877,0.544377390977835,-0.544377390977835,-0.534383320317067,0.534383320317067,0.393015654119941,-0.393015654119941,-1.61831128403962,1.61831128403962,0.251608158207291,-0.251608158207291,1.44891434915542,-1.44891434915542,-1.52113945339623,1.52113945339623,-1.47554247489746,1.47554247489746,-2.5755621314455,2.5755621314455,0.870151672795037,-0.870151672795037,-0.181771274651677,0.181771274651677,0.188353247369776,-0.188353247369776,0.029053012114557,-0.029053012114557,-0.369942501762058,0.369942501762058,0.0353115519430277,-0.0353115519430277,1.17082347238138,-1.17082347238138,-1.29210605168021,1.29210605168021,0.822321311204127,-0.822321311204127,-0.00311976242779513,0.00311976242779513,0.33451245851457,-0.33451245851457,0.3870630069242,-0.3870630069242,0.194973798591779,-0.194973798591779,1.04319735747176,-1.04319735747176,0.403847183047589,-0.403847183047589,2.16682791073642,-2.16682791073642,1.1514810388364,-1.1514810388364,-1.93979489044567,1.93979489044567,0.790494198318283,-0.790494198318283,-1.33884156145622,1.33884156145622,-0.817148194157494,0.817148194157494,1.56451331788223,-1.56451331788223,0.23558773603649,-0.23558773603649,-1.80216745728585,1.80216745728585,1.34238779849606,-1.34238779849606,1.15891498628281,-1.15891498628281,-1.32069839766066,1.32069839766066,-0.257999979848257,0.257999979848257,0.0279103674402312,-0.0279103674402312,1.82608039815696,-1.82608039815696,0.197285249442183,-0.197285249442183,0.910677447375692,-0.910677447375692,-0.120183555314375,0.120183555314375,-2.69605022202043,2.69605022202043,1.29953991477564,-1.29953991477564,-0.120737126741678,0.120737126741678,0.0620946578029219,-0.0620946578029219,-1.18055574862175,1.18055574862175,0.575334181012844,-0.575334181012844,-0.759218275817723,0.759218275817723,1.38944044896752,-1.38944044896752,-1.10233521826069,1.10233521826069,-0.726383611438772,0.726383611438772,0.926340704705354,-0.926340704705354,-0.235874135066637,0.235874135066637,0.801560808558361,-0.801560808558361,1.20847258320608,-1.20847258320608,-0.791044665058587,0.791044665058587,0.990211517531054,-0.990211517531054,1.90492926225223,-1.90492926225223,-0.453735259213847,0.453735259213847,-0.430157652524338,0.430157652524338,0.890825436634459,-0.890825436634459,1.22168508520993,-1.22168508520993,-1.70754098947919,1.70754098947919,0.0823867931028098,-0.0823867931028098,0.19980408912811,-0.19980408912811,0.385093714917974,-0.385093714917974,-0.000912642625048439,0.000912642625048439,-2.13610427419464,2.13610427419464,-1.1680649038975,1.1680649038975,-0.852516272976169,0.852516272976169,0
