1.18217684096072,-1.18217684096072,-1.00533784483954,1.00533784483954,0.648831621370332,-0.648831621370332,2.25799181022636,-2.25799181022636,-1.14502187268435,1.14502187268435,-1.11836616411855,1.11836616411855,-1.04475080748248,1.04475080748248,0.260293483695061,-0.260293483695061,-0.674468918603663,0.674468918603663,-0.209031843389504,0.209031843389504,0.575909966331025,-0.575909966331025,0.954638236176854,-0.954638236176854,0.813561868692494,-0.813561868692494,0.754186434886387,-0.754186434886387,0.683248475078329,-0.683248475078329,-1.01072660228177,1.01072660228177,0.0833395330579326,-0.0833395330579326,-1.41039216232254,1.41039216232254,0.318595474558428,-0.318595474558428,-0.721608006265565,0.721608006265565,1.70514340419738,-1.70514340419738,-0.156499104091218,0.156499104091218,-0.139889020567356,0.139889020567356,0.000386725864702482,-0.000386725864702482,1.48981128243139,-1.48981128243139,-0.330724241598213,0.330724241598213,0.218162127264776,-0.218162127264776,0.917309564282941,-0.917309564282941,0.0270449917177113,-0.0270449917177113,1.37484959257389,-1.37484959257389,1.84830834415019,-1.84830834415019,1.41160605566833,-1.41160605566833,0.40714077990552,-0.40714077990552,1.74195064883398,-1.74195064883398,1.91436950173977,-1.91436950173977,0.251387111526681,-0.251387111526681,0.361395441189666,-0.361395441189666,-0.517915370316396,0.517915370316396,-0.321982266302018,0.321982266302018,3.44833427647129,-3.44833427647129,0.0548445455430806,-0.0548445455430806,0.214394196361638,-0.214394196361638,0.759630488533483,-0.759630488533483,1.8340361333226,-1.8340361333226,0.788438986515131,-0.788438986515131,-0.677464011088487,0.677464011088487,-0.271152146591784,0.271152146591784,1.04713678866359,-1.04713678866359,1.21593977726621,-1.21593977726621,-0.223747510361696,0.223747510361696,-0.960603029390932,0.960603029390932,0.44289985138546,-0.44289985138546,0.14986096635601,-0.14986096635601,0.229066397026597,-0.229066397026597,0.00964146416083082,-0.00964146416083082,-1.03199879859769,1.03199879859769,1.40381555132158,-1.40381555132158,-0.75329238345703,0.75329238345703,0.795840177334236,-0.795840177334236,2.3652005238505,-2.3652005238505,0.245283403783442,-0.245283403783442,-0.18910964503961,0.18910964503961,0.563347459835631,-0.563347459835631,-0.87332327919572,0.87332327919572,1.78311786536177,-1.78311786536177,-1.32776586652275,1.32776586652275,-0.252552039189275,0.252552039189275,-0.40730145432759,0.40730145432759,0.507985986812245,-0.507985986812245,-1.01575548400456,1.01575548400456,-0.282897314586149,0.282897314586149,0.0113915207070426,-0.0113915207070426,0.40163200704811,-0.40163200704811,-1.80306309333354,1.80306309333354,0.237609277607353,-0.237609277607353,0.715307405999558,-0.715307405999558,-0.292084188898374,0.292084188898374,-0.213500464803844,0.213500464803844,-0.335815098469872,0.335815098469872,-0.516015948723621,0.516015948723621,0.180749925004638,-0.180749925004638,-1.85626702257751,1.85626702257751,-0.588133475010892,0.588133475010892,1.29036930454948,-1.29036930454948,-0.841564969082205,0.841564969082205,1.56730082271334,-1.56730082271334,-0.844939912676503,0.844939912676503,-0.223483081506277,0.223483081506277,-1.23020434292468,1.23020434292468,1.20418068120473,-1.20418068120473,0.0408284796958187,-0.0408284796958187,-1.68872684890525,1.68872684890525,0.451901575503063,-0.451901575503063,-1.05769910362701,1.05769910362701,0.820944593876299,-0.820944593876299,0.0928219356825736,-0.0928219356825736,2.31463392685869,-2.31463392685869,0.120603391527851,-0.120603391527851,-1.1152528732702,1.1152528732702,-1.23043710586848,1.23043710586848,-1.38237196461854,1.38237196461854,-0.0498461020621852,0.0498461020621852,-0.202394314896753,0.202394314896753,0.202670059831608,-0.202670059831608,-0.793039688250711,0.793039688250711,-0.518931678145256,0.518931678145256,0.903311315908811,-0.903311315908811,-0.152794967126713,0.152794967126713,0.533847619929115,-0.533847619929115,0.316941644174768,-0.316941644174768,-0.630013198371122,0.630013198371122,2.08822685021889,-2.08822685021889,-0.934439003684343,0.934439003684343,-0.717783039669313,0.717783039669313,-0.80710404865454,0.80710404865454,-0.465409412247652,0.465409412247652,1.2931338029829,-1.2931338029829,-0.982233615060428,0.982233615060428,0.0522463809893064,-0.0522463809893064,0.601374522916787,-0.601374522916787,-2.09177364019091,2.09177364019091,0.772673234581105,-0.772673234581105,0.399446600460561,-0.399446600460561,-0.19566381935594,0.19566381935594,-0.677901036773797,0.677901036773797,-0.495271973880573,0.495271973880573,-0.453617512298932,0.453617512298932,1.532705901929,-1.532705901929,-3.81430741221045,3.81430741221045,1.14695911203167,-1.14695911203167,-1.09788578908198,1.09788578908198,-1.53526998722125,1.53526998722125,-1.26112970146235,1.26112970146235,-1.25879475078481,1.25879475078481,-0.471624911304789,0.471624911304789,0.447585521695707,-0.447585521695707,0.828171138571271,-0.828171138571271,1.53008227918729,-1.53008227918729,-0.293383839333381,0.293383839333381,-1.40398671197626,1.40398671197626,1.5465949089837,-1.5465949089837,0.318992342384602,-0.318992342384602,-0.388103253707287,0.388103253707287,-0.0112478289090082,0.0112478289090082,1.64140001399759,-1.64140001399759,0.208902430215081,-0.208902430215081,-0.284403670117297,0.284403670117297,0.181818522725397,-0.181818522725397,0.658574493610778,-0.658574493610778,0.0735123596254422,-0.0735123596254422,0.108687719666093,-0.108687719666093,0.516946324427818,-0.516946324427818,-1.04649459740435,1.04649459740435,0.464653826645816,-0.464653826645816,-0.910540095655066,0.910540095655066,0.718645744199881,-0.718645744199881,-0.174403299052162,0.174403299052162,2.83146396135864,-2.83146396135864,-0.665383332504874,0.665383332504874,1.07601262163641,-1.07601262163641,1.05011708353759,-1.05011708353759,-0.00626124229666575,0.00626124229666575,1.49252744695628,-1.49252744695628,-0.0537111540283193,0.0537111540283193,-0.505974738210005,0.505974738210005,-0.564636634008604,0.564636634008604,0.941465461493383,-0.941465461493383,-1.20626768361512,1.20626768361512,1.13115506106728,-1.13115506106728,1.45110565346409,-1.45110565346409,-1.28690683766075,1.28690683766075,-0.118210389823667,0.118210389823667,0.605525892281864,-0.605525892281864,0.196278034055064,-0.196278034055064,0.167423775009519,-0.167423775009519,1.01996297459501,-1.01996297459501,1.07622721948668,-1.07622721948668,1.44739617197819,-1.44739617197819,1.12399440877497,-1.12399440877497,-0.868201160858921,0.868201160858921,1.08316966697086,-1.08316966697086,0.484066269185314,-0.484066269185314,1.41273432543853,-1.41273432543853,0.418663313333993,-0.418663313333993,0.921983287556246,-0.921983287556246,1.0389630818595,-1.0389630818595,-0.515604977274048,0.515604977274048,-0.284241784520892,0.284241784520892,1.96578410167965,-1.96578410167965,0.296978320029461,-0.296978320029461,-0.900053635360043,0.900053635360043,-1.04014498026085,1.04014498026085,-0.558588876389006,0.558588876389006,-0.0984331883798159,0.0984331883798159,1.20207118106425,-1.20207118106425,-0.205424185700269,0.205424185700269,1.08277112812222,-1.08277112812222,0.530540514582875,-0.530540514582875,-0.639182489260068,0.639182489260068,-1.21752083972449,1.21752083972449,0.564434432908031,-0.564434432908031,1.26879280121952,-1.26879280121952,-2.5659067515752,2.5659067515752,-0.906534213286164,0.906534213286164,-0.632122789032523,0.632122789032523,0.455945320255529,-0.455945320255529,-0.216654472436827,0.216654472436827,-0.597459381605961,0.597459381605961,-0.881330677267851,0.881330677267851,1.45180508470976,-1.45180508470976,0.580668733698817,-0.580668733698817,0.231096635129858,-0.231096635129858,-0.9589535014328,0.9589535014328,-0.46320644430891,0.46320644430891,-0.0210811762719784,0.0210811762719784,0.953625441563672,-0.953625441563672,-0.340599504071209,0.340599504071209,0.899486618408593,-0.899486618408593,-1.83996949557474,1.83996949557474,0.121231520379781,-0.121231520379781,-0.0808551180962621,0.0808551180962621,1.34514329830984,-1.34514329830984,0.202971647020904,-0.202971647020904,0.765669682032925,-0.765669682032925,-1.01732349974257,1.01732349974257,2.16311433046936,-2.16311433046936,0.10509759229046,-0.10509759229046,-0.554833488601948,0.554833488601948,-0.502252316809514,0.502252316809514,-1.51096117566477,1.51096117566477,0.686472762385752,-0.686472762385752,0.253172912309313,-0.253172912309313,-0.289988001897674,0.289988001897674,-0.32871435789351,0.32871435789351,0.617005852552902,-0.617005852552902,-1.22743681411692,1.22743681411692,-0.59194419842124,0.59194419842124,1.04921449995208,-1.04921449995208,-0.694390180263139,0.694390180263139,0.798331751313899,-0.798331751313899,0.804201091766469,-0.804201091766469,-0.103342951437388,0.103342951437388,1.60964522961144,-1.60964522961144,-0.211638120438431,0.211638120438431,-0.622584298032361,0.622584298032361,-0.747362791118143,0.747362791118143,1.24745014831339,-1.24745014831339,1.34330802160282,-1.34330802160282,0.274815119004188,-0.274815119004188,-0.319626933276654,0.319626933276654,1.12287456959682,-1.12287456959682,0.14761591361096,-0.14761591361096,0.731301477323712,-0.731301477323712,-0.609281337464693,0.609281337464693,-0.26830450948108,0.26830450948108,1.67680117903144,-1.67680117903144,1.25789414007063,-1.25789414007063,1.3980105870033,-1.3980105870033,0.423159471726442,-0.423159471726442,0.250361711019339,-0.250361711019339,1.16756288516305,-1.16756288516305,0.937532907855839,-0.937532907855839,0.881437882744544,-0.881437882744544,0.304466305545587,-0.304466305545587,-0.514442319789355,0.514442319789355,-0.658754191114611,0.658754191114611,0.326884115646845,-0.326884115646845,0.276972118571997,-0.276972118571997,-0.226246933160273,0.226246933160273,1.07698556687391,-1.07698556687391,0.285610698782515,-0.285610698782515,1.12243732110708,-1.12243732110708,1.14596667085687,-1.14596667085687,0.990729005895159,-0.990729005895159,-2.50650387982264,2.50650387982264,0.322878787506328,-0.322878787506328,-2.30484481762753,2.30484481762753,-0.748628094510629,0.748628094510629,-0.675976871567268,0.675976871567268,-0.403066321906594,0.403066321906594,0.830627778385956,-0.830627778385956,0.419353608175687,-0.419353608175687,-1.08689397597712,1.08689397597712,-0.762665720447502,0.762665720447502,0.795257890714764,-0.795257890714764,1.08835084175193,-1.08835084175193,0.680254565594821,-0.680254565594821,0.818795693638318,-0.818795693638318,-0.0447387020615515,0.0447387020615515,0.369783946497914,-0.369783946497914,0.724778259476936,-0.724778259476936,2.32412335366636,-2.32412335366636,-0.758351401170941,0.758351401170941,-0.591856039873195,0.591856039873195,0.601599540267199,-0.601599540267199,0.0203946636676401,-0.0203946636676401,0.217060065596395,-0.217060065596395,-0.0980906969169938,0.0980906969169938,0.872863006076399,-0.872863006076399,1.51514207028575,-1.51514207028575,-1.26946886637946,1.26946886637946,1.04810052769526,-1.04810052769526,-2.7053609019521,2.7053609019521,0.291843472122582,-0.291843472122582,-0.451165269832544,0.451165269832544,-0.991760263139292,0.991760263139292,2.22238060337914,-2.22238060337914,-0.329523824011614,0.329523824011614,-0.74905847553893,0.74905847553893,1.63158682000237,-1.63158682000237,1.80275073455406,-1.80275073455406,2.95356695055173,-2.95356695055173,-1.29197956857182,1.29197956857182,0.375371260015066,-0.375371260015066,0.43566020282306,-0.43566020282306,0.993129864960813,-0.993129864960813,0.896702418609997,-0.896702418609997,0.807571822328613,-0.807571822328613,1.74116238763773,-1.74116238763773,0.52946797811657,-0.52946797811657,1.01423072477321,-1.01423072477321,1.17200138526677,-1.17200138526677,0.423239162312959,-0.423239162312959,-1.8156541817061,1.8156541817061,-0.0272081906308174,0.0272081906308174,1.73974261696437,-1.73974261696437,-0.129435544589568,0.129435544589568,0.131143942657447,-0.131143942657447,-1.54203275105323,1.54203275105323,-0.958066528464347,0.958066528464347,-0.470047613071073,0.470047613071073,0.714324481124801,-0.714324481124801,0.224089408376745,-0.224089408376745,-0.661354452037053,0.661354452037053,-1.51244294198352,1.51244294198352,-1.03138171329335,1.03138171329335,0.079975435508531,-0.079975435508531,-0.00110992847214767,0.00110992847214767,0.143430032225046,-0.143430032225046,0.644218836506114,-0.644218836506114,-1.33081912736768,1.33081912736768,0.281639300735592,-0.281639300735592,0.927497444969866,-0.927497444969866,-0.0473996442869105,0.0473996442869105,-1.67059480172053,1.67059480172053,-1.14114442297777,1.14114442297777,-0.0464502233103625,0.0464502233103625,-0.573636656402251,0.573636656402251,0.552124431517828,-0.552124431517828,-0.831190739714086,0.831190739714086,-0.86953706110408,0.86953706110408,1.88986416800522,-1.88986416800522,1.5512330068229,-1.5512330068229,1.08304073541033,-1.08304073541033,-1.58229145421985,1.58229145421985,0.335213416522217,-0.335213416522217,1.49642398930543,-1.49642398930543,0.235782012924738,-0.235782012924738,-0.214527524696752,0.214527524696752,-1.3541965395582,1.3541965395582,-0.119328260559555,0.119328260559555,-0.804547293619396,0.804547293619396,-0.896916160265819,0.896916160265819,1.55440435650602,-1.55440435650602,-1.10510884669978,1.10510884669978,-1.33613271070391,1.33613271070391,0.671179559822196,-0.671179559822196,-0.291199770090362,0.291199770090362,-0.597827601691815,0.597827601691815,-0.766473116963745,0.766473116963745,-2.26980382480285,2.26980382480285,0.0798858103679792,-0.0798858103679792,-0.358304076691689,0.358304076691689,-1.89433753113431,1.89433753113431,0.633894114117966,-0.633894114117966,1.0125815442534,-1.0125815442534,-0.778260958472564,0.778260958472564,-0.799345022378677,0.799345022378677,-1.55472125327535,1.55472125327535,0.0376663424195083,-0.0376663424195083,0.620203369768927,-0.620203369768927,0.867917176922058,-0.867917176922058,0.445691365171147,-0.445691365171147,0.469747172223028,-0.469747172223028,0.376265363578526,-0.376265363578526,-0.438907872014718,0.438907872014718,-0.621974519839669,0.621974519839669,-0.255839693712276,0.255839693712276,-0.685070267153874,0.685070267153874,0.151434088359534,-0.151434088359534,-1.11129686899281,1.11129686899281,0.500350952863575,-0.500350952863575,-0.577787060685697,0.577787060685697,0.260091748317528,-0.260091748317528,-0.768733946558278,0.768733946558278,-0.680228377886724,0.680228377886724,-0.279547447153937,0.279547447153937,-0.977923088596501,0.977923088596501,1.24527922223612,-1.24527922223612,0.241752736224848,-0.241752736224848,-0.207298818227874,0.207298818227874,1.50313931064646,-1.50313931064646,-0.363579396366291,0.363579396366291,-2.2519511154553,2.2519511154553,-0.260310310864976,0.260310310864976,0.349986714626064,-0.349986714626064,-0.125953360168562,0.125953360168562,-0.21072025484892,0.21072025484892,-0.0177482006160371,0.0177482006160371,1.04669990537949,-1.04669990537949,0.065888909377701,-0.065888909377701,0.0763016967417645,-0.0763016967417645,1.25749061731362,-1.25749061731362,-0.363606127268233,0.363606127268233,-1.19214159563702,1.19214159563702,-1.41243271450715,1.41243271450715,0.702905883037231,-0.702905883037231,-0.0130555985517882,0.0130555985517882,-0.600144499034107,0.600144499034107,1.88687033558703,-1.88687033558703,0.123317175979007,-0.123317175979007,0.314986029304122,-0.314986029304122,-1.24476204579867,1.24476204579867,-0.719228394018874,0.719228394018874,-0.307382212179808,0.307382212179808,1.99963861191257,-1.99963861191257,0.476034972665483,-0.476034972665483,-0.569239929832843,0.569239929832843,-0.514313127712434,0.514313127712434,0.620598916249997,-0.620598916249997,-0.748984426137476,0.748984426137476,0.0175210069973042,-0.0175210069973042,0.689850816357206,-0.689850816357206,0.45005965985852,-0.45005965985852,0.510789170421771,-0.510789170421771,0.0372471799204727,-0.0372471799204727,-1.5056493454669,1.5056493454669,0.749022812381388,-0.749022812381388,-1.89914470424679,1.89914470424679,1.65297896245209,-1.65297896245209,0.176046032738446,-0.176046032738446,-1.71867897899649,1.71867897899649,-1.44576272437116,1.44576272437116,2.48193474357915,-2.48193474357915,0.306022531630504,-0.306022531630504,0.413201617567262,-0.413201617567262,1.47952626313923,-1.47952626313923,0.0368221434222396,-0.0368221434222396,-1.35574811885676,1.35574811885676,0.00581374362349383,-0.00581374362349383,0.898322744380799,-0.898322744380799,1.76638421891738,-1.76638421891738,0.46839791933453,-0.46839791933453,-1.41225326195652,1.41225326195652,-1.59803909225531,1.59803909225531,0.568895036836605,-0.568895036836605,-0.294311962475219,0.294311962475219,-1.04228363864146,1.04228363864146,-0.278779002301618,0.278779002301618,-0.2812575185013,0.2812575185013,-0.111741662599349,0.111741662599349,-0.805861573590327,0.805861573590327,-0.945631116634663,0.945631116634663,-0.909773819699609,0.909773819699609,0.714342978376844,-0.714342978376844,-0.983501707103419,0.983501707103419,1.21205551541075,-1.21205551541075,0.389307920911715,-0.389307920911715,1.20491377215097,-1.20491377215097,0.971486611434284,-0.971486611434284,0.0746342077145677,-0.0746342077145677,0.0512111657169195,-0.0512111657169195,0.296604286141959,-0.296604286141959,-0.426867020785288,0.426867020785288,1.52347144889352,-1.52347144889352,-1.59950831407951,1.59950831407951,-1.57193126075852,1.57193126075852,0.0676048107750442,-0.0676048107750442,-0.387228975616484,0.387228975616484,0.287370632289007,-0.287370632289007,0.586802165046388,-0.586802165046388,-0.791334196986293,0.791334196986293,-0.784262640886391,0.784262640886391,0.0315314929193124,-0.0315314929193124,-0.067241916913995,0.067241916913995,1.19153408302171,-1.19153408302171,-0.315323348652588,0.315323348652588,-0.828923243219444,0.828923243219444,0.628783584879812,-0.628783584879812,0.951636632171842,-0.951636632171842,-0.413352066628924,0.413352066628924,0.191023163718356,-0.191023163718356,0.596032103343342,-0.596032103343342,-2.09998400415327,2.09998400415327,0.244777035708112,-0.244777035708112,0.70086056824218,-0.70086056824218,0.162808904394239,-0.162808904394239,-1.41469349979571,1.41469349979571,0.995878190554994,-0.995878190554994,-0.706577198421006,0.706577198421006,1.56103538770243,-1.56103538770243,-0.240267957079837,0.240267957079837,0.23709039991246,-0.23709039991246,-0.266206100617271,0.266206100617271,1.19676684237271,-1.19676684237271,-0.901037323302077,0.901037323302077,-0.0516119042795969,0.0516119042795969,-0.281753020529299,0.281753020529299,0.0792485515880279,-0.0792485515880279,-0.179716494639782,0.179716494639782,0.406111741163707,-0.406111741163707,-1.1589683740362,1.1589683740362,-0.00454597970051376,0.00454597970051376,0.77802341815007,-0.77802341815007,-0.711745429447625,0.711745429447625,-0.126109657915749,0.126109657915749,-0.491345966137342,0.491345966137342,-0.382532689237989,0.382532689237989,0.608196070253685,-0.608196070253685,0.415027365871103,-0.415027365871103,-2.024949234427,2.024949234427,-0.500449135784132,0.500449135784132,-0.161912063450454,0.161912063450454,-0.685349304244133,0.685349304244133,-0.318662107899926,0.318662107899926,-0.243520384940819,0.243520384940819,-1.200225644763,1.200225644763,0.958563272489133,-0.958563272489133,-0.291594446941166,0.291594446941166,-1.1159901223505,1.1159901223505,-0.29058365693905,0.29058365693905,1.15733536973934,-1.15733536973934,-0.162973497249493,0.162973497249493,-0.281936993754796,0.281936993754796,-0.271167370468534,0.271167370468534,-0.566094505768763,0.566094505768763,0.276563920663411,-0.276563920663411,-0.136317986194553,0.136317986194553,0.12114617057204,-0.12114617057204,-0.0904601247019162,0.0904601247019162,0.792828621465096,-0.792828621465096,0.358474313852798,-0.358474313852798,0.0659146397005346,-0.0659146397005346,0.871668262868337,-0.871668262868337,-0.552666494447972,0.552666494447972,0.131933759424056,-0.131933759424056,1.04304190590067,-1.04304190590067,-0.547455069205143,0.547455069205143,-0.484122098135993,0.484122098135993,0.841336299746964,-0.841336299746964,1.01024393944582,-1.01024393944582,-1.50890874335679,1.50890874335679,-0.127667244698396,0.127667244698396,-0.953331700107946,0.953331700107946,-1.15417844173488,1.15417844173488,-0.435806970063262,0.435806970063262,0.914992375507389,-0.914992375507389,-1.24633137889893,1.24633137889893,1.44388570359913,-1.44388570359913,0.849747860869951,-0.849747860869951,0.868718532619226,-0.868718532619226,-0.959506224825481,0.959506224825481,-0.739565558088102,0.739565558088102,-0.754185167090083,0.754185167090083,2.13132466075433,-2.13132466075433,1.07706816722605,-1.07706816722605,-0.936439055748211,0.936439055748211,-0.376300297999692,0.376300297999692,-0.170956974500382,0.170956974500382,-0.619555216631492,0.619555216631492,0.432328318421938,-0.432328318421938,0.561816248305374,-0.561816248305374,-0.166168505148561,0.166168505148561,-0.568619713297512,0.568619713297512,1.13409252671897,-1.13409252671897,0.595126613976346,-0.595126613976346,-1.32702174681831,1.32702174681831,0.408244724037901,-0.408244724037901,-1.27633273147849,1.27633273147849,0.48933517188227,-0.48933517188227,-0.422456691972285,0.422456691972285,-0.812355637808686,0.812355637808686,-1.01749420236823,1.01749420236823,-0.0449449087115501,0.0449449087115501,0.410183890956711,-0.410183890956711,-0.813079886516575,0.813079886516575,0.552028426423423,-0.552028426423423,1.0953574681142,-1.0953574681142,-0.154903538528915,0.154903538528915,0.329443980717599,-0.329443980717599,0.73523766053536,-0.73523766053536,-0.6344902195041,0.6344902195041,-0.298081526696575,0.298081526696575,0.911752243615041,-0.911752243615041,1.00426160762821,-1.00426160762821,-1.27065545151009,1.27065545151009,-0.073519123278225,0.073519123278225,0.51680206060766,-0.51680206060766,1.46607926423573,-1.46607926423573,0.137650603163327,-0.137650603163327,-0.315436342203223,0.315436342203223,2.06804494112501,-2.06804494112501,0.509063077239054,-0.509063077239054,-1.17761908545007,1.17761908545007,0.874180592990129,-0.874180592990129,0.0435326444093832,-0.0435326444093832,0.8715076520446,-0.8715076520446,1.02724075402804,-1.02724075402804,-0.126905279636834,0.126905279636834,0.185026018377745,-0.185026018377745,-0.50749045233371,0.50749045233371,-0.0791503563098913,0.0791503563098913,0.432439210297753,-0.432439210297753,-0.559050133367273,0.559050133367273,-1.72397785532605,1.72397785532605,0.662409692219088,-0.662409692219088,2.62093484029823,-2.62093484029823,-0.186077977096166,0.186077977096166,0.859529559242683,-0.859529559242683,0.920517303719563,-0.920517303719563,1.41746458615629,-1.41746458615629,1.28389242291655,-1.28389242291655,1.5016398500694,-1.5016398500694,-0.620020808491114,0.620020808491114,-1.36955571500131,1.36955571500131,0.586560312362337,-0.586560312362337,-0.208464397069935,0.208464397069935,-2.57843741311775,2.57843741311775,0.00118242312856786,-0.00118242312856786,0.926680310116199,-0.926680310116199,-0.980667037275374,0.980667037275374,0.192785778592033,-0.192785778592033,-0.837146274291636,0.837146274291636,0.0118530613342938,-0.0118530613342938,0.780197560688404,-0.780197560688404,0.35253740302425,-0.35253740302425,-0.203618107183741,0.203618107183741,-0.58541099038551,0.58541099038551,1.6060675265863,-1.6060675265863,-1.7942709924616,1.7942709924616,1.24103246397897,-1.24103246397897,-1.70701103736483,1.70701103736483,0.405141705336474,-0.405141705336474,-0.405440718868512,0.405440718868512,0.718385582080089,-0.718385582080089,2.18669543001542,-2.18669543001542,-0.122486999154803,0.122486999154803,0.0261738240957448,-0.0261738240957448,-0.0107934829309635,0.0107934829309635,-0.170604958758544,0.170604958758544,0.729433457399211,-0.729433457399211,-0.729605585251341,0.729605585251341,-1.13123245773469,1.13123245773469,-0.349554601999252,0.349554601999252,-2.27207985093924,2.27207985093924,1.33627533092859,-1.33627533092859,-0.771668450517416,0.771668450517416,0.267098554712231,-0.267098554712231,1.1752260471607,-1.1752260471607,0.841229011311019,-0.841229011311019,0.883800288093236,-0.883800288093236,-1.41535005793566,1.41535005793566,0.423352124655112,-0.423352124655112,0.961845522874835,-0.961845522874835,-0.7869288463424,0.7869288463424,0.721466813177461,-0.721466813177461,-0.280760287013258,0.280760287013258,1.94353216790929,-1.94353216790929,1.4580264146853,-1.4580264146853,-0.224589583952717,0.224589583952717,1.42589288337654,-1.42589288337654,-0.244106977393328,0.244106977393328,-0.320704050147912,0.320704050147912,-1.25415837521323,1.25415837521323,-0.84950768245636,0.84950768245636,0.473629610546646,-0.473629610546646,-0.806650733050992,0.806650733050992,0.365774294029061,-0.365774294029061,2.27983991564641,-2.27983991564641,-0.973201307447228,0.973201307447228,-1.02784767195492,1.02784767195492,0.491550000530008,-0.491550000530008,-0.104500800429963,0.104500800429963,0.282735866708265,-0.282735866708265,1.50299110643926,-1.50299110643926,-1.06424752865505,1.06424752865505,-0.462964930468045,0.462964930468045,-0.433559694213616,0.433559694213616,-0.0377792312363061,0.0377792312363061,-0.0279433073734421,0.0279433073734421,-0.0814375081971401,0.0814375081971401,-0.824148213218664,0.824148213218664,0.845354271557832,-0.845354271557832,0.456617739865948,-0.456617739865948,-1.12785474134245,1.12785474134245,0.0180946492262476,-0.0180946492262476,-0.700041679604712,0.700041679604712,0.282517626042756,-0.282517626042756,0.707698895563887,-0.707698895563887,-0.103644217176471,0.103644217176471,-0.969165412247668,0.969165412247668,0.565115409017115,-0.565115409017115,0.81597595325841,-0.81597595325841,0.259054226830487,-0.259054226830487,-0.516048083291984,0.516048083291984,0.0106016064947786,-0.0106016064947786,0.115528059177584,-0.115528059177584,-1.39088312082133,1.39088312082133,1.22506234671467,-1.22506234671467,0.58307711604823,-0.58307711604823,0.462569330989839,-0.462569330989839,0.261124561248023,-0.261124561248023,-0.0928753070447583,0.0928753070447583,-1.2676152698753,1.2676152698753,0.583329903079022,-0.583329903079022,-0.0199404487699546,0.0199404487699546,0.358399872773888,-0.358399872773888,1.16822424314068,-1.16822424314068,-0.723646973122717,0.723646973122717,-0.956732401412663,0.956732401412663,0.279023756612647,-0.279023756612647,-1.33627205155523,1.33627205155523,-1.19267037532929,1.19267037532929,0.741218224889846,-0.741218224889846,-0.831383830383093,0.831383830383093,-0.282984672263398,0.282984672263398,0.624430230729599,-0.624430230729599,-2.06881880568397,2.06881880568397,-0.549252948550979,0.549252948550979,-0.212500041188995,0.212500041188995,-1.29289671418823,1.29289671418823,-0.303060355265232,0.303060355265232,-0.108415561478575,0.108415561478575,0.421805445793278,-0.421805445793278,1.50187086362387,-1.50187086362387,-0.114245111790013,0.114245111790013,-1.20554372831013,1.20554372831013,-0.190615481198559,0.190615481198559,0.788080440985517,-0.788080440985517,1.63484397114376,-1.63484397114376,0.360908800552302,-0.360908800552302,-1.88311438938486,1.88311438938486,1.01544758429163,-1.01544758429163,0.25035173511218,-0.25035173511218,-0.518863120758284,0.518863120758284,0.0125514577977549,-0.0125514577977549,0.482503908089889,-0.482503908089889,0.829575447622106,-0.829575447622106,0.300218101241913,-0.300218101241913,-0.15846330807657,0.15846330807657,1.09741778583603,-1.09741778583603,-0.254869384642065,0.254869384642065,-0.580261098384182,0.580261098384182,1.04343044749898,-1.04343044749898,0.652787287561716,-0.652787287561716,-1.3174352473579,1.3174352473579,-0.653064910111876,0.653064910111876,1.27165188393116,-1.27165188393116,0.213821270770983,-0.213821270770983,0.305602346786328,-0.305602346786328,-0.964914100140636,0.964914100140636,-0.131840214458181,0.131840214458181,0.178524944708427,-0.178524944708427,0.37965297026812,-0.37965297026812,1.43938438532792,-1.43938438532792,1.98203873415463,-1.98203873415463,-1.13652913832451,1.13652913832451,-0.729021998781003,0.729021998781003,-0.480596478719096,0.480596478719096,0.0310424306126233,-0.0310424306126233,-0.418547170712904,0.418547170712904,0.365611630174617,-0.365611630174617,0.964039477072075,-0.964039477072075,-1.4091829399107,1.4091829399107,0.542900519440216,-0.542900519440216,-1.29618763095847,1.29618763095847,0.666867604136707,-0.666867604136707,-0.370685131719515,0.370685131719515,1.90170457849038,-1.90170457849038,1.94505212001004,-1.94505212001004,1.35773017305916,-1.35773017305916,-0.917534488359361,0.917534488359361,-0.796481055686288,0.796481055686288,1.42403966953511,-1.42403966953511,-0.374909667130438,0.374909667130438,0.0351779924693877,-0.0351779924693877,1.26105316577826,-1.26105316577826,0.115961527517677,-0.115961527517677,-1.1922018727075,1.1922018727075,-1.00775934681203,1.00775934681203,0.490754128069129,-0.490754128069129,1.05092211952557,-1.05092211952557,0.658645032707859,-0.658645032707859,-0.729286917736606,0.729286917736606,-0.289492077845867,0.289492077845867,-0.717315628151922,0.717315628151922,0.890785535646736,-0.890785535646736,-0.587912276745542,0.587912276745542,-0.154805851399018,0.154805851399018,0.802748496482704,-0.802748496482704,-0.73610875383406,0.73610875383406,-0.0599513785524943,0.0599513785524943,0.516454731268106,-0.516454731268106,1.26399997863978,-1.26399997863978,-1.24713698902201,1.24713698902201,0.734668263868036,-0.734668263868036,2.84372271840063,-2.84372271840063,-0.379149476656145,0.379149476656145,-1.09364694428392,1.09364694428392,0.589577146056163,-0.589577146056163,0.851904207693203,-0.851904207693203,-0.343367437057278,0.343367437057278,-0.287720601886465,0.287720601886465,-0.736928836616415,0.736928836616415,2.07612106138585,-2.07612106138585,-2.20548322719393,2.20548322719393,-1.06657367499618,1.06657367499618,-0.297139876440213,0.297139876440213,0.830498517259602,-0.830498517259602,0.729839004524331,-0.729839004524331,-0.89532606936599,0.89532606936599,-0.742598680546739,0.742598680546739,1.73748692448915,-1.73748692448915,-0.758734850635637,0.758734850635637,-1.72022870883794,1.72022870883794,-0.716560735121086,0.716560735121086,-0.531745064486038,0.531745064486038,-0.476800086455477,0.476800086455477,-0.117909528414531,0.117909528414531,1.09231627956831,-1.09231627956831,-0.632356715118867,0.632356715118867,-1.5437264400973,1.5437264400973,-0.839297522964431,0.839297522964431,0.576932203184398,-0.576932203184398,0.616610279558904,-0.616610279558904,0.183836316748154,-0.183836316748154,1.79134134341376,-1.79134134341376,0.142083418375658,-0.142083418375658,-0.45734027685155,0.45734027685155,0.187601916715199,-0.187601916715199,-0.781761287395269,0.781761287395269,0.919557007135821,-0.919557007135821,0.135409558144723,-0.135409558144723,-1.28326051735339,1.28326051735339,2.29841419269866,-2.29841419269866,0.254302625656387,-0.254302625656387,-0.285293331230346,0.285293331230346,0.456783586433175,-0.456783586433175,1.78428773810633,-1.78428773810633,0.581356157541826,-0.581356157541826,0.975053280182772,-0.975053280182772,-0.086822568423553,0.086822568423553,2.11505860163644,-2.11505860163644,0.637892268900989,-0.637892268900989,-0.367915761445586,0.367915761445586,-0.205289025234929,0.205289025234929,0.0385655022757684,-0.0385655022757684,-0.423354281624473,0.423354281624473,-0.219023970772059,0.219023970772059,-0.556680821685054,0.556680821685054,1.19008548223592,-1.19008548223592,-0.919648742257591,0.919648742257591,-1.217936447783,1.217936447783,-1.4727694397052,1.4727694397052,-1.40744992748435,1.40744992748435,0.00723421109124255,-0.00723421109124255,0.251754431894422,-0.251754431894422,0.450665083429285,-0.450665083429285,-0.117749158072785,0.117749158072785,1.76395532945041,-1.76395532945041,-0.609398164627622,0.609398164627622,-1.85472642160776,1.85472642160776,-0.736473633901589,0.736473633901589,-0.219246834327709,0.219246834327709,-0.702492962008197,0.702492962008197,1.55487948920469,-1.55487948920469,-1.80719182370758,1.80719182370758,-0.341033088385341,0.341033088385341,-0.466110385130679,0.466110385130679,-0.339279278470547,0.339279278470547,0.794085004329683,-0.794085004329683,0.960877027906831,-0.960877027906831,-0.636872312027021,0.636872312027021,1.01879705733877,-1.01879705733877,-1.04754870319192,1.04754870319192,-0.12839503587695,0.12839503587695,0.0791917623253885,-0.0791917623253885,-0.107521201120455,0.107521201120455,-1.60458840116981,1.60458840116981,0.344715409271704,-0.344715409271704,0.0662489084541074,-0.0662489084541074,-0.600167356791381,0.600167356791381,-0.44671686745755,0.44671686745755,-1.79881638191437,1.79881638191437,-0.32457681722604,0.32457681722604,-0.386778401498236,0.386778401498236,-0.730725108087509,0.730725108087509,0.35005730658687,-0.35005730658687,0.779950517840736,-0.779950517840736,-0.215561349750629,0.215561349750629,-0.734592037690572,0.734592037690572,0.440370432530156,-0.440370432530156,0.0980983143760848,-0.0980983143760848,-1.05116221171128,1.05116221171128,-0.697397436357828,0.697397436357828,2.08055371179011,-2.08055371179011,0.911812511490436,-0.911812511490436,-1.44334288128182,1.44334288128182,1.46883548663139,-1.46883548663139,-1.1942963403674,1.1942963403674,1.03967785391236,-1.03967785391236,-0.941697935251625,0.941697935251625,0.566688285449754,-0.566688285449754,0.537624499078135,-0.537624499078135,-0.597062126989704,0.597062126989704,-0.429504792680359,0.429504792680359,-1.48952531263128,1.48952531263128,0.00831345769094641,-0.00831345769094641,-0.741488678778232,0.741488678778232,-1.09176294849185,1.09176294849185,0.730235792445626,-0.730235792445626,0.127201378707417,-0.127201378707417,-0.48870096707971,0.48870096707971,-0.858845540879227,0.858845540879227,0.713317334801831,-0.713317334801831,0.322730750277022,-0.322730750277022,0.9719510501041,-0.9719510501041,1.6352111264637,-1.6352111264637,-1.74745815654676,1.74745815654676,-0.68525251366897,0.68525251366897,0.135546158675805,-0.135546158675805,-0.0806196515906671,0.0806196515906671,1.60818519895882,-1.60818519895882,-0.643046532245018,0.643046532245018,-0.203163583431143,0.203163583431143,0.104931484107961,-0.104931484107961,-0.564815288320895,0.564815288320895,-2.20245594462684,2.20245594462684,0.730723702410867,-0.730723702410867,0.0261281841756074,-0.0261281841756074,0.300376000255121,-0.300376000255121,1.95839278496527,-1.95839278496527,0.183035625390769,-0.183035625390769,0.626122384424652,-0.626122384424652,-0.636601427949003,0.636601427949003,2.11255197892601,-2.11255197892601,0.961652113269464,-0.961652113269464,0.0408617476972451,-0.0408617476972451,0.53891021082631,-0.53891021082631,-1.2344921392401,1.2344921392401,-0.0319258880303642,0.0319258880303642,0.883135058029259,-0.883135058029259,0.768689079771608,-0.768689079771608,1.35002290254455,-1.35002290254455,-0.622564652583773,0.622564652583773,-1.02745107393987,1.02745107393987,-1.17012025119638,1.17012025119638,-1.91816306728094,1.91816306728094,1.02570247978633,-1.02570247978633,0.294883117882837,-0.294883117882837,2.37065385150593,-2.37065385150593,-0.441302985359669,0.441302985359669,-0.910961625988824,0.910961625988824,-1.90028836876113,1.90028836876113,0.0904934953838043,-0.0904934953838043,-0.679575676947252,0.679575676947252,0.320543049302249,-0.320543049302249,0.0475377921078143,-0.0475377921078143,0.339129063234703,-0.339129063234703,1.93225453681898,-1.93225453681898,0.0855227134180775,-0.0855227134180775,0.370029012056482,-0.370029012056482,-0.495900825904939,0.495900825904939,-0.256867253974902,0.256867253974902,1.05126850439817,-1.05126850439817,0.523047306862172,-0.523047306862172,0.0427393253198913,-0.0427393253198913,0.484972034620569,-0.484972034620569,1.1568126698474,-1.1568126698474,-1.2423140477272,1.2423140477272,1.67683189109903,-1.67683189109903,0.310106201195675,-0.310106201195675,-0.220022048648088,0.220022048648088,-0.661124180504001,0.661124180504001,0.717490751866628,-0.717490751866628,1.50812643415379,-1.50812643415379,-0.182280203398964,0.182280203398964,0.0778678184408234,-0.0778678184408234,0.476441013100357,-0.476441013100357,-1.53544361028627,1.53544361028627,0.436193269134104,-0.436193269134104,0.768678989051504,-0.768678989051504,-0.10359596688457,0.10359596688457,-0.456308589471861,0.456308589471861,-1.99259907520605,1.99259907520605,0.0608491964227733,-0.0608491964227733,-0.378118872229445,0.378118872229445,-0.533016746996204,0.533016746996204,0.284063806900214,-0.284063806900214,1.575420832866,-1.575420832866,0.956937473296764,-0.956937473296764,-1.71313382279419,1.71313382279419,-0.453822662679885,0.453822662679885,0.00517607861982287,-0.00517607861982287,-0.689437259079084,0.689437259079084,-0.562905526813854,0.562905526813854,2.03842791371744,-2.03842791371744,1.27031677910703,-1.27031677910703,1.43247963933994,-1.43247963933994,-0.458208201619881,0.458208201619881,-0.544399910404497,0.544399910404497,0.91349107159251,-0.91349107159251,1.64202427732949,-1.64202427732949,-0.124327800584736,0.124327800584736,0.171606133758009,-0.171606133758009,-0.630349993626952,0.630349993626952,1.75778188248589,-1.75778188248589,1.21689221322196,-1.21689221322196,-0.97949077813423,0.97949077813423,-1.41988503802674,1.41988503802674,-0.253621993724244,0.253621993724244,1.38533413380195,-1.38533413380195,0.338808131609035,-0.338808131609035,-1.15635319078308,1.15635319078308,3.04744303436544,-3.04744303436544,0.871963429153787,-0.871963429153787,-0.916186384658497,0.916186384658497,0.0764025055950777,-0.0764025055950777,1.85361738700208,-1.85361738700208,-0.856032041009349,0.856032041009349,2.73798018966938,-2.73798018966938,-0.332529715756997,0.332529715756997,0.143302373959154,-0.143302373959154,-0.816944562187722,0.816944562187722,0.596028505250399,-0.596028505250399,-1.43859358256627,1.43859358256627,0.150706802485009,-0.150706802485009,0.266188966739953,-0.266188966739953,-2.14644832652154,2.14644832652154,-0.920989541787308,0.920989541787308,-0.625272099842459,0.625272099842459,0.330157886773804,-0.330157886773804,0.0676081772008686,-0.0676081772008686,-0.93481181836497,0.93481181836497,0.362012793098408,-0.362012793098408,0.23141799874779,-0.23141799874779,-0.584801529613667,0.584801529613667,0.488374086924859,-0.488374086924859,2.25310713388006,-2.25310713388006,0.367025110723156,-0.367025110723156,0.556645010859797,-0.556645010859797,-0.904778817284922,0.904778817284922,1.68212990194621,-1.68212990194621,-0.265663137999657,0.265663137999657,-1.93354673359085,1.93354673359085,-0.415497767020595,0.415497767020595,0.598869575256185,-0.598869575256185,0.868603129171448,-0.868603129171448,1.264793405452,-1.264793405452,0.0476070618873099,-0.0476070618873099,-1.06239044038603,1.06239044038603,0.836407456984875,-0.836407456984875,-0.953631355066508,0.953631355066508,-1.68978670250257,1.68978670250257,0.0697621484573345,-0.0697621484573345,0.342091738789332,-0.342091738789332,-0.905100701049441,0.905100701049441,-0.0761220577141506,0.0761220577141506,0.693748744144343,-0.693748744144343,-0.0974471156670885,0.0974471156670885,0.59827892998471,-0.59827892998471,0.930703876618412,-0.930703876618412,0.115450221210584,-0.115450221210584,0.885479507200283,-0.885479507200283,1.69167599759678,-1.69167599759678,-1.06959922492106,1.06959922492106,-1.23381306921784,1.23381306921784,0.0846537397417014,-0.0846537397417014,1.72720234737975,-1.72720234737975,0.966724437319033,-0.966724437319033,-1.30814206069625,1.30814206069625,0.9098018837592,-0.9098018837592,-0.0695739137008416,0.0695739137008416,1.27791531308901,-1.27791531308901,-0.20843593313953,0.20843593313953,0.957945407191601,-0.957945407191601,1.04505387462593,-1.04505387462593,-1.31825841711213,1.31825841711213,2.16115423466844,-2.16115423466844,-0.0849890943616178,0.0849890943616178,-0.14219680206505,0.14219680206505,1.01651943524147,-1.01651943524147,0.84881357505192,-0.84881357505192,1.37332177911902,-1.37332177911902,-0.0435710434745899,0.0435710434745899,-1.48320115137448,1.48320115137448,0.918639438948891,-0.918639438948891,1.03069664081568,-1.03069664081568,0.499074510883058,-0.499074510883058,-1.29873281807309,1.29873281807309,1.07486866536445,-1.07486866536445,1.6133760867296,-1.6133760867296,-1.08490551475242,1.08490551475242,0.657310430624247,-0.657310430624247,-2.2039170073545,2.2039170073545,0.813604705404253,-0.813604705404253,-0.867205217222432,0.867205217222432,-0.555255336913946,0.555255336913946,-2.15239405989577,2.15239405989577,2.60525790634916,-2.60525790634916,-0.923789025395496,0.923789025395496,-1.30674294975394,1.30674294975394,-0.415738045061469,0.415738045061469,1.19440601322155,-1.19440601322155,0.0733227742032378,-0.0733227742032378,0.210419974065136,-0.210419974065136,-0.342185690336125,0.342185690336125,0.774378546307489,-0.774378546307489,-0.0611911835653634,0.0611911835653634,0.785684253001348,-0.785684253001348,-0.73763787751135,0.73763787751135,-2.25457537114544,2.25457537114544,0.77742804374364,-0.77742804374364,0.472191109812094,-0.472191109812094,0.321200268095684,-0.321200268095684,-1.27337062343069,1.27337062343069,-0.0762220788948374,0.0762220788948374,0.47060132747142,-0.47060132747142,-0.430176483979786,0.430176483979786,1.1390285360985,-1.1390285360985,-0.590380387142382,0.590380387142382,1.15025990064149,-1.15025990064149,-0.505736645546963,0.505736645546963,-1.0554176071299,1.0554176071299,-1.15506306272974,1.15506306272974,-2.77168187745851,2.77168187745851,-0.666850428714943,0.666850428714943,-0.332624863148853,0.332624863148853,-0.607776292728065,0.607776292728065,-0.141814069945983,0.141814069945983,-1.00928202678005,1.00928202678005,-0.296864806147647,0.296864806147647,-0.613787017582241,0.613787017582241,1.51642752775688,-1.51642752775688,0.634819553385455,-0.634819553385455,0.394772669129286,-0.394772669129286,0.359545767737088,-0.359545767737088,-0.561274113722931,0.561274113722931,1.85005267007752,-1.85005267007752,1.39134080699635,-1.39134080699635,-1.30032197237329,1.30032197237329,-0.112135427654888,0.112135427654888,-1.46752714436719,1.46752714436719,0.730271610373395,-0.730271610373395,1.63329148334941,-1.63329148334941,0.131988227920724,-0.131988227920724,-0.209753820199804,0.209753820199804,-0.826013575339631,0.826013575339631,0.80032459079802,-0.80032459079802,0.855772029195755,-0.855772029195755,0.919490244017032,-0.919490244017032,-0.560460417188042,0.560460417188042,1.14360563457496,-1.14360563457496,0.273733497279804,-0.273733497279804,0.384473016937773,-0.384473016937773,-0.0592108448048028,0.0592108448048028,1.13934406276786,-1.13934406276786,-0.493304289758838,0.493304289758838,-0.332810361614364,0.332810361614364,-0.131764958417691,0.131764958417691,-1.46355980211333,1.46355980211333,-0.49544598913001,0.49544598913001,-0.103259756235318,0.103259756235318,-1.81857216175147,1.81857216175147,0.733630330437131,-0.733630330437131,-1.40004692066394,1.40004692066394,-2.3994353852506,2.3994353852506,-0.0540269912579059,0.0540269912579059,-1.49353808417655,1.49353808417655,0.432614842687945,-0.432614842687945,-0.155218981311328,0.155218981311328,0.474083773735206,-0.474083773735206,-0.829077545127901,0.829077545127901,-2.47188984742748,2.47188984742748,-0.0128224320935277,0.0128224320935277,0.402559570136678,-0.402559570136678,0.650922556596017,-0.650922556596017,1.021636840321,-1.021636840321,-0.146578687804227,0.146578687804227,-0.352678189612099,0.352678189612099,0.395917897537913,-0.395917897537913,0.96457399974649,-0.96457399974649,0.19908935645407,-0.19908935645407,-1.36917143188674,1.36917143188674,-1.75771163586446,1.75771163586446,0.763867585716022,-0.763867585716022,0.379465267703218,-0.379465267703218,0.123281579328266,-0.123281579328266,2.03212671879325,-2.03212671879325,0.571238619802697,-0.571238619802697,-0.373098297224454,0.373098297224454,-0.780381130315371,0.780381130315371,-0.397155814708871,0.397155814708871,0.204653875391562,-0.204653875391562,-0.0482466387238687,0.0482466387238687,2.93299591842878,-2.93299591842878,1.79146461721567,-1.79146461721567,-1.1905855252408,1.1905855252408,-0.379187419608043,0.379187419608043,1.11623000666888,-1.11623000666888,-0.559977121291064,0.559977121291064,0.480363236910614,-0.480363236910614,0.414751413938736,-0.414751413938736,0.342913048438351,-0.342913048438351,-0.544468995029328,0.544468995029328,-0.473952349362845,0.473952349362845,-0.4635166134766,0.4635166134766,0.377302411788038,-0.377302411788038,-0.0151996564110328,0.0151996564110328,-0.362902338940013,0.362902338940013,-1.57222437927799,1.57222437927799,-1.31981780205457,1.31981780205457,-0.103714554103721,0.103714554103721,0.34272856929978,-0.34272856929978,-1.31844546210679,1.31844546210679,1.05499112269195,-1.05499112269195,1.38003863954205,-1.38003863954205,-1.1637006378746,1.1637006378746,-0.704829711531145,0.704829711531145,1.17893589699841,-1.17893589699841,-0.271320900248929,0.271320900248929,0.165189174654943,-0.165189174654943,0.252480520921151,-0.252480520921151,-1.28468003386437,1.28468003386437,-0.453292019898853,0.453292019898853,-0.958770200871508,0.958770200871508,-0.848815595973277,0.848815595973277,-0.116066329851916,0.116066329851916,1.18153654705427,-1.18153654705427,0.510408048700531,-0.510408048700531,0.376530467186594,-0.376530467186594,-1.96290038827294,1.96290038827294,-1.29027592620974,1.29027592620974,-0.695315916150305,0.695315916150305,-1.15876406662209,1.15876406662209,-1.67246285208153,1.67246285208153,0.0285798269040101,-0.0285798269040101,-1.16790220563639,1.16790220563639,-1.57022803441124,1.57022803441124,-1.37114127333433,1.37114127333433,-0.397651312359708,0.397651312359708,0.686877668083346,-0.686877668083346,0.923829385005535,-0.923829385005535,-1.62626424384421,1.62626424384421,2.53696564624229,-2.53696564624229,-0.962033942036068,0.962033942036068,-0.381496885782143,0.381496885782143,-1.08654873269766,1.08654873269766,-0.418296650539711,0.418296650539711,-1.97842572571915,1.97842572571915,0.597100589547705,-0.597100589547705,-0.321979181476454,0.321979181476454,1.1128108613386,-1.1128108613386,0.310713919169741,-0.310713919169741,-0.130253558874184,0.130253558874184,0.0197632056928333,-0.0197632056928333,0.954561002007378,-0.954561002007378,0.556652418107542,-0.556652418107542,-1.05520465832431,1.05520465832431,0.434277738949508,-0.434277738949508,-0.0678140606757348,0.0678140606757348,0.14234232859501,-0.14234232859501,0.369431164484231,-0.369431164484231,-0.568981143471892,0.568981143471892,-1.51988316282538,1.51988316282538,0.772283839119993,-0.772283839119993,0.896166447574721,-0.896166447574721,0.983389297136253,-0.983389297136253,-0.514982296180797,0.514982296180797,0.113832720616094,-0.113832720616094,0.730176953764661,-0.730176953764661,-0.518737443232928,0.518737443232928,-0.124219347281581,0.124219347281581,-0.219071356890478,0.219071356890478,0.042427094551618,-0.042427094551618,-1.3909085430625,1.3909085430625,0.345374589750465,-0.345374589750465,0.317600227240004,-0.317600227240004,0.757898490745589,-0.757898490745589,-1.99566863537675,1.99566863537675,0.375720518959311,-0.375720518959311,-0.651074834989791,0.651074834989791,0.548480966444386,-0.548480966444386,-1.06910645944621,1.06910645944621,0.713702056855601,-0.713702056855601,-0.359469146607361,0.359469146607361,0.204323620293057,-0.204323620293057,0.454877363815058,-0.454877363815058,0.778849726915461,-0.778849726915461,-0.572588186267864,0.572588186267864,-0.698140753426042,0.698140753426042,-0.196198147544872,0.196198147544872,0.952560718099283,-0.952560718099283,-0.78165916822951,0.78165916822951,-1.00070006733391,1.00070006733391,-0.355394302969092,0.355394302969092,-0.590150846063056,0.590150846063056,-0.305817168008517,0.305817168008517,-1.56633446895861,1.56633446895861,-0.841189230436782,0.841189230436782,-0.538592501802856,0.538592501802856,1.45901399233274,-1.45901399233274,-0.669574360738022,0.669574360738022,-0.210923259880698,0.210923259880698,-0.90529870571361,0.90529870571361,-0.707042062474565,0.707042062474565,-1.49438588513893,1.49438588513893,-0.10804239322839,0.10804239322839,0.67957870588604,-0.67957870588604,-1.68211298000984,1.68211298000984,0.349542257777001,-0.349542257777001,-1.07741330344112,1.07741330344112,1.13791564613444,-1.13791564613444,-1.65439474509488,1.65439474509488,-0.196958516292524,0.196958516292524,0.471382098372899,-0.471382098372899,-0.118439101731305,0.118439101731305,-0.195658104964637,0.195658104964637,-0.0371091956444941,0.0371091956444941,-0.669531994710002,0.669531994710002,-0.322777655636075,0.322777655636075,0.0250444761903671,-0.0250444761903671,-0.0879125947162795,0.0879125947162795,-0.904785396421791,0.904785396421791,0.396937356823266,-0.396937356823266,-0.936405388324884,0.936405388324884,1.28473940351897,-1.28473940351897,-0.942725188393569,0.942725188393569,1.11651019039733,-1.11651019039733,-0.435438127689893,0.435438127689893,1.46773391836994,-1.46773391836994,0.793712160502675,-0.793712160502675,-0.304549096451084,0.304549096451084,-0.174547512179582,0.174547512179582,-0.20374595394927,0.20374595394927,-0.132931172324844,0.132931172324844,-1.82912914904253,1.82912914904253,0.263093147490213,-0.263093147490213,1.33713967455967,-1.33713967455967,0.160009730782302,-0.160009730782302,0.218119077044561,-0.218119077044561,-0.21150831047726,0.21150831047726,-0.730394329114931,0.730394329114931,0.254994359638012,-0.254994359638012,1.16968852930339,-1.16968852930339,-0.0504358324619359,0.0504358324619359,2.16469355874341,-2.16469355874341,0.494923145447991,-0.494923145447991,-1.74456845457278,1.74456845457278,0.118625590307315,-0.118625590307315,0.245894801585306,-0.245894801585306,-0.517547889301878,0.517547889301878,0.6346219156415,-0.6346219156415,-0.234076967772584,0.234076967772584,0.070405028083456,-0.070405028083456,0.613256995824614,-0.613256995824614,-2.34977911931329,2.34977911931329,-1.39386569489249,1.39386569489249,2.06694288605846,-2.06694288605846,-1.87793495151194,1.87793495151194,0.619543703459018,-0.619543703459018,0.136479853121802,-0.136479853121802,0.321827935415113,-0.321827935415113,0.900102591115587,-0.900102591115587,-0.121309785123447,0.121309785123447,-0.295204755217243,0.295204755217243,-2.42569282619506,2.42569282619506,-0.360557057107334,0.360557057107334,1.39762418428462,-1.39762418428462,-0.880199815449974,0.880199815449974,-0.243308441944107,0.243308441944107,-0.506300663403338,0.506300663403338,-0.113765519847051,0.113765519847051,0.520593090976236,-0.520593090976236,-1.68105534727506,1.68105534727506,0.829856410248218,-0.829856410248218,1.84725910727177,-1.84725910727177,-0.575746779285848,0.575746779285848,-0.119516858997736,0.119516858997736,-0.887713659326331,0.887713659326331,0.0786823010432389,-0.0786823010432389,-0.296230224097888,0.296230224097888,-1.05500739806133,1.05500739806133,0.96478432452662,-0.96478432452662,1.4622076609828,-1.4622076609828,0.457727203630153,-0.457727203630153,-0.912784481328152,0.912784481328152,-0.564140063570943,0.564140063570943,0.701697757186616,-0.701697757186616,-0.13140772829526,0.13140772829526,2.36199670161669,-2.36199670161669,0.895427392242367,-0.895427392242367,0.997194110846747,-0.997194110846747,2.94437047137397,-2.94437047137397,-0.267557376560616,0.267557376560616,-1.22385285149508,1.22385285149508,-0.949650910363461,0.949650910363461,0.440389372823383,-0.440389372823383,-1.05516331872766,1.05516331872766,0.182356221703717,-0.182356221703717,0.392487623811882,-0.392487623811882,0.161377089573191,-0.161377089573191,1.40462511960024,-1.40462511960024,-0.109029391655347,0.109029391655347,-1.34570077330161,1.34570077330161,0.683501177635729,-0.683501177635729,-1.39155552844609,1.39155552844609,0.69582766326561,-0.69582766326561,1.63104583572308,-1.63104583572308,1.40482052467413,-1.40482052467413,-0.474052870886143,0.474052870886143,1.70632532657407,-1.70632532657407,-0.350259663080577,0.350259663080577,-1.70601196390338,1.70601196390338,-0.34338170365634,0.34338170365634,-2.06617570829413,2.06617570829413,2.11803721696069,-2.11803721696069,-0.139222918546429,0.139222918546429,-0.801164989485769,0.801164989485769,0.997945756898161,-0.997945756898161,-1.1985554005454,1.1985554005454,0.931896008776924,-0.931896008776924,-0.201731343487713,0.201731343487713,2.23302485244115,-2.23302485244115,-0.43690433512844,0.43690433512844,-0.47297117200365,0.47297117200365,-0.794546267871831,0.794546267871831,-0.670378695212419,0.670378695212419,-0.057497160951792,0.057497160951792,-1.12734977776249,1.12734977776249,-1.73439963104308,1.73439963104308,-0.735961681553959,0.735961681553959,1.21969812662619,-1.21969812662619,-0.137332481074356,0.137332481074356,-0.492300743658665,0.492300743658665,0.0790974590185316,-0.0790974590185316,-0.346081949300005,0.346081949300005,-1.13000429456785,1.13000429456785,-0.531264404658625,0.531264404658625,0.936699808053454,-0.936699808053454,-2.96455469481751,2.96455469481751,1.55689284559612,-1.55689284559612,1.650851957295,-1.650851957295,-1.38638857191268,1.38638857191268,-0.131370961350097,0.131370961350097,-0.0823261353393232,0.0823261353393232,1.07193076136737,-1.07193076136737,0.110609706866653,-0.110609706866653,0.156279280161881,-0.156279280161881,0.168173063174603,-0.168173063174603,0.0925538511046303,-0.0925538511046303,0.279383749392551,-0.279383749392551,0.252335722335289,-0.252335722335289,-0.0613676242155519,0.0613676242155519,-0.0193160105309109,0.0193160105309109,0.286229935481772,-0.286229935481772,0.410376874069255,-0.410376874069255,-1.28365628122554,1.28365628122554,0.181595302102569,-0.181595302102569,-1.98569067623499,1.98569067623499,-1.3320261770161,1.3320261770161,0.0372228502487178,-0.0372228502487178,1.02831405621156,-1.02831405621156,1.44897179546927,-1.44897179546927,0.708730558002581,-0.708730558002581,-0.148995673260973,0.148995673260973,-2.48846544147302,2.48846544147302,-0.470465666009448,0.470465666009448,0.0597602916231925,-0.0597602916231925,-0.833285374805493,0.833285374805493,0.866376840412405,-0.866376840412405,0.070326614993876,-0.070326614993876,-0.42492257151644,0.42492257151644,0.600327583233224,-0.600327583233224,0.652332240893909,-0.652332240893909,-1.78147269726626,1.78147269726626,0.132720447222029,-0.132720447222029,-0.031810066906962,0.031810066906962,0.627549629679375,-0.627549629679375,-0.637908525072308,0.637908525072308,-0.18164011630537,0.18164011630537,-1.27522350813243,1.27522350813243,-1.59476944383079,1.59476944383079,0.406752039317244,-0.406752039317244,0.359064069424681,-0.359064069424681,-0.824642216756755,0.824642216756755,1.20116226915196,-1.20116226915196,1.36790992665117,-1.36790992665117,-0.332619249957505,0.332619249957505,-0.752023690126723,0.752023690126723,-0.33271607181216,0.33271607181216,-0.104341624601526,0.104341624601526,1.02834079484661,-1.02834079484661,-1.07334911979342,1.07334911979342,-0.693123071070969,0.693123071070969,-0.827668173937824,0.827668173937824,1.65111365865549,-1.65111365865549,-0.156558079786624,0.156558079786624,-0.402160065012272,0.402160065012272,-1.87948597257778,1.87948597257778,0.357145287227477,-0.357145287227477,-0.787475638316915,0.787475638316915,0.442682284689414,-0.442682284689414,0.725489191950246,-0.725489191950246,-1.01160219398268,1.01160219398268,0.830941966890983,-0.830941966890983,-0.0157071363402203,0.0157071363402203,0.415879452003786,-0.415879452003786,0.384791722432894,-0.384791722432894,-1.33103795427666,1.33103795427666,-0.450267349822101,0.450267349822101,0.303549638551185,-0.303549638551185,-1.3349688884282,1.3349688884282,0.965837855934836,-0.965837855934836,-0.164108819530665,0.164108819530665,-1.310194935724,1.310194935724,-0.745648645925873,0.745648645925873,0.446351501459539,-0.446351501459539,0.937091029505357,-0.937091029505357,-0.415118703038043,0.415118703038043,-1.16537407539957,1.16537407539957,-0.140851762795967,0.140851762795967,1.66795211693976,-1.66795211693976,1.18862242161322,-1.18862242161322,2.06932073943772,-2.06932073943772,-0.815406011039387,0.815406011039387,0.644861702007328,-0.644861702007328,-1.42781577929633,1.42781577929633,-0.448908278739687,0.448908278739687,-0.391564579888191,0.391564579888191,1.31830636464149,-1.31830636464149,-1.3491764133589,1.3491764133589,-1.40711813103822,1.40711813103822,0.556292924031851,-0.556292924031851,-0.420328269744424,0.420328269744424,0.357903356712226,-0.357903356712226,1.85000408536475,-1.85000408536475,0.239466250145928,-0.239466250145928,-1.5714036293352,1.5714036293352,0.397370887199157,-0.397370887199157,-1.13922331179017,1.13922331179017,-2.05575024275329,2.05575024275329,0.584094678380742,-0.584094678380742,-1.0572131237628,1.0572131237628,0.618948342985072,-0.618948342985072,-0.276991068907812,0.276991068907812,0.659762374869922,-0.659762374869922,-0.851513097713165,0.851513097713165,0.916127097821192,-0.916127097821192,0.517227885703028,-0.517227885703028,1.54394937931517,-1.54394937931517,0.386685955209828,-0.386685955209828,0.898697188495886,-0.898697188495886,-0.865476867923831,0.865476867923831,0.42062041035786,-0.42062041035786,0.0142003279686547,-0.0142003279686547,0.596653458100082,-0.596653458100082,-0.270596503141574,0.270596503141574,0.144985765329633,-0.144985765329633,-0.254243971013593,0.254243971013593,-0.372556903460787,0.372556903460787,1.04998234857418,-1.04998234857418,-0.460641862272007,0.460641862272007,-0.130373935583142,0.130373935583142,-0.148923577292924,0.148923577292924,-1.24497312296708,1.24497312296708,-1.91159756163462,1.91159756163462,-1.28031178358501,1.28031178358501,1.05767084339845,-1.05767084339845,1.3095890823358,-1.3095890823358,-1.0440308616338,1.0440308616338,-0.0250843713821715,0.0250843713821715,0.183156251693399,-0.183156251693399,0.470226808909496,-0.470226808909496,1.16014697616065,-1.16014697616065,-1.09456840998825,1.09456840998825,0.761714086492058,-0.761714086492058,-0.253248741380885,0.253248741380885,0.0256422656478485,-0.0256422656478485,0.342020398337839,-0.342020398337839,0.483717952362599,-0.483717952362599,0.302816081682228,-0.302816081682228,0.365937287140612,-0.365937287140612,1.59754070966014,-1.59754070966014,0.67496797217599,-0.67496797217599,0.387155070002703,-0.387155070002703,-0.48069446024962,0.48069446024962,-0.233035663529732,0.233035663529732,-0.78320887689842,0.78320887689842,0.684296663251608,-0.684296663251608,0.706115451695217,-0.706115451695217,-1.01523070255888,1.01523070255888,-0.108751124604734,0.108751124604734,0.456905252833055,-0.456905252833055,-0.837184767330188,0.837184767330188,1.29030815357524,-1.29030815357524,0.886135766455735,-0.886135766455735,-0.101721083197483,0.101721083197483,-0.370502240448562,0.370502240448562,1.73877252868934,-1.73877252868934,0.0270235102453942,-0.0270235102453942,-0.0676603831161081,0.0676603831161081,1.87799890014398,-1.87799890014398,1.15174990657482,-1.15174990657482,0.993235270058975,-0.993235270058975,-2.07437763785031,2.07437763785031,-0.74370405958993,0.74370405958993,1.35008729597762,-1.35008729597762,-0.919359195683522,0.919359195683522,-1.18028701472291,1.18028701472291,-0.714615922876786,0.714615922876786,0.605992567407565,-0.605992567407565,-0.998073328785912,0.998073328785912,-0.964287671757114,0.964287671757114,-0.295657407661696,0.295657407661696,0.561022663283288,-0.561022663283288,-0.834452728273348,0.834452728273348,-0.362915622569761,0.362915622569761,-0.0895159732761569,0.0895159732761569,-0.020069921698433,0.020069921698433,1.497729691101,-1.497729691101,0.342240983678573,-0.342240983678573,-0.929260871244762,0.929260871244762,0.256834039123153,-0.256834039123153,0.855738386386017,-0.855738386386017,-0.624433273105031,0.624433273105031,0.518506085683656,-0.518506085683656,-2.19749412147106,2.19749412147106,-0.619649478830696,0.619649478830696,-0.702977948057923,0.702977948057923,-1.04607502977583,1.04607502977583,0.32062480162237,-0.32062480162237,0.0892985555853838,-0.0892985555853838,-0.463031519103707,0.463031519103707,-2.00958608399521,2.00958608399521,-0.284080721258925,0.284080721258925,-0.639369112249365,0.639369112249365,-0.244735648002266,0.244735648002266,0.639649644273384,-0.639649644273384,0.109822811501071,-0.109822811501071,-0.676393165455084,0.676393165455084,1.72747503998818,-1.72747503998818,0.154923559611916,-0.154923559611916,0.183682232704181,-0.183682232704181,0.0446044111486299,-0.0446044111486299,0.173930837523517,-0.173930837523517,-0.316250951701807,0.316250951701807,-0.421963123515509,0.421963123515509,-0.277299964723078,0.277299964723078,-0.16922319853182,0.16922319853182,-1.04103374348035,1.04103374348035,0.72521306147618,-0.72521306147618,-0.444999960093442,0.444999960093442,0.26502531616888,-0.26502531616888,-0.15518380181701,0.15518380181701,0.508013439998496,-0.508013439998496,-1.05129097940718,1.05129097940718,0.364614742623415,-0.364614742623415,0.34302799281012,-0.34302799281012,0.0395953933400773,-0.0395953933400773,-0.486131976968289,0.486131976968289,-0.454377156836387,0.454377156836387,1.27191613019871,-1.27191613019871,1.3209346115729,-1.3209346115729,-0.49407743765203,0.49407743765203,-1.1718686707063,1.1718686707063,-0.652007808114879,0.652007808114879,-0.426366820199152,0.426366820199152,0.344877564036537,-0.344877564036537,0.503642925250389,-0.503642925250389,0.598418249199812,-0.598418249199812,-2.03205043329829,2.03205043329829,0.643966337781191,-0.643966337781191,-1.52131573108217,1.52131573108217,0.141049968070298,-0.141049968070298,0.735886580230001,-0.735886580230001,1.04808831445068,-1.04808831445068,0.00511432705472776,-0.00511432705472776,-1.02772182304243,1.02772182304243,0.262649934092689,-0.262649934092689,1.08036515233917,-1.08036515233917,1.79905789383209,-1.79905789383209,-0.942290168233893,0.942290168233893,-0.103982996899106,0.103982996899106,1.05438827350304,-1.05438827350304,-2.25020434762643,2.25020434762643,0.298726668676738,-0.298726668676738,0.796809515583612,-0.796809515583612,0.108739814957524,-0.108739814957524,-1.47087681132428,1.47087681132428,2.12988578041464,-2.12988578041464,-0.96546435281752,0.96546435281752,0.134634014973408,-0.134634014973408,0.539924944294352,-0.539924944294352,-0.066746965605173,0.066746965605173,-0.248298741604324,0.248298741604324,-0.0506376729509717,0.0506376729509717,0.599953628532486,-0.599953628532486,1.03304641856858,-1.03304641856858,-1.28720211064764,1.28720211064764,-0.480966257790568,0.480966257790568,0.606597861475333,-0.606597861475333,-0.252376777906285,0.252376777906285,-0.913631777036964,0.913631777036964,0.0114780464570116,-0.0114780464570116,0.123269301724826,-0.123269301724826,-0.776783223175052,0.776783223175052,0.0438104671245818,-0.0438104671245818,0.588700267630497,-0.588700267630497,-1.44340496408859,1.44340496408859,-0.597865921443936,0.597865921443936,-1.59550762446467,1.59550762446467,0.633576699007512,-0.633576699007512,-1.44602925045142,1.44602925045142,-0.496701853379342,0.496701853379342,-2.24713084088711,2.24713084088711,0.105527888966884,-0.105527888966884,1.54970634065337,-1.54970634065337,0.834569182904869,-0.834569182904869,-0.177378704392706,0.177378704392706,0.336600267051518,-0.336600267051518,1.42776170749891,-1.42776170749891,-0.116237194184738,0.116237194184738,1.3335386235138,-1.3335386235138,-1.29444827917446,1.29444827917446,1.00944609670263,-1.00944609670263,-0.431364125898974,0.431364125898974,0.371997802108051,-0.371997802108051,0.16314831184761,-0.16314831184761,-0.992416154400671,0.992416154400671,0.624752449088373,-0.624752449088373,-0.556114395432142,0.556114395432142,0.675875931802613,-0.675875931802613,-0.290945602485433,0.290945602485433,0.412129878378708,-0.412129878378708,-1.3258085050801,1.3258085050801,0.000259644895032718,-0.000259644895032718,-0.148177113498118,0.148177113498118,-1.10300612623091,1.10300612623091,-1.91730654101039,1.91730654101039,-0.310203516466314,0.310203516466314,-0.486687586366585,0.486687586366585,0.667302558952119,-0.667302558952119,1.52001423948387,-1.52001423948387,-0.999826557523907,0.999826557523907,0.659549299454091,-0.659549299454091,-0.153677460895831,0.153677460895831,2.45855310336583,-2.45855310336583,-1.73551415852253,1.73551415852253,1.24172998639712,-1.24172998639712,-0.527183377394545,0.527183377394545,0.507713801381903,-0.507713801381903,1.21869441664442,-1.21869441664442,0.536588369647827,-0.536588369647827,-1.00492351601195,1.00492351601195,-0.909077630345249,0.909077630345249,-1.16337611309877,1.16337611309877,0.813207380472907,-0.813207380472907,0.230341587513692,-0.230341587513692,1.14870574308679,-1.14870574308679,-0.0673892835883107,0.0673892835883107,1.25882689534497,-1.25882689534497,-0.497566884500104,0.497566884500104,-0.893612492569631,0.893612492569631,-1.37420386655789,1.37420386655789,-0.49048285272469,0.49048285272469,-0.172997594284954,0.172997594284954,0.169649602268723,-0.169649602268723,0.711503322038895,-0.711503322038895,1.81817024129527,-1.81817024129527,-0.772486896800697,0.772486896800697,0.998094199699107,-0.998094199699107,-0.618430143203957,0.618430143203957,-2.71546114648826,2.71546114648826,-0.0372566947780835,0.0372566947780835,0.068137352729275,-0.068137352729275,0.335605360488354,-0.335605360488354,-0.12997906620653,0.12997906620653,0.759045907711282,-0.759045907711282,2.24581108988301,-2.24581108988301,-0.397180107247113,0.397180107247113,1.46345820549776,-1.46345820549776,-1.68294528062526,1.68294528062526,-0.517259020293948,0.517259020293948,-0.269198984375323,0.269198984375323,2.76855343968455,-2.76855343968455,0.270062243018958,-0.270062243018958,-0.206603820811649,0.206603820811649,-0.10118446154224,0.10118446154224,1.36496072696078,-1.36496072696078,0.270188767990785,-0.270188767990785,-1.66624917450684,1.66624917450684,0.940571195249648,-0.940571195249648,-0.243432089124461,0.243432089124461,-0.197313320475952,0.197313320475952,0.980316042854081,-0.980316042854081,-1.70217259402062,1.70217259402062,-0.895411803677496,0.895411803677496,-0.740227394478486,0.740227394478486,0.810577378148405,-0.810577378148405,0.829897121982811,-0.829897121982811,0.581969359713798,-0.581969359713798,0.0291592567766353,-0.0291592567766353,-1.82905965348816,1.82905965348816,-0.984022490760261,0.984022490760261,0.84260551949671,-0.84260551949671,0.375227254777923,-0.375227254777923,-0.354230770257613,0.354230770257613,0.0449687888556116,-0.0449687888556116,1.68676351464108,-1.68676351464108,-0.501885568493707,0.501885568493707,1.37538519908211,-1.37538519908211,0.120016195024566,-0.120016195024566,0.111438891199557,-0.111438891199557,-0.288836813964842,0.288836813964842,-0.113315681646167,0.113315681646167,-1.59128573334802,1.59128573334802,0.0825047048260109,-0.0825047048260109,-0.79239904303452,0.79239904303452,1.14449069004843,-1.14449069004843,-0.0254277091471069,0.0254277091471069,-0.404673229235476,0.404673229235476,0.108774366219684,-0.108774366219684,0.335973664616635,-0.335973664616635,0.17156904941457,-0.17156904941457,-1.1253932410166,1.1253932410166,-1.50565117785645,1.50565117785645,-0.855767007621022,0.855767007621022,0.516849409220718,-0.516849409220718,-0.549751457924699,0.549751457924699,-1.22262234739549,1.22262234739549,-1.12525873634582,1.12525873634582,0.746480876113571,-0.746480876113571,-0.652431362286586,0.652431362286586,-0.947037668201349,0.947037668201349,1.38690487347222,-1.38690487347222,-0.0699136335893043,0.0699136335893043,-1.20351052854107,1.20351052854107,-0.984774678816828,0.984774678816828,1.38652863213545,-1.38652863213545,1.52687532988271,-1.52687532988271,-0.454783962521969,0.454783962521969,-0.664039258673802,0.664039258673802,1.39792733024416,-1.39792733024416,-1.43678228690645,1.43678228690645,-0.343820745733323,0.343820745733323,0.340331126730152,-0.340331126730152,0.124410342567276,-0.124410342567276,0.661704854739744,-0.661704854739744,0.258880394087977,-0.258880394087977,0.787098250452338,-0.787098250452338,1.08498565571081,-1.08498565571081,0.230948423662172,-0.230948423662172,0.407459728131548,-0.407459728131548,1.94114452527216,-1.94114452527216,-0.156529185743502,0.156529185743502,-0.357511366583724,0.357511366583724,0.178084151643129,-0.178084151643129,0.452882421112379,-0.452882421112379,0.918527312054468,-0.918527312054468,-0.970264714233009,0.970264714233009,1.35572120325113,-1.35572120325113,0.217685326079413,-0.217685326079413,-0.212391937954842,0.212391937954842,-0.284085836523166,0.284085836523166,-0.140696442326322,0.140696442326322,-0.406206903312023,0.406206903312023,1.84195112797935,-1.84195112797935,0.833237011832918,-0.833237011832918,-1.45471799613499,1.45471799613499,-1.31987421799935,1.31987421799935,-0.594731187565568,0.594731187565568,1.10138674352577,-1.10138674352577,-1.02550719758737,1.02550719758737,0.0761932371205595,-0.0761932371205595,0.459425258526503,-0.459425258526503,-1.06348518499892,1.06348518499892,-1.17971644461134,1.17971644461134,0.608694199527129,-0.608694199527129,-0.586106870963004,0.586106870963004,-1.92426787379416,1.92426787379416,-0.843679328486509,0.843679328486509,-0.595754755239437,0.595754755239437,0.591648963226095,-0.591648963226095,0.641435806726154,-0.641435806726154,-0.0353032633318406,0.0353032633318406,-0.440788643218314,0.440788643218314,0.490667732349468,-0.490667732349468,0.107982542485994,-0.107982542485994,0.130854448250084,-0.130854448250084,-0.324183783349783,0.324183783349783,1.54494664824769,-1.54494664824769,2.05456561398623,-2.05456561398623,0.613879024816853,-0.613879024816853,-1.24485561805498,1.24485561805498,0.727835613558881,-0.727835613558881,1.26978341483498,-1.26978341483498,-1.55785539457441,1.55785539457441,0.599378488815121,-0.599378488815121,0.491186533558335,-0.491186533558335,0.719257345383118,-0.719257345383118,1.27994314551817,-1.27994314551817,0.315436469878794,-0.315436469878794,-0.793998836747051,0.793998836747051,-0.960524490032296,0.960524490032296,1.26380333634838,-1.26380333634838,0.853899093683395,-0.853899093683395,1.31685899265767,-1.31685899265767,0.467306200874658,-0.467306200874658,1.96824074656316,-1.96824074656316,0.693764345841536,-0.693764345841536,0.364272212654523,-0.364272212654523,0.0176122501555344,-0.0176122501555344,0.122174067593687,-0.122174067593687,-0.160655136818621,0.160655136818621,0.144288247274956,-0.144288247274956,1.61610997029771,-1.61610997029771,-0.0653640285678014,0.0653640285678014,0.341490092868465,-0.341490092868465,0.200820632927804,-0.200820632927804,-0.233429871599049,0.233429871599049,0.131693436161018,-0.131693436161018,0.369156160763118,-0.369156160763118,-1.17718815208427,1.17718815208427,-0.854463268626777,0.854463268626777,-0.154077323396951,0.154077323396951,0.544021178230812,-0.544021178230812,-0.277296707647545,0.277296707647545,-0.568732672884892,0.568732672884892,-0.6468940849332,0.6468940849332,-0.507752217041761,0.507752217041761,1.5431577248525,-1.5431577248525,-1.26467596823315,1.26467596823315,-0.328149205428619,0.328149205428619,-0.285842080781966,0.285842080781966,1.36346530937106,-1.36346530937106,0.347563408725768,-0.347563408725768,0.149932367176571,-0.149932367176571,1.10100845908306,-1.10100845908306,1.37830234692814,-1.37830234692814,0.497325931266841,-0.497325931266841,0.700410994902615,-0.700410994902615,1.62054457886968,-1.62054457886968,-0.200761038795372,0.200761038795372,-0.163488145797029,0.163488145797029,-0.34975209863748,0.34975209863748,-2.00780402418551,2.00780402418551,-1.6255014951343,1.6255014951343,1.07855612232359,-1.07855612232359,0.40882380397749,-0.40882380397749,0.557151550294465,-0.557151550294465,1.42292087281286,-1.42292087281286,-1.27729847211923,1.27729847211923,-1.10242935155027,1.10242935155027,-0.0809384348149326,0.0809384348149326,-0.537672249486624,0.537672249486624,-0.543935295421998,0.543935295421998,-0.443369501169652,0.443369501169652,0.00346667666337793,-0.00346667666337793,-0.553784563697317,0.553784563697317,0.507978630854466,-0.507978630854466,0.387249303150953,-0.387249303150953,-0.54620939759045,0.54620939759045,1.29524195469376,-1.29524195469376,1.01123917425062,-1.01123917425062,0.433776882183373,-0.433776882183373,-0.621320755345607,0.621320755345607,0.249558422104412,-0.249558422104412,0.341084219383971,-0.341084219383971,1.16252383554388,-1.16252383554388,-0.560940714364684,0.560940714364684,0.947580593557009,-0.947580593557009,0.0810811196828699,-0.0810811196828699,0.661152457313287,-0.661152457313287,-0.273059560721586,0.273059560721586,-0.504662002398283,0.504662002398283,-1.34428351050208,1.34428351050208,0.88630433433084,-0.88630433433084,-0.584304394049219,0.584304394049219,-1.65492871551842,1.65492871551842,0.323418205685655,-0.323418205685655,-0.370785390219693,0.370785390219693,0.147584175250578,-0.147584175250578,0.141545774307879,-0.141545774307879,-0.312109207414424,0.312109207414424,0.751825890082687,-0.751825890082687,0.887260940444682,-0.887260940444682,-0.236984305090209,0.236984305090209,-0.516905291498843,0.516905291498843,-0.764100396994088,0.764100396994088,1.02444430643499,-1.02444430643499,1.21496229303183,-1.21496229303183,1.28508830801129,-1.28508830801129,-1.63962551362545,1.63962551362545,0.343028044286582,-0.343028044286582,-0.672967064402428,0.672967064402428,0.148808558950469,-0.148808558950469,-0.80674482380024,0.80674482380024,1.16927201546852,-1.16927201546852,-2.46387262213505,2.46387262213505,-0.143485312124974,0.143485312124974,-1.57256342297837,1.57256342297837,-1.88797232251411,1.88797232251411,-1.23698495077895,1.23698495077895,-0.108832929557797,0.108832929557797,-1.62553199564669,1.62553199564669,-0.532951160054446,0.532951160054446,1.97463433356176,-1.97463433356176,-0.828661102906516,0.828661102906516,-0.332905676466892,0.332905676466892,-0.00307925678497431,0.00307925678497431,0.17333353957084,-0.17333353957084,-1.98805288007167,1.98805288007167,0.0484787924686162,-0.0484787924686162,-1.05092532200888,1.05092532200888,0.632134993729518,-0.632134993729518,-1.03114676252747,1.03114676252747,0.0486768543685572,-0.0486768543685572,0.822959053744807,-0.822959053744807,-1.10788594940375,1.10788594940375,-0.505106274171536,0.505106274171536,-1.77093622891806,1.77093622891806,-1.76721615912387,1.76721615912387,-0.561908476527887,0.561908476527887,1.0930079117702,-1.0930079117702,1.34277175242476,-1.34277175242476,1.08530735476289,-1.08530735476289,-0.332890952603041,0.332890952603041,-3.34723159819008,3.34723159819008,0.104259220987323,-0.104259220987323,1.01661163535877,-1.01661163535877,1.87155260745586,-1.87155260745586,-1.43839958621766,1.43839958621766,-1.11532388898467,1.11532388898467,0.202206770078836,-0.202206770078836,-0.18562149786961,0.18562149786961,-0.97187574373983,0.97187574373983,-1.49510717059697,1.49510717059697,0.983376205938951,-0.983376205938951,-0.0201886104236988,0.0201886104236988,0.236078158252445,-0.236078158252445,-0.844355319861279,0.844355319861279,-0.842713300634886,0.842713300634886,0.41159388619887,-0.41159388619887,-1.07555753187709,1.07555753187709,-0.986900663452081,0.986900663452081,0.637835755048722,-0.637835755048722,-0.569927177768454,0.569927177768454,-1.56688773486516,1.56688773486516,0.958748148506291,-0.958748148506291,-1.04805766264276,1.04805766264276,-1.03595773628783,1.03595773628783,0.420445882197291,-0.420445882197291,1.47143010236564,-1.47143010236564,0.444195037751322,-0.444195037751322,2.33124215333736,-2.33124215333736,-0.00161383809520983,0.00161383809520983,-0.444098531570112,0.444098531570112,-1.85695297428712,1.85695297428712,-0.281471601565118,0.281471601565118,-0.64144561757664,0.64144561757664,-1.80731710536742,1.80731710536742,2.861216907235,-2.861216907235,-0.652533086342346,0.652533086342346,-2.42445739916326,2.42445739916326,-0.290389762130228,0.290389762130228,-0.109929060309147,0.109929060309147,-0.472925679861974,0.472925679861974,-2.1135869561318,2.1135869561318,-0.0919823527745939,0.0919823527745939,-0.420028487085347,0.420028487085347,0.494926298749212,-0.494926298749212,0.686042161747645,-0.686042161747645,0.673395396051629,-0.673395396051629,-0.0990606209239129,0.0990606209239129,1.01856622067397,-1.01856622067397,0.125447062742886,-0.125447062742886,1.4035104248158,-1.4035104248158,1.51577386197369,-1.51577386197369,-0.392332475725414,0.392332475725414,0.427144670943542,-0.427144670943542,0.946380697062133,-0.946380697062133,-0.820379056517776,0.820379056517776,0.883427912949121,-0.883427912949121,0.659512714081943,-0.659512714081943,-0.0813278201531516,0.0813278201531516,-0.361049560893756,0.361049560893756,0.500190450639637,-0.500190450639637,-0.576753662805551,0.576753662805551,1.29910696869462,-1.29910696869462,0.754992048942605,-0.754992048942605,0.335631932352464,-0.335631932352464,0.176842030029375,-0.176842030029375,1.00786105542493,-1.00786105542493,-2.59403110809431,2.59403110809431,0.656275194691031,-0.656275194691031,0.327046151228321,-0.327046151228321,1.3033198198386,-1.3033198198386,0.945871353724864,-0.945871353724864,0.952542628964933,-0.952542628964933,0.828087812148472,-0.828087812148472,1.95989698466426,-1.95989698466426,0.682476231520395,-0.682476231520395,-0.693913490806862,0.693913490806862,-0.766524219678895,0.766524219678895,0.555196144446865,-0.555196144446865,-0.249220604539196,0.249220604539196,-0.0708254587303399,0.0708254587303399,1.68421739581595,-1.68421739581595,-0.0624806269649327,0.0624806269649327,0.455351706214372,-0.455351706214372,-0.775686575603149,0.775686575603149,-1.63223854444049,1.63223854444049,0.728637441817211,-0.728637441817211,0.343712096440437,-0.343712096440437,-0.102393341304299,0.102393341304299,0.152354952502922,-0.152354952502922,1.15248963996093,-1.15248963996093,-0.653799207557549,0.653799207557549,-1.2515315307003,1.2515315307003,-1.53515154854923,1.53515154854923,-0.773321669273477,0.773321669273477,-0.848413565970817,0.848413565970817,-0.157565583558481,0.157565583558481,-0.706368290212291,0.706368290212291,-0.986995504404947,0.986995504404947,-0.72168217651285,0.72168217651285,2.06837671093833,-2.06837671093833,0.920320029552945,-0.920320029552945,-0.208420032876915,0.208420032876915,-0.68897402329854,0.68897402329854,0.100833715951901,-0.100833715951901,-1.0667469632677,1.0667469632677,0.273370752573377,-0.273370752573377,-0.362605759166966,0.362605759166966,-0.0745282197375649,0.0745282197375649,0.412711475377294,-0.412711475377294,2.095833063228,-2.095833063228,-1.49003550457446,1.49003550457446,1.38821095222658,-1.38821095222658,1.40637637674421,-1.40637637674421,0.247914735936819,-0.247914735936819,-0.678369138167741,0.678369138167741,1.92387306286038,-1.92387306286038,-0.475213774511073,0.475213774511073,1.07690242812972,-1.07690242812972,2.0026759028136,-2.0026759028136,0.113961086695243,-0.113961086695243,0.422202191422005,-0.422202191422005,-0.974994864052425,0.974994864052425,-1.21033558181468,1.21033558181468,1.83156857789455,-1.83156857789455,0.112590732682273,-0.112590732682273,0.782551182443763,-0.782551182443763,-0.0500106243639301,0.0500106243639301,0.553439938396979,-0.553439938396979,0.0150318727458876,-0.0150318727458876,0.156502099720247,-0.156502099720247,-0.857805598832166,0.857805598832166,0.0825871262943003,-0.0825871262943003,1.22855073539938,-1.22855073539938,-0.737525752674198,0.737525752674198,1.04408097507325,-1.04408097507325,-0.0979923670937807,0.0979923670937807,-0.639875869154815,0.639875869154815,-0.892081578297239,0.892081578297239,1.32646995754224,-1.32646995754224,1.51733991865295,-1.51733991865295,-0.387371004676709,0.387371004676709,1.94977079600657,-1.94977079600657,0.486489189733441,-0.486489189733441,1.21488496508327,-1.21488496508327,-0.52931248181624,0.52931248181624,1.24097679418952,-1.24097679418952,-0.655308073607085,0.655308073607085,0.915246543815242,-0.915246543815242,0.846784979824783,-0.846784979824783,0.684179313456844,-0.684179313456844,-0.339069849076033,0.339069849076033,-0.0513478993915356,0.0513478993915356,0.505210674556203,-0.505210674556203,-0.902407637357532,0.902407637357532,0.730033027998456,-0.730033027998456,0.537229187007279,-0.537229187007279,0.45199688519352,-0.45199688519352,0.452252180965898,-0.452252180965898,0.494481391486836,-0.494481391486836,-1.01253785350786,1.01253785350786,-0.533744558793216,0.533744558793216,0.861120926535453,-0.861120926535453,-0.645576491152843,0.645576491152843,0.194779097938407,-0.194779097938407,-0.670570252870368,0.670570252870368,-0.68571540828331,0.68571540828331,-0.312350593896147,0.312350593896147,0.149870311529191,-0.149870311529191,1.83768790665855,-1.83768790665855,-1.22774924657685,1.22774924657685,1.71874032431582,-1.71874032431582,0.351754189129772,-0.351754189129772,1.31524295274012,-1.31524295274012,0.925801284665929,-0.925801284665929,-1.19505435192686,1.19505435192686,-1.3580772060118,1.3580772060118,0.0331581269735778,-0.0331581269735778,-0.0222039266734724,0.0222039266734724,-1.37319516705576,1.37319516705576,-0.851031897028393,0.851031897028393,-0.276844027961427,0.276844027961427,-0.0236368763471092,0.0236368763471092,2.37706344144265,-2.37706344144265,0.507425724885499,-0.507425724885499,0.0713331211069188,-0.0713331211069188,0.238685188951406,-0.238685188951406,-3.07565223143707,3.07565223143707,0.398550649574457,-0.398550649574457,-1.194398125415,1.194398125415,1.77600006551628,-1.77600006551628,-1.53733536876771,1.53733536876771,-0.97502973987264,0.97502973987264,1.91916326177461,-1.91916326177461,2.289248747279,-2.289248747279,0.0821529035778096,-0.0821529035778096,0.128233437448545,-0.128233437448545,0.376406538019546,-0.376406538019546,1.63661687236569,-1.63661687236569,-1.5328692433321,1.5328692433321,-0.23236042913388,0.23236042913388,0.911813784876836,-0.911813784876836,0.735949555498329,-0.735949555498329,2.17190133383855,-2.17190133383855,-0.0319819230878783,0.0319819230878783,1.6119460244477,-1.6119460244477,0.646790991817808,-0.646790991817808,0.209227193038757,-0.209227193038757,1.34499274396787,-1.34499274396787,-0.147030828705817,0.147030828705817,-1.15669799422542,1.15669799422542,1.00162044205338,-1.00162044205338,-1.21193502322351,1.21193502322351,-1.0022058156708,1.0022058156708,0.88710491548451,-0.88710491548451,-1.54591971551114,1.54591971551114,-0.499951942841324,0.499951942841324,-0.437612120288247,0.437612120288247,-1.82641213725212,1.82641213725212,-1.59280496967933,1.59280496967933,-0.0917455898150934,0.0917455898150934,-0.350145844280146,0.350145844280146,0.322296157784633,-0.322296157784633,1.09789025944801,-1.09789025944801,-0.264018986462397,0.264018986462397,-2.11727792936636,2.11727792936636,-0.0280089549508549,0.0280089549508549,-0.418358708851926,0.418358708851926,-0.0304076715841537,0.0304076715841537,0.643977874238166,-0.643977874238166,0.722679812572228,-0.722679812572228,0.0602549906983661,-0.0602549906983661,0.328489996029702,-0.328489996029702,0.589098484647023,-0.589098484647023,-0.305466062641,0.305466062641,0.415718894091877,-0.415718894091877,-0.0563089918581495,0.0563089918581495,-1.29246886960849,1.29246886960849,-0.255409704247241,0.255409704247241,1.51224598687976,-1.51224598687976,-2.2224579372324,2.2224579372324,0.0247654646868836,-0.0247654646868836,-1.63628455691338,1.63628455691338,0.698640447706088,-0.698640447706088,-0.19000065428794,0.19000065428794,0.646173059062108,-0.646173059062108,-0.360309900215449,0.360309900215449,-1.3460086065348,1.3460086065348,1.20860649977428,-1.20860649977428,-0.214209270225217,0.214209270225217,-0.749713936301606,0.749713936301606,0.0685524839275742,-0.0685524839275742,1.12051285890342,-1.12051285890342,0.212012041532703,-0.212012041532703,-1.24091208763993,1.24091208763993,0.370442600418784,-0.370442600418784,0.0476493238412827,-0.0476493238412827,-1.14240677799824,1.14240677799824,0.805401967732465,-0.805401967732465,-0.158661341307145,0.158661341307145,-1.33739296693106,1.33739296693106,1.55765058703722,-1.55765058703722,0.157972530687171,-0.157972530687171,-0.500401670326382,0.500401670326382,-1.54812994153392,1.54812994153392,-0.955588556711711,0.955588556711711,-0.0815101071066416,0.0815101071066416,-1.64657419769732,1.64657419769732,-0.305719124053854,0.305719124053854,0.58428874381921,-0.58428874381921,2.38010642980329,-2.38010642980329,-0.437510152905796,0.437510152905796,-0.232159539388006,0.232159539388006,-0.146798360574894,0.146798360574894,0.768904363828232,-0.768904363828232,0.410605990648483,-0.410605990648483,-1.29807605135724,1.29807605135724,-0.202044098949829,0.202044098949829,-0.928332989917152,0.928332989917152,0.869777571648121,-0.869777571648121,0.928063304286529,-0.928063304286529,0.716532865558075,-0.716532865558075,-0.4108444564496,0.4108444564496,-1.32965933965124,1.32965933965124,-0.272300499779541,0.272300499779541,1.11397676437815,-1.11397676437815,0.0168380688609062,-0.0168380688609062,0.0862172618456922,-0.0862172618456922,-0.101233793214235,0.101233793214235,-1.00954042496267,1.00954042496267,-0.541642820636183,0.541642820636183,-1.13866111911124,1.13866111911124,0.53363671223911,-0.53363671223911,-0.693402025333053,0.693402025333053,-0.0398391113921234,0.0398391113921234,-0.0475468919420979,0.0475468919420979,1.45184030213715,-1.45184030213715,0.37230918259661,-0.37230918259661,-0.186326250863496,0.186326250863496,-0.181399842481502,0.181399842481502,-0.829533766000368,0.829533766000368,0.551366858766564,-0.551366858766564,-0.377257647762041,0.377257647762041,-2.61674510716335,2.61674510716335,0.24306564357741,-0.24306564357741,1.28224290148221,-1.28224290148221,1.75815140862412,-1.75815140862412,-0.399937733791516,0.399937733791516,-0.495118824540408,0.495118824540408,-0.201416683631802,0.201416683631802,1.35521152743751,-1.35521152743751,0.672150683148873,-0.672150683148873,0.492676605881787,-0.492676605881787,-0.539285118181243,0.539285118181243,-1.52461663698752,1.52461663698752,-0.958551500633222,0.958551500633222,2.67770330152443,-2.67770330152443,-0.637427751023162,0.637427751023162,0.051949200795617,-0.051949200795617,-1.57256108902725,1.57256108902725,-1.24029198894317,1.24029198894317,0.713582213001795,-0.713582213001795,-0.382782787738019,0.382782787738019,0.335286158615932,-0.335286158615932,0.0480014357151787,-0.0480014357151787,-1.68014727980664,1.68014727980664,0.522373676081981,-0.522373676081981,0.0332810347077327,-0.0332810347077327,-0.880135004852367,0.880135004852367,0.917786818502448,-0.917786818502448,1.54290033174964,-1.54290033174964,2.19294492872243,-2.19294492872243,1.19730367422563,-1.19730367422563,0.979119271702153,-0.979119271702153,-0.0206033374189795,0.0206033374189795,-1.15681318032797,1.15681318032797,-1.03812503982001,1.03812503982001,1.08881465896248,-1.08881465896248,-0.871041637460702,0.871041637460702,-1.49379754397823,1.49379754397823,1.48423688354683,-1.48423688354683,-0.089220503851195,0.089220503851195,-0.876077736790561,0.876077736790561,0.798172320741052,-0.798172320741052,0.382005293603972,-0.382005293603972,0.496471379815971,-0.496471379815971,-0.891396194514337,0.891396194514337,-0.475107151220744,0.475107151220744,1.01197852029832,-1.01197852029832,1.08363324180372,-1.08363324180372,-0.496574886499907,0.496574886499907,-0.271024484003903,0.271024484003903,1.297536696453,-1.297536696453,0.216195330285111,-0.216195330285111,0.831409904332577,-0.831409904332577,0.227815312994562,-0.227815312994562,1.4770927020204,-1.4770927020204,-0.0569679238466922,0.0569679238466922,0.0721037717444934,-0.0721037717444934,-1.55708729683606,1.55708729683606,0.0622515404235971,-0.0622515404235971,1.91011300000649,-1.91011300000649,-1.27664445189114,1.27664445189114,-0.0755703046536921,0.0755703046536921,0.938248277230121,-0.938248277230121,1.44362484822172,-1.44362484822172,1.62185277097328,-1.62185277097328,0.342987901211387,-0.342987901211387,0.0809191882446428,-0.0809191882446428,-0.255097174627305,0.255097174627305,-1.63531938229448,1.63531938229448,-0.509343118838039,0.509343118838039,2.54099526766538,-2.54099526766538,1.38301147770636,-1.38301147770636,0.432212931242729,-0.432212931242729,0.463452401526501,-0.463452401526501,0.686039675770216,-0.686039675770216,-0.221056076272452,0.221056076272452,1.60567918100878,-1.60567918100878,-0.700011370129471,0.700011370129471,0.993862928494774,-0.993862928494774,0.996187229376777,-0.996187229376777,0.880163441815119,-0.880163441815119,3.02570674450555,-3.02570674450555,-0.284284820796596,0.284284820796596,-0.933076286614098,0.933076286614098,0.122442636080542,-0.122442636080542,0.562239455883342,-0.562239455883342,0.609563339566932,-0.609563339566932,1.66853926294518,-1.66853926294518,-0.314938279092904,0.314938279092904,-2.58716572149478,2.58716572149478,0.0617758985761044,-0.0617758985761044,0.269704247144766,-0.269704247144766,1.90470544578959,-1.90470544578959,1.32064431396192,-1.32064431396192,-0.824577249783686,0.824577249783686,-0.303196209565267,0.303196209565267,0.16990407835223,-0.16990407835223,0.986038187094223,-0.986038187094223,0.941799841373949,-0.941799841373949,-0.837411206162806,0.837411206162806,-0.580597087792511,0.580597087792511,0.0240075738210439,-0.0240075738210439,1.20760094158783,-1.20760094158783,1.27830306524888,-1.27830306524888,1.35013353308423,-1.35013353308423,1.98840270719874,-1.98840270719874,0.586939604224125,-0.586939604224125,-1.05028691391923,1.05028691391923,0.260331578624485,-0.260331578624485,-0.0489822312128592,0.0489822312128592,-0.805751681975316,0.805751681975316,0.17740397097616,-0.17740397097616,0.19515229102653,-0.19515229102653,-0.0800249810000426,0.0800249810000426,0.835564934211514,-0.835564934211514,0.409306935418751,-0.409306935418751,1.37295987662025,-1.37295987662025,0.599259345276557,-0.599259345276557,-0.355674460093528,0.355674460093528,-0.323673649374114,0.323673649374114,-0.694724662443216,0.694724662443216,1.3610182221801,-1.3610182221801,1.47561554785573,-1.47561554785573,0.758133320075736,-0.758133320075736,-0.7616990698869,0.7616990698869,0.35455073667578,-0.35455073667578,0.27203919467807,-0.27203919467807,-0.273742802798789,0.273742802798789,-0.955893070194939,0.955893070194939,0.505574474858086,-0.505574474858086,0.592507037937158,-0.592507037937158,0.207306264593862,-0.207306264593862,1.39683895904562,-1.39683895904562,1.48043690354768,-1.48043690354768,-0.861864978969713,0.861864978969713,0.0149602201326243,-0.0149602201326243,1.75148974309544,-1.75148974309544,-1.37346319977551,1.37346319977551,0.879614395882122,-0.879614395882122,1.82775244123685,-1.82775244123685,-0.348009263321276,0.348009263321276,0.562548428526191,-0.562548428526191,1.75377294490963,-1.75377294490963,-0.638228663638141,0.638228663638141,1.07310116916225,-1.07310116916225,-0.964709257234063,0.964709257234063,-0.565701050015592,0.565701050015592,0.084773774963922,-0.084773774963922,-0.398045419318082,0.398045419318082,1.06472032023484,-1.06472032023484,1.07066828276108,-1.07066828276108,-1.04017187643272,1.04017187643272,0.892560685132854,-0.892560685132854,0.314769324065845,-0.314769324065845,1.27344261934112,-1.27344261934112,0.658171421662386,-0.658171421662386,0.339952258328656,-0.339952258328656,0.0715285743596524,-0.0715285743596524,0.457210740950215,-0.457210740950215,0.298187260517605,-0.298187260517605,0.385856299158308,-0.385856299158308,-0.236002721971128,0.236002721971128,-0.449454087806891,0.449454087806891,1.24032616080762,-1.24032616080762,2.06373874713629,-2.06373874713629,0.593763036939506,-0.593763036939506,0.470625059939057,-0.470625059939057,0.565001356667441,-0.565001356667441,-1.34486977974389,1.34486977974389,0.207506829474442,-0.207506829474442,0.684672050474983,-0.684672050474983,1.43632078911329,-1.43632078911329,0.338955256627681,-0.338955256627681,-0.429949002332739,0.429949002332739,1.27299214897452,-1.27299214897452,-1.26452409370725,1.26452409370725,0.975289934254012,-0.975289934254012,0.492226784145176,-0.492226784145176,-0.252327867693893,0.252327867693893,-1.40986497048144,1.40986497048144,-1.53334373883068,1.53334373883068,0.60437613577875,-0.60437613577875,0.668407637243026,-0.668407637243026,-1.30261257789634,1.30261257789634,-0.391322280756824,0.391322280756824,-0.708859472149329,0.708859472149329,0.908643372638165,-0.908643372638165,0.338479041752952,-0.338479041752952,0.148886623187614,-0.148886623187614,0.248232234598503,-0.248232234598503,0.837873139622111,-0.837873139622111,0.0128791196750428,-0.0128791196750428,0.560483179240531,-0.560483179240531,-0.084360328795089,0.084360328795089,1.81435648903454,-1.81435648903454,-0.783659607351938,0.783659607351938,-1.16102261720849,1.16102261720849,0.528467809197838,-0.528467809197838,0.412591935962143,-0.412591935962143,0.748545524332574,-0.748545524332574,0.37016757938141,-0.37016757938141,-0.251933653219165,0.251933653219165,-0.284240536803722,0.284240536803722,0.969029457474534,-0.969029457474534,-1.72239946655674,1.72239946655674,-0.0671470457833292,0.0671470457833292,-0.314486604865702,0.314486604865702,0.0974785731141134,-0.0974785731141134,0.158061843766091,-0.158061843766091,0.214779020623807,-0.214779020623807,-2.15679465893171,2.15679465893171,0.763132089789308,-0.763132089789308,-1.32622392799018,1.32622392799018,-1.05136927909968,1.05136927909968,-0.438456488199025,0.438456488199025,-0.159368623687764,0.159368623687764,-0.733831219298015,0.733831219298015,0.390687179565572,-0.390687179565572,0.113833687358065,-0.113833687358065,-0.0953921908766733,0.0953921908766733,0.495534284277373,-0.495534284277373,0.831285535754256,-0.831285535754256,-0.233750095481635,0.233750095481635,1.01552666023468,-1.01552666023468,-0.714829118020993,0.714829118020993,0.7845248752494,-0.7845248752494,-0.127464176236518,0.127464176236518,0.507820928667535,-0.507820928667535,-0.750897742767545,0.750897742767545,-1.7816055464682,1.7816055464682,-0.813085243191284,0.813085243191284,0.26790087576034,-0.26790087576034,-1.21371625497354,1.21371625497354,-0.487932833053962,0.487932833053962,0.428692332687308,-0.428692332687308,0.317095735451731,-0.317095735451731,1.00620389611725,-1.00620389611725,-1.3385934790516,1.3385934790516,-1.89201900633219,1.89201900633219,-0.00355343722558747,0.00355343722558747,-0.399373241928321,0.399373241928321,-1.86499023365196,1.86499023365196,3.17520562137334,-3.17520562137334,0.247395088564251,-0.247395088564251,-0.735359208939363,0.735359208939363,1.30035422552716,-1.30035422552716,0.871268340058475,-0.871268340058475,0.707289330448538,-0.707289330448538,-0.302217514279912,0.302217514279912,0.751345955489295,-0.751345955489295,0.80981247193742,-0.80981247193742,0.342649219894281,-0.342649219894281,-0.193635270560632,0.193635270560632,0.159381478825613,-0.159381478825613,-1.36348956290106,1.36348956290106,-1.80884758102477,1.80884758102477,2.50281784235071,-2.50281784235071,0.943609906932471,-0.943609906932471,-0.182074273288966,0.182074273288966,-0.508970590115179,0.508970590115179,0.254884940869842,-0.254884940869842,-0.408394854017373,0.408394854017373,0.0326909836117196,-0.0326909836117196,1.22240102282723,-1.22240102282723,-0.497073135539221,0.497073135539221,-0.234677159284057,0.234677159284057,0.638645792642751,-0.638645792642751,-0.51966155187586,0.51966155187586,3.02235057250266,-3.02235057250266,0.0253135814007939,-0.0253135814007939,0.249191076785067,-0.249191076785067,0.10568361612877,-0.10568361612877,-0.702175266117213,0.702175266117213,2.15216465178598,-2.15216465178598,-2.91302336102798,2.91302336102798,0.947160728291932,-0.947160728291932,-0.961537179827831,0.961537179827831,-0.630581871359432,0.630581871359432,-0.456077527859459,0.456077527859459,2.73488900145635,-2.73488900145635,-0.216904918821809,0.216904918821809,-0.030713375684443,0.030713375684443,-1.44110761363976,1.44110761363976,0.103729083946112,-0.103729083946112,-0.784003624076683,0.784003624076683,0.72221699921675,-0.72221699921675,1.92958579373913,-1.92958579373913,1.01208467975317,-1.01208467975317,0.597337506264292,-0.597337506264292,-1.22112490421107,1.22112490421107,0.404749562395747,-0.404749562395747,-1.85813574082643,1.85813574082643,1.27528939873447,-1.27528939873447,-0.36246714464065,0.36246714464065,0.434250757818593,-0.434250757818593,-0.355512396621846,0.355512396621846,0.979173362444435,-0.979173362444435,1.73378803887941,-1.73378803887941,-0.412011790817634,0.412011790817634,-1.32476705008522,1.32476705008522,0.66529350837171,-0.66529350837171,-0.786254867507949,0.786254867507949,0.986961477442998,-0.986961477442998,-1.63216867780431,1.63216867780431,0.0552482920685215,-0.0552482920685215,-1.44491529032297,1.44491529032297,0.419418272002231,-0.419418272002231,1.59961917477313,-1.59961917477313,-2.33665021231004,2.33665021231004,1.24619322531866,-1.24619322531866,-0.325478381903166,0.325478381903166,-0.506376424677455,0.506376424677455,1.63172608865445,-1.63172608865445,-1.23252630816126,1.23252630816126,0.902720043529531,-0.902720043529531,-0.589704865238902,0.589704865238902,-2.18081167782156,2.18081167782156,0.418108840380694,-0.418108840380694,-0.897181292893408,0.897181292893408,-0.341230920656081,0.341230920656081,-0.0624805697904271,0.0624805697904271,1.61543616302514,-1.61543616302514,0.00834342053616207,-0.00834342053616207,-1.61538399778757,1.61538399778757,0.390874503194244,-0.390874503194244,-0.49293950299216,0.49293950299216,-1.13424486714497,1.13424486714497,-1.88166340392461,1.88166340392461,-2.43480150892522,2.43480150892522,0.912533594902237,-0.912533594902237,-0.317988058240946,0.317988058240946,-0.422098902311924,0.422098902311924,-0.119332176975843,0.119332176975843,-1.10993430999911,1.10993430999911,1.05060881703981,-1.05060881703981,0.0733224385930319,-0.0733224385930319,-0.249922613860377,0.249922613860377,-0.195511909109154,0.195511909109154,-0.898809591731343,0.898809591731343,0.11066347761273,-0.11066347761273,0.815321180376605,-0.815321180376605,-0.782475580604868,0.782475580604868,-0.564965161991287,0.564965161991287,-2.45455591698906,2.45455591698906,-1.07689736792115,1.07689736792115,1.62243555103056,-1.62243555103056,1.17614290825656,-1.17614290825656,0.420280367142889,-0.420280367142889,0.737579802771589,-0.737579802771589,-0.849599316917969,0.849599316917969,-1.11688209537711,1.11688209537711,1.84093290585548,-1.84093290585548,0.834968758224048,-0.834968758224048,1.04347119396742,-1.04347119396742,0.15177711186699,-0.15177711186699,0.962842946622781,-0.962842946622781,0.69046219605079,-0.69046219605079,-0.683747943821738,0.683747943821738,0.347316667517664,-0.347316667517664,-1.44155623674251,1.44155623674251,0.37178601625532,-0.37178601625532,0.0584425727993242,-0.0584425727993242,-0.40532243373335,0.40532243373335,-1.02416355550805,1.02416355550805,0.68799799648673,-0.68799799648673,0.744738687956983,-0.744738687956983,-0.631519724014909,0.631519724014909,0.017255867220357,-0.017255867220357,-0.0270783260999713,0.0270783260999713,-0.663488289699595,0.663488289699595,-2.00991557973053,2.00991557973053,1.15898587526105,-1.15898587526105,-0.264703146799292,0.264703146799292,1.13438642073914,-1.13438642073914,0.466909031970754,-0.466909031970754,-1.0136029678233,1.0136029678233,0.56348429111173,-0.56348429111173,0.205534894379053,-0.205534894379053,-0.14537688300638,0.14537688300638,2.29975752843851,-2.29975752843851,-1.90777287275854,1.90777287275854,0.618223772282392,-0.618223772282392,-0.00301123002117849,0.00301123002117849,0.372954045786607,-0.372954045786607,-0.960087222619852,0.960087222619852,-0.139993107568492,0.139993107568492,0.999463001944767,-0.999463001944767,0.563493795409226,-0.563493795409226,0.105440853935855,-0.105440853935855,0.0915567095332485,-0.0915567095332485,1.13232777872536,-1.13232777872536,-0.668099425498879,0.668099425498879,-0.676115187436042,0.676115187436042,0.165592492125525,-0.165592492125525,-1.30579878653236,1.30579878653236,-1.39624005867578,1.39624005867578,0.728341895423451,-0.728341895423451,0.904843950784135,-0.904843950784135,-1.65951407761641,1.65951407761641,0.656705780598021,-0.656705780598021,-0.438142737848778,0.438142737848778,0.323402174418074,-0.323402174418074,0.141894377338163,-0.141894377338163,-0.704814937802123,0.704814937802123,1.53670071575947,-1.53670071575947,0.520592222297599,-0.520592222297599,1.44105680113367,-1.44105680113367,-2.10581815017064,2.10581815017064,0.630787147390939,-0.630787147390939,-0.0901323309037694,0.0901323309037694,0.815519064767658,-0.815519064767658,-1.32686670407512,1.32686670407512,-0.0531003933444703,0.0531003933444703,1.49026222172064,-1.49026222172064,-0.00587810637533265,0.00587810637533265,-1.71494443523925,1.71494443523925,-0.0362948247865438,0.0362948247865438,0.520590298552315,-0.520590298552315,-0.735008323300917,0.735008323300917,-1.25142724006141,1.25142724006141,-0.621959568947255,0.621959568947255,-1.70502073736324,1.70502073736324,-1.38146405631532,1.38146405631532,0.329547100805829,-0.329547100805829,0.332677030119333,-0.332677030119333,2.10054874985748,-2.10054874985748,0.370587126894792,-0.370587126894792,0.504671588691642,-0.504671588691642,-0.230135913036122,0.230135913036122,0.185042628027041,-0.185042628027041,-0.402208586617727,0.402208586617727,-0.850170849214449,0.850170849214449,0.621983154423475,-0.621983154423475,-0.245813391092901,0.245813391092901,-0.231915274924736,0.231915274924736,0.399350725996072,-0.399350725996072,-1.00937357294956,1.00937357294956,-0.56463780821054,0.56463780821054,2.5077951861059,-2.5077951861059,-1.55825417170775,1.55825417170775,-0.71504220380458,0.71504220380458,2.12338813359798,-2.12338813359798,-1.05826109163071,1.05826109163071,-0.035373977795994,0.035373977795994,1.5294940864401,-1.5294940864401,1.20494427734263,-1.20494427734263,0.830666847380271,-0.830666847380271,-0.556640075984425,0.556640075984425,-0.886051616390805,0.886051616390805,-1.34126931349022,1.34126931349022,-1.3378962112047,1.3378962112047,-0.345429148678325,0.345429148678325,1.89115416819053,-1.89115416819053,0.0543050893568308,-0.0543050893568308,-2.59184457852221,2.59184457852221,0.30994173064977,-0.30994173064977,0.473719563658628,-0.473719563658628,-0.247229869000423,0.247229869000423,-1.2522616310475,1.2522616310475,0.0136979696782453,-0.0136979696782453,0.79188255250173,-0.79188255250173,1.07734584628878,-1.07734584628878,-0.86804179541897,0.86804179541897,1.43977907136117,-1.43977907136117,-1.06147458221065,1.06147458221065,-1.47104432859244,1.47104432859244,0.696800373796899,-0.696800373796899,-0.768560410528049,0.768560410528049,-1.32149205612667,1.32149205612667,0.200455895096697,-0.200455895096697,0.660745708273026,-0.660745708273026,-0.53844931278636,0.53844931278636,-0.287685825838074,0.287685825838074,1.10050749848634,-1.10050749848634,0.581953626499521,-0.581953626499521,-0.738013682964094,0.738013682964094,-0.144435530374298,0.144435530374298,0.0778217682900555,-0.0778217682900555,0.739183369300301,-0.739183369300301,0.458430752801882,-0.458430752801882,0.154114059363856,-0.154114059363856,1.13207644035941,-1.13207644035941,2.45110573161405,-2.45110573161405,-0.032984935172445,0.032984935172445,0.829299954969,-0.829299954969,-0.864655511035921,0.864655511035921,-0.844490664113416,0.844490664113416,-1.17180623658376,1.17180623658376,0.283301515392218,-0.283301515392218,-0.216220808794121,0.216220808794121,-0.0293807608136921,0.0293807608136921,-1.26746987382512,1.26746987382512,0.792214403003715,-0.792214403003715,-0.432162544027867,0.432162544027867,-0.157016191610241,0.157016191610241,-0.711252858251415,0.711252858251415,2.06531523726357,-2.06531523726357,1.11232955015361,-1.11232955015361,0.985659345135876,-0.985659345135876,-0.825562649677039,0.825562649677039,-1.20208000840541,1.20208000840541,-0.890788665249047,0.890788665249047,-0.379010677404023,0.379010677404023,-0.784847318567775,0.784847318567775,1.13979967078536,-1.13979967078536,-0.846495595074629,0.846495595074629,-0.60399313957929,0.60399313957929,-0.644449717666654,0.644449717666654,-0.513680432674992,0.513680432674992,0.461990558572515,-0.461990558572515,0.718329427742075,-0.718329427742075,-0.808272477462799,0.808272477462799,0.633117707250275,-0.633117707250275,0.188300874356649,-0.188300874356649,-0.437466297759019,0.437466297759019,1.72208554710307,-1.72208554710307,-0.628422051021901,0.628422051021901,-2.38070037511444,2.38070037511444,-0.230168708126301,0.230168708126301,-0.30930316522741,0.30930316522741,-0.997633168726965,0.997633168726965,-0.217536108461569,0.217536108461569,1.0134055335354,-1.0134055335354,0.669336181836835,-0.669336181836835,0.296053799655608,-0.296053799655608,-1.01090224001178,1.01090224001178,-0.269230753735152,0.269230753735152,1.60036697622879,-1.60036697622879,-0.0369997499819255,0.0369997499819255,0.0128893117123461,-0.0128893117123461,0.882753467348333,-0.882753467348333,1.05408674755137,-1.05408674755137,-1.30622782573251,1.30622782573251,0.111081353828531,-0.111081353828531,-0.19741956252573,0.19741956252573,0.598884156310341,-0.598884156310341,-1.41080348443156,1.41080348443156,0.95924988772122,-0.95924988772122,-0.667412076000342,0.667412076000342,0.129217440798099,-0.129217440798099,-1.10011771402587,1.10011771402587,-0.80309215531661,0.80309215531661,1.45891909640727,-1.45891909640727,0.831214505649233,-0.831214505649233,-0.807701785678706,0.807701785678706,-0.386978757319438,0.386978757319438,0.549630877788777,-0.549630877788777,-0.0231732308694887,0.0231732308694887,0.431613392357489,-0.431613392357489,-0.745758778365363,0.745758778365363,0.530565193301048,-0.530565193301048,1.18805945649727,-1.18805945649727,-0.0868119748960202,0.0868119748960202,0.982863852308235,-0.982863852308235,-0.339687633409892,0.339687633409892,0.00385765892215036,-0.00385765892215036,-1.16511379294904,1.16511379294904,0.520760359099573,-0.520760359099573,-0.216998547908989,0.216998547908989,1.22158308686805,-1.22158308686805,-0.487259851294445,0.487259851294445,-2.16673421867708,2.16673421867708,0.345327917618753,-0.345327917618753,0.792141596754719,-0.792141596754719,0.199466134401441,-0.199466134401441,-2.26217132024416,2.26217132024416,1.69257947692184,-1.69257947692184,-0.258925375997118,0.258925375997118,2.81176730476854,-2.81176730476854,0.995134467422756,-0.995134467422756,-0.9011459169777,0.9011459169777,0.261647466456585,-0.261647466456585,0.768911144131925,-0.768911144131925,-0.354162445506208,0.354162445506208,-0.629691910158227,0.629691910158227,-0.490170412216995,0.490170412216995,-1.81382539014404,1.81382539014404,0.785556800774089,-0.785556800774089,-2.06539945126169,2.06539945126169,-0.608698785874029,0.608698785874029,0.785657163437731,-0.785657163437731,-1.64983431891881,1.64983431891881,1.12509012337485,-1.12509012337485,0.360173210850481,-0.360173210850481,-0.971838074147644,0.971838074147644,1.33838619458916,-1.33838619458916,1.27242792396164,-1.27242792396164,0.734443614106419,-0.734443614106419,0.657264650577253,-0.657264650577253,1.97679939529564,-1.97679939529564,-0.498740443260698,0.498740443260698,-1.24371689214954,1.24371689214954,-1.02034775066188,1.02034775066188,-1.30099634300502,1.30099634300502,-0.591492057050491,0.591492057050491,-1.68688284670724,1.68688284670724,0.25754807742561,-0.25754807742561,-1.74540408091317,1.74540408091317,-0.96191638857016,0.96191638857016,-0.504596035971648,0.504596035971648,0.704137624753042,-0.704137624753042,-0.0386252836935066,0.0386252836935066,0.127511775475734,-0.127511775475734,-0.776656381113907,0.776656381113907,-0.100020942229459,0.100020942229459,-0.117513449172342,0.117513449172342,-0.837880650848484,0.837880650848484,0.28862294711,-0.28862294711,0.778011756884528,-0.778011756884528,1.75952347213909,-1.75952347213909,-1.68370054881861,1.68370054881861,-0.249696951319608,0.249696951319608,-0.376993753017036,0.376993753017036,-1.63212401954788,1.63212401954788,0.38972668309276,-0.38972668309276,-1.10301036900046,1.10301036900046,1.48072109883978,-1.48072109883978,1.7949760392819,-1.7949760392819,-0.744377617572204,0.744377617572204,-1.70293735654407,1.70293735654407,-1.30914113753997,1.30914113753997,-0.380836342838244,0.380836342838244,0.265630739238706,-0.265630739238706,-0.430007385424116,0.430007385424116,0.303614950470888,-0.303614950470888,-0.974927633328413,0.974927633328413,-1.27426282039891,1.27426282039891,1.9088322133077,-1.9088322133077,-0.647714211279018,0.647714211279018,-1.04252433157511,1.04252433157511,-0.233078620810719,0.233078620810719,0.0276804992486152,-0.0276804992486152,0.0267954700433821,-0.0267954700433821,0.858963360741348,-0.858963360741348,0.623031053324277,-0.623031053324277,0.431069694477241,-0.431069694477241,-0.548162315908689,0.548162315908689,0.67558137152978,-0.67558137152978,1.35311803437944,-1.35311803437944,0.719585081311015,-0.719585081311015,-0.408095915586226,0.408095915586226,1.10876197324616,-1.10876197324616,2.05413081931198,-2.05413081931198,-1.52764583316168,1.52764583316168,-0.142552058471585,0.142552058471585,0.395288869985416,-0.395288869985416,0.699519663857209,-0.699519663857209,-0.987498331472645,0.987498331472645,-1.22256456622161,1.22256456622161,-0.750142375317302,0.750142375317302,0.552107819637744,-0.552107819637744,1.40204694583877,-1.40204694583877,-0.597685578893823,0.597685578893823,0.213271939474862,-0.213271939474862,0.165157589056027,-0.165157589056027,0.489216038623354,-0.489216038623354,-0.211426814708464,0.211426814708464,-1.74282796691427,1.74282796691427,-1.00183020097142,1.00183020097142,-0.354106377082852,0.354106377082852,-0.567290628469054,0.567290628469054,-0.223359744180641,0.223359744180641,-0.269700843200361,0.269700843200361,-0.192355174925627,0.192355174925627,-0.804756277371566,0.804756277371566,0.240735583280323,-0.240735583280323,1.77251311004351,-1.77251311004351,0.638810158724479,-0.638810158724479,0.287126117934649,-0.287126117934649,0.625386916913379,-0.625386916913379,0.668612366011513,-0.668612366011513,0.103025032418381,-0.103025032418381,-0.720470625417759,0.720470625417759,0.638203098219253,-0.638203098219253,-0.590123624080588,0.590123624080588,1.36397189739087,-1.36397189739087,-0.151073179369408,0.151073179369408,-1.46573634446376,1.46573634446376,-1.10308495680017,1.10308495680017,0.748778858343948,-0.748778858343948,-2.04193256763963,2.04193256763963,0.335171162231795,-0.335171162231795,0.896389220118193,-0.896389220118193,-1.34476905291744,1.34476905291744,1.93262252322863,-1.93262252322863,-0.561288662998924,0.561288662998924,1.90478624802751,-1.90478624802751,-1.19579846793611,1.19579846793611,0.214342026697858,-0.214342026697858,-0.294957325191547,0.294957325191547,0.914905412644569,-0.914905412644569,-0.519162110945672,0.519162110945672,-1.5825520299585,1.5825520299585,-0.854660580995316,0.854660580995316,0.0325971179081386,-0.0325971179081386,-1.51391048567572,1.51391048567572,1.26999926965667,-1.26999926965667,-1.33347255429335,1.33347255429335,-0.943966966508952,0.943966966508952,0.70830682892176,-0.70830682892176,-0.363390315200795,0.363390315200795,-0.210183499096843,0.210183499096843,0.270252102254349,-0.270252102254349,1.08920225778274,-1.08920225778274,-0.103789595342814,0.103789595342814,1.0325611901424,-1.0325611901424,-0.779076860720988,0.779076860720988,-1.70966551180897,1.70966551180897,-0.150277463952615,0.150277463952615,-0.200883669860019,0.200883669860019,-1.50318684185838,1.50318684185838,-0.516294836709733,0.516294836709733,-1.47161372126234,1.47161372126234,-2.28399217434741,2.28399217434741,1.14773454934476,-1.14773454934476,1.65294322407519,-1.65294322407519,0.404266261015438,-0.404266261015438,0.258513365206084,-0.258513365206084,0.123689691106759,-0.123689691106759,0.196775650301642,-0.196775650301642,0.138888342501482,-0.138888342501482,0.113520707960702,-0.113520707960702,-0.137605485825925,0.137605485825925,-0.434867739875045,0.434867739875045,0.9274460675293,-0.9274460675293,-0.670251342503756,0.670251342503756,-0.358267893663599,0.358267893663599,0.00787628926317154,-0.00787628926317154,1.4216437474422,-1.4216437474422,-1.04791050984837,1.04791050984837,1.83457651168418,-1.83457651168418,-1.33166611434997,1.33166611434997,0.944206222722465,-0.944206222722465,1.35395676516469,-1.35395676516469,0.853347369853755,-0.853347369853755,1.63922581695514,-1.63922581695514,1.33915035146727,-1.33915035146727,-0.0118399908353159,0.0118399908353159,1.15769857917945,-1.15769857917945,0.211508359061621,-0.211508359061621,-0.19251106065374,0.19251106065374,0.524597071221215,-0.524597071221215,0.678794810214086,-0.678794810214086,-0.0497732753254406,0.0497732753254406,-1.28611541933959,1.28611541933959,-0.520890747092518,0.520890747092518,0.601807143978428,-0.601807143978428,0.240143699247953,-0.240143699247953,1.33605899304417,-1.33605899304417,-1.47268990051848,1.47268990051848,-0.915445773435449,0.915445773435449,1.19447097307625,-1.19447097307625,-0.944508295545662,0.944508295545662,-0.0704126491239649,0.0704126491239649,-1.29208355030143,1.29208355030143,-0.848330058582898,0.848330058582898,-1.33376846038186,1.33376846038186,-1.13035330710783,1.13035330710783,0.441079368563908,-0.441079368563908,-1.73837580913495,1.73837580913495,1.10195581661322,-1.10195581661322,0.214754202754235,-0.214754202754235,0.612093163761337,-0.612093163761337,1.57128577912196,-1.57128577912196,-0.232609015038894,0.232609015038894,0.679360560731375,-0.679360560731375,0.750613451345949,-0.750613451345949,0.265780289979434,-0.265780289979434,-1.36624171568782,1.36624171568782,0.325106181808674,-0.325106181808674,0.29434276140724,-0.29434276140724,-1.90348473039859,1.90348473039859,0.429255382405138,-0.429255382405138,2.05688762909853,-2.05688762909853,-0.179664914272965,0.179664914272965,0.497218718393089,-0.497218718393089,-0.0448596946487075,0.0448596946487075,0.466735460919464,-0.466735460919464,1.26110747941154,-1.26110747941154,0.609471136486285,-0.609471136486285,-0.074936950605492,0.074936950605492,-0.356635747071966,0.356635747071966,-0.453582199472605,0.453582199472605,-0.60345203111053,0.60345203111053,0.847293548646576,-0.847293548646576,0.0225256476879475,-0.0225256476879475,0.010202378351083,-0.010202378351083,0.429398879803721,-0.429398879803721,-0.315345136889606,0.315345136889606,0.154314644118905,-0.154314644118905,-1.88285186950537,1.88285186950537,-0.201275895859279,0.201275895859279,-0.0329385250527265,0.0329385250527265,-0.443012935999238,0.443012935999238,0.144931561443417,-0.144931561443417,0.540521216960558,-0.540521216960558,1.81087285257703,-1.81087285257703,0.499968078134078,-0.499968078134078,-0.00526938527696029,0.00526938527696029,-0.236732228977633,0.236732228977633,-0.479037500771656,0.479037500771656,0.372730541227949,-0.372730541227949,-1.44870500905633,1.44870500905633,-0.729993062387503,0.729993062387503,-0.000983620259710902,0.000983620259710902,-0.0413518311527493,0.0413518311527493,0.33687933598042,-0.33687933598042,0.283499096861962,-0.283499096861962,2.55191851699733,-2.55191851699733,0.101098681427725,-0.101098681427725,-0.520106633306454,0.520106633306454,0.00851904083248773,-0.00851904083248773,1.37241768417958,-1.37241768417958,-1.28955666878303,1.28955666878303,-0.480833391355939,0.480833391355939,-1.7098767246687,1.7098767246687,-0.0155486166016585,0.0155486166016585,0.297768859372974,-0.297768859372974,-0.59937880555229,0.59937880555229,0.58830279846975,-0.58830279846975,0.732822694884439,-0.732822694884439,-0.800843248965291,0.800843248965291,0.79671849331641,-0.79671849331641,0.304321070585441,-0.304321070585441,0.150519290154101,-0.150519290154101,-0.0601184545518954,0.0601184545518954,1.24548749339242,-1.24548749339242,1.5656747471747,-1.5656747471747,0.454605467880189,-0.454605467880189,-0.524988373501781,0.524988373501781,1.4297554502896,-1.4297554502896,0.0222597634820153,-0.0222597634820153,0.650577128214313,-0.650577128214313,0.878636488860898,-0.878636488860898,-0.939116330140189,0.939116330140189,0.609806511738997,-0.609806511738997,-0.666513009134223,0.666513009134223,0.461974262976502,-0.461974262976502,-1.51579943236039,1.51579943236039,1.09583862411017,-1.09583862411017,0.564242485492862,-0.564242485492862,0.744621238766563,-0.744621238766563,-2.56207166353594,2.56207166353594,0.199353000150293,-0.199353000150293,1.24248448067459,-1.24248448067459,0.557124115377192,-0.557124115377192,1.07718604326654,-1.07718604326654,-0.202701882461953,0.202701882461953,-1.23568760130561,1.23568760130561,-1.49705536990208,1.49705536990208,-0.814192729048049,0.814192729048049,0.27190895089648,-0.27190895089648,-0.545780646969941,0.545780646969941,1.1502462867789,-1.1502462867789,-0.57043057891294,0.57043057891294,0.243184070751727,-0.243184070751727,-1.15951956658167,1.15951956658167,-0.879757958171587,0.879757958171587,0.518271930033274,-0.518271930033274,0.849714243135222,-0.849714243135222,1.74431208429897,-1.74431208429897,-0.575854677591583,0.575854677591583,-0.585126905319336,0.585126905319336,0.846743229529176,-0.846743229529176,-0.49959660432488,0.49959660432488,0.235468955420211,-0.235468955420211,-0.297706151192399,0.297706151192399,-0.842016411825651,0.842016411825651,-0.932954378656622,0.932954378656622,1.48122932161939,-1.48122932161939,-0.500810278019299,0.500810278019299,-0.144716195662306,0.144716195662306,0.557498570332453,-0.557498570332453,2.18927886776087,-2.18927886776087,-0.15516877995256,0.15516877995256,0.165206406745058,-0.165206406745058,-1.02858864196077,1.02858864196077,1.91742991901196,-1.91742991901196,0.158265174318142,-0.158265174318142,0.756248628530988,-0.756248628530988,1.33960957394703,-1.33960957394703,-1.97686283673284,1.97686283673284,-0.70095517716592,0.70095517716592,-0.114732482170703,0.114732482170703,-0.53918850055672,0.53918850055672,-0.0271542152675134,0.0271542152675134,-0.72697751652672,0.72697751652672,-2.01408173448539,2.01408173448539,-1.77533606588157,1.77533606588157,-1.02244798106588,1.02244798106588,0.381550535582168,-0.381550535582168,-0.570295163665187,0.570295163665187,-0.0358305617565239,0.0358305617565239,-0.75466221383243,0.75466221383243,0.439332612792399,-0.439332612792399,0.175230931883707,-0.175230931883707,0.272367200632416,-0.272367200632416,0.416822809990155,-0.416822809990155,-1.0954868431157,1.0954868431157,1.59806512916497,-1.59806512916497,0.0894743883725062,-0.0894743883725062,1.80074503541911,-1.80074503541911,0.0856097666826176,-0.0856097666826176,0.388295324145069,-0.388295324145069,-0.401031209911262,0.401031209911262,-0.0593352344582791,0.0593352344582791,-1.24260355521497,1.24260355521497,-1.55863563491081,1.55863563491081,0.575823236081536,-0.575823236081536,0.760169414391642,-0.760169414391642,-0.754137272552852,0.754137272552852,-0.652503502614957,0.652503502614957,0.546363799637485,-0.546363799637485,0.287287021315582,-0.287287021315582,-0.834434703618897,0.834434703618897,0.299221586999028,-0.299221586999028,1.47747567797127,-1.47747567797127,-1.13846777229521,1.13846777229521,0.659629241275548,-0.659629241275548,-0.444911540414623,0.444911540414623,0.466034401574383,-0.466034401574383,0.596504568346094,-0.596504568346094,-0.170601143579021,0.170601143579021,-0.339442220269619,0.339442220269619,1.57774586233387,-1.57774586233387,0.750230282511033,-0.750230282511033,-0.386743683924049,0.386743683924049,-0.475709473699579,0.475709473699579,-1.69674605694355,1.69674605694355,0.49997326579987,-0.49997326579987,-0.871508522814965,0.871508522814965,0.276726235494915,-0.276726235494915,-0.136134393516977,0.136134393516977,0.485631751678313,-0.485631751678313,-0.437146684269827,0.437146684269827,-0.648792525003652,0.648792525003652,-1.14111713264647,1.14111713264647,0.579654269466284,-0.579654269466284,-0.285251061167937,0.285251061167937,0.253876006770134,-0.253876006770134,0.170854115074518,-0.170854115074518,0.470684363058561,-0.470684363058561,-0.704974221389619,0.704974221389619,0.218311742785613,-0.218311742785613,-1.05946293421082,1.05946293421082,1.6281859732268,-1.6281859732268,-0.654257162653642,0.654257162653642,-0.140284163606476,0.140284163606476,-0.214726228672868,0.214726228672868,0.134856107998633,-0.134856107998633,-1.76345006841601,1.76345006841601,-0.273767493761336,0.273767493761336,-1.47328452461117,1.47328452461117,0.811136148361357,-0.811136148361357,-0.841047670004566,0.841047670004566,-0.626350783123314,0.626350783123314,1.32756862028296,-1.32756862028296,1.08554806384583,-1.08554806384583,0.921251182731183,-0.921251182731183,-0.539260890390447,0.539260890390447,-0.441605546195918,0.441605546195918,1.34753825502119,-1.34753825502119,0.173545132825923,-0.173545132825923,-1.36913058067664,1.36913058067664,0.485417981879259,-0.485417981879259,-0.47147725119127,0.47147725119127,-0.778891151158833,0.778891151158833,-0.887942203587294,0.887942203587294,-0.212422892532269,0.212422892532269,0.82965282789662,-0.82965282789662,0.593678535436853,-0.593678535436853,-0.377948201914211,0.377948201914211,-1.3593423349419,1.3593423349419,0.447865720764818,-0.447865720764818,0.484387678807001,-0.484387678807001,-0.0816065172591951,0.0816065172591951,-0.844698651637507,0.844698651637507,-0.998885336001334,0.998885336001334,-2.04705836581574,2.04705836581574,-0.0437347074425674,0.0437347074425674,-0.65122537699741,0.65122537699741,-1.43957237490722,1.43957237490722,0.229106051408032,-0.229106051408032,-0.631352199436757,0.631352199436757,0.090248835078694,-0.090248835078694,3.59284301763344,-3.59284301763344,-0.902161260419606,0.902161260419606,1.02594090735583,-1.02594090735583,0.756035954563658,-0.756035954563658,1.38114384938214,-1.38114384938214,-2.23523637389123,2.23523637389123,0.668378701876801,-0.668378701876801,-0.991169282280703,0.991169282280703,-0.615005008158815,0.615005008158815,0.840471239329493,-0.840471239329493,-0.220753606927495,0.220753606927495,-0.498370370452267,0.498370370452267,0.257751426045122,-0.257751426045122,-1.80586385604514,1.80586385604514,-0.117852004596089,0.117852004596089,-1.14566877069592,1.14566877069592,3.36984846013785,-3.36984846013785,-2.37570366726212,2.37570366726212,-0.166355354976775,0.166355354976775,-0.687871669407696,0.687871669407696,-2.0603204247082,2.0603204247082,2.01348683345552,-2.01348683345552,2.0655685498502,-2.0655685498502,0.451799146118395,-0.451799146118395,2.24751874343819,-2.24751874343819,-1.07383493414172,1.07383493414172,0.0925889402852733,-0.0925889402852733,0.571528666206816,-0.571528666206816,-0.348914324117298,0.348914324117298,0.182033995950017,-0.182033995950017,1.71083323787442,-1.71083323787442,-1.39183364328029,1.39183364328029,0.167586148044888,-0.167586148044888,-0.118608714099995,0.118608714099995,0.53830228586588,-0.53830228586588,-0.310399091976729,0.310399091976729,-1.158867684512,1.158867684512,0.407886990487309,-0.407886990487309,0.866754241349612,-0.866754241349612,-0.639117314348631,0.639117314348631,-0.0984638691340904,0.0984638691340904,1.94664148838463,-1.94664148838463,-2.52164006647954,2.52164006647954,1.16091689591899,-1.16091689591899,0.142430878143572,-0.142430878143572,0.0604853466378703,-0.0604853466378703,0.106379545559438,-0.106379545559438,-1.57530387708685,1.57530387708685,-0.160115903201549,0.160115903201549,0.723926188620464,-0.723926188620464,-0.592706307681812,0.592706307681812,-1.22322526972234,1.22322526972234,-1.18745718586443,1.18745718586443,-1.19555951329798,1.19555951329798,0.103614361038096,-0.103614361038096,-1.53075339425602,1.53075339425602,-1.44271184626005,1.44271184626005,0.238662225490063,-0.238662225490063,1.03678478370168,-1.03678478370168,0.0435330988334372,-0.0435330988334372,0.886491407575882,-0.886491407575882,-1.2952871692434,1.2952871692434,-0.47265170412527,0.47265170412527,0.772400607024326,-0.772400607024326,0.57046144053584,-0.57046144053584,-0.426315676695672,0.426315676695672,-0.892596542078991,0.892596542078991,-0.271001742964168,0.271001742964168,-1.8788066195661,1.8788066195661,-0.0308803091805119,0.0308803091805119,-0.396039682568685,0.396039682568685,0.181862677789916,-0.181862677789916,2.5825816072385,-2.5825816072385,0.635798237336454,-0.635798237336454,-2.69453409460589,2.69453409460589,1.10374031235271,-1.10374031235271,-0.668025076231324,0.668025076231324,0.99552222121947,-0.99552222121947,0.283235551528672,-0.283235551528672,-0.536750738004603,0.536750738004603,0.938324983495114,-0.938324983495114,-0.354639300503979,0.354639300503979,-0.108758839585466,0.108758839585466,-0.10061567651095,0.10061567651095,-0.519985037666471,0.519985037666471,2.26017397565041,-2.26017397565041,2.33601935330284,-2.33601935330284,0.516662070615166,-0.516662070615166,0.122426921022534,-0.122426921022534,1.76512861290348,-1.76512861290348,0.212697557114261,-0.212697557114261,-0.269022544408126,0.269022544408126,-0.288301039462157,0.288301039462157,-3.34353972600253,3.34353972600253,-1.78374509947573,1.78374509947573,-0.527062429314428,0.527062429314428,-1.70259110126785,1.70259110126785,-1.09366254910312,1.09366254910312,0.12559209409047,-0.12559209409047,-0.246142331915024,0.246142331915024,0.730999970809985,-0.730999970809985,0.617950494371923,-0.617950494371923,0.209902287909814,-0.209902287909814,0.785673942534247,-0.785673942534247,-0.542531821628205,0.542531821628205,-0.642533012581438,0.642533012581438,-1.05535230466594,1.05535230466594,-0.665753346086268,0.665753346086268,0.672830016450777,-0.672830016450777,-0.0313921491120424,0.0313921491120424,-0.566693087243687,0.566693087243687,-1.38291279907831,1.38291279907831,-0.244516600537157,0.244516600537157,0.0628512124109473,-0.0628512124109473,0.601773632375153,-0.601773632375153,-0.812081624651156,0.812081624651156,-1.18739436883567,1.18739436883567,0.646123635655139,-0.646123635655139,-0.873143662030563,0.873143662030563,-1.00826158130523,1.00826158130523,0.578874335624785,-0.578874335624785,-1.69517843506759,1.69517843506759,0.377146743463752,-0.377146743463752,-0.0189011225411209,0.0189011225411209,0.221960850268178,-0.221960850268178,-1.24869540183235,1.24869540183235,-0.590089384073887,0.590089384073887,-0.235685630927624,0.235685630927624,0.0100705028721787,-0.0100705028721787,0.822498216622368,-0.822498216622368,1.79452203301609,-1.79452203301609,1.07124306240307,-1.07124306240307,-0.750065203425816,0.750065203425816,0.140015674985574,-0.140015674985574,-0.79015122560918,0.79015122560918,0.926793031706328,-0.926793031706328,0.236867888857927,-0.236867888857927,-0.861594598292669,0.861594598292669,-1.68756357789134,1.68756357789134,-0.487675439800894,0.487675439800894,-0.0381930955674018,0.0381930955674018,0.459978709427435,-0.459978709427435,-1.19959816094539,1.19959816094539,1.05717068147428,-1.05717068147428,0.249966880669174,-0.249966880669174,0.965997011772558,-0.965997011772558,0.24414730710846,-0.24414730710846,0.556845046384316,-0.556845046384316,-0.428790280836135,0.428790280836135,1.35353943428957,-1.35353943428957,-0.762662851493769,0.762662851493769,0.326051877068207,-0.326051877068207,1.14104851813475,-1.14104851813475,1.95731766477226,-1.95731766477226,0.541573189292054,-0.541573189292054,0.486516854276729,-0.486516854276729,0.0542210721345108,-0.0542210721345108,1.0229291397278,-1.0229291397278,-0.101674792182922,0.101674792182922,-0.620315395848474,0.620315395848474,0.860324391570051,-0.860324391570051,0.390310091947251,-0.390310091947251,1.30807561336059,-1.30807561336059,0.51940480102395,-0.51940480102395,-0.437903045727535,0.437903045727535,-1.2712594555034,1.2712594555034,-1.6969996603769,1.6969996603769,0.2929601701483,-0.2929601701483,0.528842875850139,-0.528842875850139,2.4039277644723,-2.4039277644723,-0.293895404696925,0.293895404696925,-1.26664376091264,1.26664376091264,0.11913829454611,-0.11913829454611,0.725632611357732,-0.725632611357732,0.220077391550283,-0.220077391550283,-0.654377081573795,0.654377081573795,-0.0531899692610741,0.0531899692610741,0.879327704014022,-0.879327704014022,-0.511930961322701,0.511930961322701,1.47099606917777,-1.47099606917777,0.424531456660699,-0.424531456660699,1.16509830871831,-1.16509830871831,0.546231268423687,-0.546231268423687,0.102243058920032,-0.102243058920032,-1.77460911676082,1.77460911676082,-0.260493015802805,0.260493015802805,-0.349897630958263,0.349897630958263,-1.00824999933965,1.00824999933965,0.61740623525667,-0.61740623525667,-0.807113085125218,0.807113085125218,1.01643596545299,-1.01643596545299,0.21445954250667,-0.21445954250667,0.191014432936941,-0.191014432936941,-1.0568347812451,1.0568347812451,-2.02603540779351,2.02603540779351,1.36776157114713,-1.36776157114713,0.812958303188285,-0.812958303188285,2.17510587320796,-2.17510587320796,-2.48927373972135,2.48927373972135,-1.01324394260132,1.01324394260132,1.17840342620454,-1.17840342620454,-0.676206829070601,0.676206829070601,-0.105934528768833,0.105934528768833,-0.497328675022254,0.497328675022254,0.600236029126017,-0.600236029126017,-0.294433298024465,0.294433298024465,-1.09632790790469,1.09632790790469,0.941440022895756,-0.941440022895756,0.534066079730199,-0.534066079730199,0.803147034887344,-0.803147034887344,-1.10974410865205,1.10974410865205,0.844673548043701,-0.844673548043701,2.46991086657945,-2.46991086657945,0.453903970606251,-0.453903970606251,-1.69141925608793,1.69141925608793,-0.193505715093785,0.193505715093785,-0.492557550432246,0.492557550432246,1.16542720299929,-1.16542720299929,0.698221582038121,-0.698221582038121,0.253240602109546,-0.253240602109546,-0.284134237975599,0.284134237975599,0.182206159216492,-0.182206159216492,-0.410018401976325,0.410018401976325,1.46587188515914,-1.46587188515914,-1.25095272620734,1.25095272620734,2.09676255372779,-2.09676255372779,-1.06167999450012,1.06167999450012,-0.746983028730077,0.746983028730077,-0.483456783781313,0.483456783781313,1.71142165873736,-1.71142165873736,0.318041693512134,-0.318041693512134,0.355886098582075,-0.355886098582075,0.912800108294005,-0.912800108294005,-1.10018798030477,1.10018798030477,1.10365094440314,-1.10365094440314,-2.35921933145839,2.35921933145839,0.934653020874149,-0.934653020874149,-1.66844800187555,1.66844800187555,-2.12870868170947,2.12870868170947,1.23810980137586,-1.23810980137586,-0.988945715957878,0.988945715957878,-0.917382499229859,0.917382499229859,0.591511984826346,-0.591511984826346,0.214585609138563,-0.214585609138563,0.365963872562027,-0.365963872562027,-0.542975439247672,0.542975439247672,-1.29506119729457,1.29506119729457,-1.30421407007137,1.30421407007137,0.914694381500738,-0.914694381500738,0.983076350202995,-0.983076350202995,0.498982870400615,-0.498982870400615,2.32401882034157,-2.32401882034157,0.810193917705258,-0.810193917705258,0.5901303037743,-0.5901303037743,0.167711766498274,-0.167711766498274,2.18413856414468,-2.18413856414468,-1.19986331670451,1.19986331670451,0.743226700658898,-0.743226700658898,0.0120291100647985,-0.0120291100647985,2.02088888001924,-2.02088888001924,-0.656944465165451,0.656944465165451,-0.106023711902242,0.106023711902242,-0.311661213021387,0.311661213021387,-0.852116715030356,0.852116715030356,0.345095824163483,-0.345095824163483,0.164173662284471,-0.164173662284471,-1.17231954421379,1.17231954421379,2.61278300771038,-2.61278300771038,0.454616259796593,-0.454616259796593,-1.65038717336736,1.65038717336736,-0.960252952410367,0.960252952410367,1.79966156233528,-1.79966156233528,0.234684972978081,-0.234684972978081,0.643543747906026,-0.643543747906026,0.141414319536065,-0.141414319536065,1.0163888336725,-1.0163888336725,1.45695640315564,-1.45695640315564,0.285318336179665,-0.285318336179665,0.778189711106802,-0.778189711106802,-0.152548502394536,0.152548502394536,1.17828862004333,-1.17828862004333,-0.103468826601417,0.103468826601417,-0.562108503781323,0.562108503781323,-2.20559727326853,2.20559727326853,1.11700819028393,-1.11700819028393,1.26122679404605,-1.26122679404605,0.748053070045793,-0.748053070045793,0.359348821002584,-0.359348821002584,0.527074446206325,-0.527074446206325,0.243136784665955,-0.243136784665955,-0.272350361219956,0.272350361219956,-0.775431344627491,0.775431344627491,-0.984770813863346,0.984770813863346,-0.0667782175616472,0.0667782175616472,1.83264764422473,-1.83264764422473,-0.241138225406321,0.241138225406321,-1.53835113854948,1.53835113854948,-0.672961481495091,0.672961481495091,0.152780950187215,-0.152780950187215,1.12601024877029,-1.12601024877029,-0.220531443157717,0.220531443157717,-0.105473618362275,0.105473618362275,0.157493223176278,-0.157493223176278,-1.24616561822874,1.24616561822874,0.432970137565522,-0.432970137565522,-0.132181205788115,0.132181205788115,-0.527906780686365,0.527906780686365,0.179511074717562,-0.179511074717562,0.133330861930954,-0.133330861930954,0.293617558742323,-0.293617558742323,-0.127363032320363,0.127363032320363,0.102644737935085,-0.102644737935085,-0.804795977394955,0.804795977394955,-0.70633871251583,0.70633871251583,-0.720073121998597,0.720073121998597,1.20870661614439,-1.20870661614439,-1.87752877309393,1.87752877309393,1.58694746525534,-1.58694746525534,-1.01945489164211,1.01945489164211,1.28072761247339,-1.28072761247339,-0.665516723840832,0.665516723840832,-1.67117709675073,1.67117709675073,-0.46070553475741,0.46070553475741,0.982978311092457,-0.982978311092457,-0.223365697399513,0.223365697399513,-0.440547052773834,0.440547052773834,2.89576293199457,-2.89576293199457,0.476112155016308,-0.476112155016308,0.16066309374646,-0.16066309374646,-0.776858706592188,0.776858706592188,-0.343422306678552,0.343422306678552,0.23177203265643,-0.23177203265643,-1.18811595813172,1.18811595813172,0.622975294950656,-0.622975294950656,-1.33951756772935,1.33951756772935,0.526519648604544,-0.526519648604544,0.56480266762801,-0.56480266762801,-1.24366103413195,1.24366103413195,0.454514724790454,-0.454514724790454,0.751573902296525,-0.751573902296525,-0.182794937977361,0.182794937977361,0.297472624233729,-0.297472624233729,-0.189742065216563,0.189742065216563,1.49908216577074,-1.49908216577074,-0.200687191319136,0.200687191319136,1.60321979606419,-1.60321979606419,-0.973782399633263,0.973782399633263,0.722889949820681,-0.722889949820681,1.87012607836784,-1.87012607836784,-0.206609794186246,0.206609794186246,0.45219311427745,-0.45219311427745,-1.99253101231509,1.99253101231509,0.154584421925479,-0.154584421925479,-0.143133348035954,0.143133348035954,0.500360135473988,-0.500360135473988,-0.633575829982335,0.633575829982335,1.4637283531935,-1.4637283531935,-0.642067189043069,0.642067189043069,1.05995625701538,-1.05995625701538,1.13362187128885,-1.13362187128885,-0.107351124325396,0.107351124325396,0.280833655618849,-0.280833655618849,0.406802723087814,-0.406802723087814,0.539974140606435,-0.539974140606435,0.311255251272891,-0.311255251272891,-0.65113745013262,0.65113745013262,0.0383373289492351,-0.0383373289492351,-2.59947773420799,2.59947773420799,0.466061520875985,-0.466061520875985,0.656933612014687,-0.656933612014687,0.252740719300955,-0.252740719300955,-0.632716307712502,0.632716307712502,-0.694627423712658,0.694627423712658,1.32574256614424,-1.32574256614424,0.0502461796500539,-0.0502461796500539,1.74231746839402,-1.74231746839402,1.22590921724137,-1.22590921724137,1.11000599047801,-1.11000599047801,-0.0174627760272873,0.0174627760272873,0.211174296451964,-0.211174296451964,0.653279179556879,-0.653279179556879,0.0826514718994362,-0.0826514718994362,0.0830303045318958,-0.0830303045318958,-0.62360357955885,0.62360357955885,-1.04436323319644,1.04436323319644,-0.254669187400643,0.254669187400643,-0.457183969987678,0.457183969987678,1.55040152533347,-1.55040152533347,0.221404225495117,-0.221404225495117,-1.58431136332482,1.58431136332482,0.192577006739633,-0.192577006739633,-0.864004775093017,0.864004775093017,0.213053903335535,-0.213053903335535,0.777164707028686,-0.777164707028686,1.07667547784566,-1.07667547784566,-0.869366353052775,0.869366353052775,0.580338028792546,-0.580338028792546,1.15136316688852,-1.15136316688852,-0.0793288227971755,0.0793288227971755,-0.257646335106023,0.257646335106023,0.175780235110826,-0.175780235110826,1.26182800025,-1.26182800025,-0.713674752120378,0.713674752120378,-0.28698008428187,0.28698008428187,-0.833469113713967,0.833469113713967,0.631193296344213,-0.631193296344213,0.602576388205231,-0.602576388205231,0.725315302218385,-0.725315302218385,1.00630721239904,-1.00630721239904,-0.826298798519229,0.826298798519229,0.644040631856159,-0.644040631856159,1.73680329887724,-1.73680329887724,1.15015198198671,-1.15015198198671,0.752192017802589,-0.752192017802589,0.344466912981255,-0.344466912981255,1.63194641961275,-1.63194641961275,0.639133600770373,-0.639133600770373,0.307105058941225,-0.307105058941225,0.382117958718475,-0.382117958718475,-1.15477912898555,1.15477912898555,-0.598282466706111,0.598282466706111,-1.29134597854539,1.29134597854539,-0.492929433491973,0.492929433491973,0.682660867668206,-0.682660867668206,-1.29442962571963,1.29442962571963,0.111777882576441,-0.111777882576441,0.484383247625393,-0.484383247625393,-1.60108854328635,1.60108854328635,1.88180488483545,-1.88180488483545,0.873009142385579,-0.873009142385579,-1.39472418016998,1.39472418016998,0.650179719698105,-0.650179719698105,-0.64595085160941,0.64595085160941,-0.548667760829453,0.548667760829453,1.09395429698582,-1.09395429698582,-0.274405575281201,0.274405575281201,-0.169968168936858,0.169968168936858,0.567884362069319,-0.567884362069319,-1.15128076029674,1.15128076029674,-1.01125117705647,1.01125117705647,0.84400490672779,-0.84400490672779,0.670731362821521,-0.670731362821521,0.0652214402095071,-0.0652214402095071,-0.0521976181435178,0.0521976181435178,0.337646010760209,-0.337646010760209,0.810517616126248,-0.810517616126248,0.236886355193639,-0.236886355193639,-1.20121856748165,1.20121856748165,-0.607814036436272,0.607814036436272,-0.267915018533394,0.267915018533394,0.433850998788884,-0.433850998788884,-1.0994338118743,1.0994338118743,-0.391887453327076,0.391887453327076,-0.261147050600169,0.261147050600169,-0.445815722361107,0.445815722361107,-0.108488536125462,0.108488536125462,-0.911070145101203,0.911070145101203,0.871418092553958,-0.871418092553958,0.410294931220812,-0.410294931220812,-0.0652234004190251,0.0652234004190251,-0.364983011398441,0.364983011398441,1.00294794627414,-1.00294794627414,0.289670938866362,-0.289670938866362,0.654092519634237,-0.654092519634237,-0.729835725681907,0.729835725681907,0.027482906390068,-0.027482906390068,-1.14273482525594,1.14273482525594,0.504060498031748,-0.504060498031748,0.124259000451539,-0.124259000451539,-0.920070419548324,0.920070419548324,0.754064053853625,-0.754064053853625,1.40690059563577,-1.40690059563577,2.46601782000961,-2.46601782000961,-0.464562080403718,0.464562080403718,1.05446022159191,-1.05446022159191,-0.341440856518761,0.341440856518761,0.840359958470143,-0.840359958470143,-0.67320096081902,0.67320096081902,0.479773405427739,-0.479773405427739,-0.664875647567864,0.664875647567864,-0.230175376656629,0.230175376656629,-1.25924507014242,1.25924507014242,1.03414467811214,-1.03414467811214,2.36580518838656,-2.36580518838656,0.153791249973552,-0.153791249973552,0.490396836457168,-0.490396836457168,2.79320118191958,-2.79320118191958,-2.38696477053608,2.38696477053608,1.09860284662836,-1.09860284662836,1.140062286035,-1.140062286035,-0.0856291482624319,0.0856291482624319,1.03554601362922,-1.03554601362922,-1.26810061274636,1.26810061274636,-0.887064365460401,0.887064365460401,0.917392955921088,-0.917392955921088,0.397433826809173,-0.397433826809173,0.718881992557986,-0.718881992557986,1.69306944172469,-1.69306944172469,-1.03237365155354,1.03237365155354,-0.532538743580808,0.532538743580808,0.212490924209327,-0.212490924209327,-1.86074519749349,1.86074519749349,-0.89859006866816,0.89859006866816,2.98386692798588,-2.98386692798588,-0.396838968616301,0.396838968616301,-0.0477922914384364,0.0477922914384364,1.39131549115228,-1.39131549115228,3.1664721857233,-3.1664721857233,2.15416204740184,-2.15416204740184,-0.19026186860345,0.19026186860345,0.526012698451839,-0.526012698451839,0.0421681000873473,-0.0421681000873473,0.219465632019106,-0.219465632019106,1.89263595521954,-1.89263595521954,0.440389681687328,-0.440389681687328,1.20799081373267,-1.20799081373267,-0.704825246238338,0.704825246238338,-1.06430777572003,1.06430777572003,-1.35827171904105,1.35827171904105,-0.368334234673072,0.368334234673072,2.09338644482047,-2.09338644482047,1.06938577901541,-1.06938577901541,-1.58006024452568,1.58006024452568,0.808851028789713,-0.808851028789713,2.08998879968743,-2.08998879968743,-0.0458503817187608,0.0458503817187608,0.357469847863928,-0.357469847863928,-0.655721676692998,0.655721676692998,-0.876401080950347,0.876401080950347,-0.663313427519928,0.663313427519928,-0.337094443854732,0.337094443854732,-0.846491589195865,0.846491589195865,0.163057838062602,-0.163057838062602,-0.538601194776661,0.538601194776661,-0.0370037899154161,0.0370037899154161,-0.291693154620101,0.291693154620101,1.20950932054771,-1.20950932054771,1.13725891368209,-1.13725891368209,0.0618022148667827,-0.0618022148667827,-1.56550215026732,1.56550215026732,-0.332578035370816,0.332578035370816,-1.71913897681424,1.71913897681424,0.856478613871278,-0.856478613871278,0.036637651234819,-0.036637651234819,0.897429307808952,-0.897429307808952,0.398700852559718,-0.398700852559718,0.484533375232267,-0.484533375232267,0.968499289364165,-0.968499289364165,-0.477508522047287,0.477508522047287,-0.0374811062637055,0.0374811062637055,1.44060546600726,-1.44060546600726,-0.953574378501405,0.953574378501405,-0.396145328967801,0.396145328967801,0.0557984881059565,-0.0557984881059565,-0.150150090250869,0.150150090250869,-0.837378666135775,0.837378666135775,-2.43611676237789,2.43611676237789,-0.935154761786286,0.935154761786286,0.391095139350239,-0.391095139350239,-0.104426270308685,0.104426270308685,0.511823734452433,-0.511823734452433,1.1260708397895,-1.1260708397895,-0.313108602513214,0.313108602513214,-1.45642449594902,1.45642449594902,0.0170268448161527,-0.0170268448161527,0.09256479132582,-0.09256479132582,-1.28506375315842,1.28506375315842,0.317301740889347,-0.317301740889347,0.102508093458651,-0.102508093458651,0.755603172404919,-0.755603172404919,0.0118968603830165,-0.0118968603830165,-0.309407195183763,0.309407195183763,-1.13199724410038,1.13199724410038,0.253436160914717,-0.253436160914717,0.702118675111388,-0.702118675111388,0.0765547043983648,-0.0765547043983648,-0.245789894499687,0.245789894499687,0.497441307187019,-0.497441307187019,0.913338827273111,-0.913338827273111,0.38499373565539,-0.38499373565539,0.216095204500981,-0.216095204500981,-1.13218404987113,1.13218404987113,2.0092740458056,-2.0092740458056,-2.2520225851111,2.2520225851111,-0.804918902649204,0.804918902649204,0.602729969472037,-0.602729969472037,-0.0917050732080237,0.0917050732080237,0.825072452895884,-0.825072452895884,-0.249411911100751,0.249411911100751,0.682413731669147,-0.682413731669147,-0.544550550316,0.544550550316,1.86545064848386,-1.86545064848386,2.40227009806283,-2.40227009806283,0.0864335609391626,-0.0864335609391626,0.676848408179302,-0.676848408179302,1.62413889729106,-1.62413889729106,-0.835038804740762,0.835038804740762,-2.03037983198092,2.03037983198092,-1.00397441959202,1.00397441959202,-0.717201593700467,0.717201593700467,-0.417131747476214,0.417131747476214,-0.529428800162039,0.529428800162039,-0.169412080825077,0.169412080825077,1.13344193405149,-1.13344193405149,-0.401495252696039,0.401495252696039,-0.962083947062118,0.962083947062118,-0.227785543219347,0.227785543219347,-1.23807310015934,1.23807310015934,0.574194409970022,-0.574194409970022,1.6455041916931,-1.6455041916931,0.0220334711235359,-0.0220334711235359,0.225423321019561,-0.225423321019561,0.430986817598978,-0.430986817598978,0.747252908352894,-0.747252908352894,0.171559096201539,-0.171559096201539,-0.656924293196898,0.656924293196898,-0.672431000560064,0.672431000560064,1.3543826239724,-1.3543826239724,-0.206578571813914,0.206578571813914,-1.88815959642168,1.88815959642168,-1.04625551574171,1.04625551574171,-0.55310652302551,0.55310652302551,0.558690318110782,-0.558690318110782,0.389047520505299,-0.389047520505299,-1.58937292334097,1.58937292334097,-1.09633296146145,1.09633296146145,0.731798946198549,-0.731798946198549,-0.197221813394759,0.197221813394759,-0.374492519345153,0.374492519345153,0.111005953319197,-0.111005953319197,-1.13133744728508,1.13133744728508,0.0129640122899019,-0.0129640122899019,-2.9701536579883,2.9701536579883,1.36918920705295,-1.36918920705295,-0.625041686829783,0.625041686829783,-1.30960669396276,1.30960669396276,-0.668181385166047,0.668181385166047,0.544281572424467,-0.544281572424467,1.28727951419751,-1.28727951419751,-0.345548453335657,0.345548453335657,0.605534437351429,-0.605534437351429,0.299182303479956,-0.299182303479956,-1.49401472928042,1.49401472928042,1.2008572891637,-1.2008572891637,0.236316702005813,-0.236316702005813,1.50320713907406,-1.50320713907406,0.444051805012522,-0.444051805012522,0.0516696782468961,-0.0516696782468961,-0.5184186649989,0.5184186649989,0.254751070018923,-0.254751070018923,-0.654155189690267,0.654155189690267,0.614580018155069,-0.614580018155069,0.855051723024428,-0.855051723024428,-0.0438669827894198,0.0438669827894198,0.921085078957543,-0.921085078957543,-0.529262140835413,0.529262140835413,-0.0409761911705863,0.0409761911705863,-1.96923397461277,1.96923397461277,-0.76836393492443,0.76836393492443,1.17412951906593,-1.17412951906593,-2.32901627624152,2.32901627624152,-1.6613203922745,1.6613203922745,0.828268972088911,-0.828268972088911,1.13522265802614,-1.13522265802614,0.27958675785792,-0.27958675785792,0.310473971365166,-0.310473971365166,1.94680024207579,-1.94680024207579,-0.899077319866585,0.899077319866585,0.6319380831145,-0.6319380831145,-0.111054523913483,0.111054523913483,-0.761492949328576,0.761492949328576,-0.47783672500884,0.47783672500884,1.14097957649058,-1.14097957649058,-1.57290359999705,1.57290359999705,-0.60665892517471,0.60665892517471,1.21291048904042,-1.21291048904042,2.39706770240027,-2.39706770240027,-0.451226919014985,0.451226919014985,0.309145248271708,-0.309145248271708,-0.333273794287389,0.333273794287389,-0.457508508369238,0.457508508369238,0.387347338124336,-0.387347338124336,-0.00430100629142949,0.00430100629142949,-0.917718030693244,0.917718030693244,-1.14013226298295,1.14013226298295,1.2537669618706,-1.2537669618706,0.353317747868798,-0.353317747868798,1.92300997898139,-1.92300997898139,0.22601809480848,-0.22601809480848,1.40895651763503,-1.40895651763503,1.51761764446496,-1.51761764446496,0.169366708249798,-0.169366708249798,-1.30691859996966,1.30691859996966,-0.402818978935434,0.402818978935434,-0.0499321093170044,0.0499321093170044,1.08423281215547,-1.08423281215547,-0.00117645007676866,0.00117645007676866,0.014370822303753,-0.014370822303753,2.03968063435358,-2.03968063435358,-0.455653699232809,0.455653699232809,1.57465599461174,-1.57465599461174,-0.543948889464562,0.543948889464562,1.27852256162653,-1.27852256162653,0.669010833916087,-0.669010833916087,0.868673163451367,-0.868673163451367,-1.44109470030614,1.44109470030614,-1.40476604395136,1.40476604395136,0.776047890192344,-0.776047890192344,1.41131815880928,-1.41131815880928,0.936925555402269,-0.936925555402269,0.800774301683158,-0.800774301683158,-0.910618654633214,0.910618654633214,0.710994529093048,-0.710994529093048,1.00130290363017,-1.00130290363017,-0.928858030856462,0.928858030856462,1.50913282975044,-1.50913282975044,0.79459482455399,-0.79459482455399,-0.0753077515653901,0.0753077515653901,2.47933654989658,-2.47933654989658,0.716023448940721,-0.716023448940721,1.54729801759264,-1.54729801759264,0.044720709693969,-0.044720709693969,-0.577682495964368,0.577682495964368,0.107938817246397,-0.107938817246397,0.967240374074587,-0.967240374074587,-1.47569767883149,1.47569767883149,0.00956642437033293,-0.00956642437033293,0.446603640092907,-0.446603640092907,-1.69130808061148,1.69130808061148,-0.706432205050184,0.706432205050184,0.108514823903611,-0.108514823903611,0.769570309031529,-0.769570309031529,-0.197471775853947,0.197471775853947,-1.39387568918535,1.39387568918535,0.269614451963901,-0.269614451963901,-1.04421457467401,1.04421457467401,-0.372218718325294,0.372218718325294,1.00618883483033,-1.00618883483033,-0.0309587114080725,0.0309587114080725,-0.398507650478643,0.398507650478643,-1.78195849061178,1.78195849061178,-0.114156904099781,0.114156904099781,-0.210808403741936,0.210808403741936,-0.516751251221739,0.516751251221739,0.588073116052065,-0.588073116052065,-1.30092632672197,1.30092632672197,1.5301749410232,-1.5301749410232,1.48694725064736,-1.48694725064736,0.89059392980849,-0.89059392980849,1.42632270348908,-1.42632270348908,0.693402379087719,-0.693402379087719,-1.5276138162467,1.5276138162467,-1.64797038344506,1.64797038344506,2.44772302533854,-2.44772302533854,0.539477844147331,-0.539477844147331,0.397065207492987,-0.397065207492987,-0.0447221768320877,0.0447221768320877,0.319256900714344,-0.319256900714344,0.242896795044979,-0.242896795044979,-0.528630791734427,0.528630791734427,-1.97262491731668,1.97262491731668,-1.05720433330942,1.05720433330942,0.473607897715376,-0.473607897715376,-1.59759940329702,1.59759940329702,-0.361484353090578,0.361484353090578,-0.376639037020749,0.376639037020749,1.76506094667334,-1.76506094667334,0.78752646946871,-0.78752646946871,0.710937974098181,-0.710937974098181,1.08746676211958,-1.08746676211958,-1.02282830209941,1.02282830209941,0.251561918948584,-0.251561918948584,0.732762463309861,-0.732762463309861,-0.202542955751519,0.202542955751519,0.347213104434178,-0.347213104434178,0.826894342219293,-0.826894342219293,2.26490902998714,-2.26490902998714,0.391470389297658,-0.391470389297658,-0.80338641076277,0.80338641076277,0.190779172304401,-0.190779172304401,1.98710526655625,-1.98710526655625,-0.474629746002767,0.474629746002767,0.402471351304355,-0.402471351304355,-1.6695924067675,1.6695924067675,0.816183354764903,-0.816183354764903,0.279011387774052,-0.279011387774052,-1.13107978173395,1.13107978173395,-0.549817631748796,0.549817631748796,0.540374701423972,-0.540374701423972,-1.89918686838606,1.89918686838606,-0.25254823465507,0.25254823465507,-1.82669934892627,1.82669934892627,0.737537679980237,-0.737537679980237,1.57330887613639,-1.57330887613639,1.09934262782672,-1.09934262782672,1.28332644973747,-1.28332644973747,1.73234548071886,-1.73234548071886,0.619387709321484,-0.619387709321484,-1.94880640162854,1.94880640162854,-0.219354841160612,0.219354841160612,1.18505954086098,-1.18505954086098,0.00448131646938415,-0.00448131646938415,0.492968184592879,-0.492968184592879,0.944557800052605,-0.944557800052605,-1.64122660116054,1.64122660116054,0.784338409179062,-0.784338409179062,0.545693993527526,-0.545693993527526,-0.324780882677,0.324780882677,1.39856040994636,-1.39856040994636,-1.97178899985733,1.97178899985733,0.738481216574359,-0.738481216574359,0.99352785473654,-0.99352785473654,-0.694973380001547,0.694973380001547,-0.287060572695243,0.287060572695243,-1.05075626560089,1.05075626560089,-0.0790793224915595,0.0790793224915595,0.138890427193359,-0.138890427193359,1.10971810889865,-1.10971810889865,1.03111562819283,-1.03111562819283,-0.702988103890062,0.702988103890062,-0.715010333785101,0.715010333785101,0.706585617475552,-0.706585617475552,-0.445025260228037,0.445025260228037,-0.0799903276457111,0.0799903276457111,-1.1224659710809,1.1224659710809,0.189513923500761,-0.189513923500761,0.820329163760105,-0.820329163760105,0.833264644634501,-0.833264644634501,-0.182272309335752,0.182272309335752,0.349951724020349,-0.349951724020349,-0.266656205310018,0.266656205310018,-0.838047215996429,0.838047215996429,-0.540301074318529,0.540301074318529,0.741658627651424,-0.741658627651424,-0.495364229175729,0.495364229175729,-0.420191667821824,0.420191667821824,-0.764316850785736,0.764316850785736,0.599117712396039,-0.599117712396039,-1.2545535764579,1.2545535764579,1.20323367953757,-1.20323367953757,-1.42301258823906,1.42301258823906,-2.66021865982432,2.66021865982432,0.161593727106224,-0.161593727106224,-1.24898781204723,1.24898781204723,-2.01911698333822,2.01911698333822,-0.317800569303304,0.317800569303304,1.13807944453835,-1.13807944453835,1.09752238433473,-1.09752238433473,0.240550263013841,-0.240550263013841,1.27055279249768,-1.27055279249768,0.518505613649532,-0.518505613649532,0.993327761481548,-0.993327761481548,-0.889024303038179,0.889024303038179,0.41362653482669,-0.41362653482669,-1.23789373676538,1.23789373676538,-1.20577304048018,1.20577304048018,-0.328880982006904,0.328880982006904,-1.750258352733,1.750258352733,0.559896487901497,-0.559896487901497,-0.522566904512133,0.522566904512133,-1.17673628231151,1.17673628231151,0.186690282688388,-0.186690282688388,0.405207737492089,-0.405207737492089,-0.368117766842835,0.368117766842835,1.77203205284679,-1.77203205284679,1.36614147412506,-1.36614147412506,-2.29287047151171,2.29287047151171,-1.66680979643794,1.66680979643794,-0.182927992260972,0.182927992260972,0.131892120437553,-0.131892120437553,0.652969985297704,-0.652969985297704,-1.19998406641915,1.19998406641915,0.61316005216821,-0.61316005216821,0.041235830801164,-0.041235830801164,-0.452404856233086,0.452404856233086,1.11639089761212,-1.11639089761212,0.430729110619538,-0.430729110619538,1.01841906347869,-1.01841906347869,1.64632078299344,-1.64632078299344,-0.751769523134406,0.751769523134406,-1.61178342102698,1.61178342102698,1.16360767241468,-1.16360767241468,1.22691224269929,-1.22691224269929,-1.715649425784,1.715649425784,0.516730720771807,-0.516730720771807,-0.214418840775227,0.214418840775227,-0.441947487323155,0.441947487323155,-0.637345572405652,0.637345572405652,-0.369771415099612,0.369771415099612,-0.165112678383112,0.165112678383112,0.535420668340845,-0.535420668340845,-0.589212589713952,0.589212589713952,0.307691240588691,-0.307691240588691,-0.207932070385437,0.207932070385437,1.11446343629923,-1.11446343629923,-1.86448507715214,1.86448507715214,-0.753605903610791,0.753605903610791,-0.256877432019338,0.256877432019338,1.42619158428552,-1.42619158428552,-0.608444043916819,0.608444043916819,2.01242114289053,-2.01242114289053,0.239203850905476,-0.239203850905476,-0.374342265181583,0.374342265181583,0.619066348922395,-0.619066348922395,-1.17571996947849,1.17571996947849,-1.13786269148664,1.13786269148664,-1.36845715329811,1.36845715329811,1.95713793349265,-1.95713793349265,-0.463724447690743,0.463724447690743,1.32215996095435,-1.32215996095435,0.972381993142352,-0.972381993142352,-0.411369819965633,0.411369819965633,0.935373238243195,-0.935373238243195,0.180109148804252,-0.180109148804252,0.476823584311112,-0.476823584311112,0.180415506943583,-0.180415506943583,0.139997525539869,-0.139997525539869,1.13430953278318,-1.13430953278318,0.966083644286566,-0.966083644286566,-0.525142687409409,0.525142687409409,-0.374478661517881,0.374478661517881,-0.674821464572433,0.674821464572433,-2.11976956222638,2.11976956222638,0.710074128121619,-0.710074128121619,1.57964826151708,-1.57964826151708,-0.655269098103808,0.655269098103808,1.39750788852434,-1.39750788852434,0.241060286314836,-0.241060286314836,-0.929034344421679,0.929034344421679,-0.795041198130684,0.795041198130684,2.20066627855228,-2.20066627855228,-1.47564817358865,1.47564817358865,0.33538040487822,-0.33538040487822,-0.586231004883681,0.586231004883681,0.6627135184619,-0.6627135184619,0.849972999877416,-0.849972999877416,0.17819246698524,-0.17819246698524,-0.393960869640201,0.393960869640201,-0.0172150615595787,0.0172150615595787,-0.980895639441353,0.980895639441353,-1.98533007758329,1.98533007758329,1.45071911708894,-1.45071911708894,1.86577233096968,-1.86577233096968,0.807182708695205,-0.807182708695205,0.92310590138005,-0.92310590138005,-0.55425939894817,0.55425939894817,0.542552969906515,-0.542552969906515,0.950003040109038,-0.950003040109038,0.42428484094304,-0.42428484094304,1.11158475099821,-1.11158475099821,-2.36547447220629,2.36547447220629,-1.18541756598442,1.18541756598442,0.715335488878943,-0.715335488878943,-0.361065199560902,0.361065199560902,-0.3870279330392,0.3870279330392,0.00642836750377101,-0.00642836750377101,0.278940793870924,-0.278940793870924,-0.53485785575331,0.53485785575331,-0.303046793294709,0.303046793294709,1.90871046057559,-1.90871046057559,1.45941453949874,-1.45941453949874,0.878552986324808,-0.878552986324808,-0.322980695873338,0.322980695873338,0.036810874404565,-0.036810874404565,-1.90666721987546,1.90666721987546,-1.10941050652085,1.10941050652085,-0.939801518918817,0.939801518918817,-0.9805599937079,0.9805599937079,0.622935198313535,-0.622935198313535,2.05693291349432,-2.05693291349432,-0.981951322096261,0.981951322096261,-1.4104087267763,1.4104087267763,-0.397723262489785,0.397723262489785,-1.85678437410858,1.85678437410858,0.322055469647871,-0.322055469647871,1.69896947826882,-1.69896947826882,-0.951848699608497,0.951848699608497,0.130674208178071,-0.130674208178071,-0.0905060009244137,0.0905060009244137,-0.709776473157974,0.709776473157974,0.307278528980694,-0.307278528980694,1.17210910762335,-1.17210910762335,-0.847840158545663,0.847840158545663,-0.587421359555771,0.587421359555771,-0.986665372011947,0.986665372011947,0.185560044941989,-0.185560044941989,-1.44775772917997,1.44775772917997,0.60969647574538,-0.60969647574538,0.314077744010661,-0.314077744010661,-1.64882227757858,1.64882227757858,0.798778749945063,-0.798778749945063,0.861486109256345,-0.861486109256345,-0.373574793657247,0.373574793657247,-1.69522633840898,1.69522633840898,0.684881945098328,-0.684881945098328,1.35574467627272,-1.35574467627272,0.604735600295463,-0.604735600295463,-0.954019847816946,0.954019847816946,-0.0330815082919947,0.0330815082919947,-0.967150451242953,0.967150451242953,0.686315778645188,-0.686315778645188,0.894536013774209,-0.894536013774209,-0.886243259473763,0.886243259473763,-1.38188499760394,1.38188499760394,0.419225940363162,-0.419225940363162,0.81736611981934,-0.81736611981934,-0.167323076702817,0.167323076702817,0.151319828631197,-0.151319828631197,-1.31160941791577,1.31160941791577,-0.701400458449791,0.701400458449791,0.548830554093184,-0.548830554093184,0.601257385825779,-0.601257385825779,-1.19224092777574,1.19224092777574,-0.0878206481899293,0.0878206481899293,0.0326613614123019,-0.0326613614123019,0.663464564850988,-0.663464564850988,1.27897853045257,-1.27897853045257,-0.557419850146408,0.557419850146408,1.22139123130504,-1.22139123130504,0.570183928790374,-0.570183928790374,1.57386527829807,-1.57386527829807,0.672176924778049,-0.672176924778049,-0.816214014479398,0.816214014479398,-1.41779761224494,1.41779761224494,-0.401893418699984,0.401893418699984,0.616818064544575,-0.616818064544575,0.40098711736179,-0.40098711736179,-0.328744419511981,0.328744419511981,-1.65011278807951,1.65011278807951,-0.993167262047189,0.993167262047189,-0.322688189196266,0.322688189196266,0.828083930785144,-0.828083930785144,0.00734176746613561,-0.00734176746613561,-0.225309232052295,0.225309232052295,-1.58882448066487,1.58882448066487,0.363398434032137,-0.363398434032137,-0.387878343929559,0.387878343929559,0.407231982519578,-0.407231982519578,-0.419893389321706,0.419893389321706,-0.06365086625354,0.06365086625354,0.653836767236647,-0.653836767236647,0.372703516527632,-0.372703516527632,0.908797865625297,-0.908797865625297,-0.0533281820066563,0.0533281820066563,-0.371063199470171,0.371063199470171,-0.0258858452802107,0.0258858452802107,0.298784802863679,-0.298784802863679,-1.23441849280036,1.23441849280036,0.269247006764191,-0.269247006764191,0.317474203382579,-0.317474203382579,0.3365423603121,-0.3365423603121,-0.759757158949008,0.759757158949008,-0.421196473865489,0.421196473865489,-0.310143922610633,0.310143922610633,-1.63378974599921,1.63378974599921,0.64289372040672,-0.64289372040672,0.588746614627663,-0.588746614627663,-0.416995831968482,0.416995831968482,1.35477634456769,-1.35477634456769,0.341701654556136,-0.341701654556136,-0.489432003734787,0.489432003734787,-0.231636336453315,0.231636336453315,-0.561596114850246,0.561596114850246,1.29527581016713,-1.29527581016713,0.886778219959196,-0.886778219959196,-0.439773432597169,0.439773432597169,0.223151348556711,-0.223151348556711,-0.153768709696856,0.153768709696856,-2.98759351312688,2.98759351312688,0.511288985277834,-0.511288985277834,-0.326047557715748,0.326047557715748,1.2075252906376,-1.2075252906376,-1.0880351813433,1.0880351813433,1.74318488604596,-1.74318488604596,-0.202391347274927,0.202391347274927,0.250845857935619,-0.250845857935619,0.838787004289205,-0.838787004289205,-0.496679238434209,0.496679238434209,0.467976177730353,-0.467976177730353,0.723356332247472,-0.723356332247472,0.705527658054854,-0.705527658054854,0.85637993913758,-0.85637993913758,-0.188075870650579,0.188075870650579,1.27854488499188,-1.27854488499188,0.266360621219543,-0.266360621219543,-0.0944636668632448,0.0944636668632448,0.444430483615248,-0.444430483615248,-0.756994376965563,0.756994376965563,-0.735342549107756,0.735342549107756,-2.14118159652532,2.14118159652532,-2.13590312825002,2.13590312825002,0.947475918374712,-0.947475918374712,1.61952586045756,-1.61952586045756,1.23146141190831,-1.23146141190831,-0.286049732018281,0.286049732018281,-0.888742530167695,0.888742530167695,0.684595199466073,-0.684595199466073,-1.12239385468736,1.12239385468736,0.989829054220403,-0.989829054220403,1.14471888847428,-1.14471888847428,1.13598237703607,-1.13598237703607,0.61856848147898,-0.61856848147898,-1.67097158789371,1.67097158789371,1.85986806760318,-1.85986806760318,-0.574740068327351,0.574740068327351,-0.137878212205009,0.137878212205009,-0.886388071701315,0.886388071701315,-0.77500897506812,0.77500897506812,0.600256964798795,-0.600256964798795,1.34616157376526,-1.34616157376526,0.414843401853661,-0.414843401853661,-1.87991449330665,1.87991449330665,-2.23778139354159,2.23778139354159,-1.76510802949377,1.76510802949377,-1.48363651129533,1.48363651129533,-0.205972185225899,0.205972185225899,1.10339787078596,-1.10339787078596,-0.417413968637081,0.417413968637081,-0.471584201930537,0.471584201930537,-1.42193584336515,1.42193584336515,1.1695638069332,-1.1695638069332,-0.855211458408452,0.855211458408452,-0.84248955706096,0.84248955706096,-0.278888595133325,0.278888595133325,0.187457549303798,-0.187457549303798,1.51752724539409,-1.51752724539409,-0.642086009509516,0.642086009509516,-0.693596856254601,0.693596856254601,-0.828189823855489,0.828189823855489,0.340060496777257,-0.340060496777257,0.205079129525546,-0.205079129525546,0.722359932951454,-0.722359932951454,-0.933259584304775,0.933259584304775,0.88271288625743,-0.88271288625743,1.06521246870754,-1.06521246870754,-0.861635983392262,0.861635983392262,0.301588781400416,-0.301588781400416,-1.56661931492314,1.56661931492314,1.51113763785573,-1.51113763785573,0.265595963485645,-0.265595963485645,0.57145616968766,-0.57145616968766,0.290160423050676,-0.290160423050676,-1.16945065111771,1.16945065111771,0.698690773151166,-0.698690773151166,-0.737543608610641,0.737543608610641,-0.602547097613346,0.602547097613346,-0.439087509234525,0.439087509234525,-0.8675823959626,0.8675823959626,1.15833996558858,-1.15833996558858,1.13656718630726,-1.13656718630726,0.565406343612845,-0.565406343612845,-0.604561888479283,0.604561888479283,1.6401010193225,-1.6401010193225,1.56202255348116,-1.56202255348116,0.392326111118233,-0.392326111118233,0.742021815444289,-0.742021815444289,0.200193133869167,-0.200193133869167,0.958979089211107,-0.958979089211107,0.143696896094592,-0.143696896094592,-0.434108844748951,0.434108844748951,1.25300292159223,-1.25300292159223,1.57240409411335,-1.57240409411335,0.505202418755534,-0.505202418755534,1.74997417381744,-1.74997417381744,0.180957487240276,-0.180957487240276,0.883926049724724,-0.883926049724724,-0.601976811654117,0.601976811654117,-0.784073971337841,0.784073971337841,-1.19273334028533,1.19273334028533,1.521013080095,-1.521013080095,1.42814072304672,-1.42814072304672,-2.75023000938199,2.75023000938199,-0.64313805325699,0.64313805325699,-0.178928887652221,0.178928887652221,-1.08300254103245,1.08300254103245,-0.698564775342844,0.698564775342844,1.01319677534597,-1.01319677534597,1.92991765592011,-1.92991765592011,-0.677233046702746,0.677233046702746,0.332669990411962,-0.332669990411962,0.570784631190443,-0.570784631190443,-0.100357308220965,0.100357308220965,1.60459415478289,-1.60459415478289,-0.491012477084645,0.491012477084645,1.20192165317221,-1.20192165317221,0.161717058737955,-0.161717058737955,0.225387350018606,-0.225387350018606,-0.211131842483765,0.211131842483765,-0.249521584582886,0.249521584582886,1.01381107322723,-1.01381107322723,-0.763285400041896,0.763285400041896,-0.324064672626414,0.324064672626414,1.05100909067551,-1.05100909067551,0.00809942260093517,-0.00809942260093517,-2.26524437559438,2.26524437559438,-1.68529722515,1.68529722515,0.927915873441501,-0.927915873441501,-2.59444521647513,2.59444521647513,0.00116914263341586,-0.00116914263341586,1.02396420374071,-1.02396420374071,-1.49728262709803,1.49728262709803,-1.39369095754499,1.39369095754499,-0.925012976706753,0.925012976706753,0.102608792139051,-0.102608792139051,0.36768931097182,-0.36768931097182,0.53022089081889,-0.53022089081889,-2.46924057590088,2.46924057590088,0.106566611547778,-0.106566611547778,0.787838969626743,-0.787838969626743,2.64148738928166,-2.64148738928166,-0.787432057635521,0.787432057635521,2.06196455998617,-2.06196455998617,-0.976103256371195,0.976103256371195,1.14151685341223,-1.14151685341223,1.26051661793094,-1.26051661793094,-0.80320668672719,0.80320668672719,1.0819858181947,-1.0819858181947,-0.783482633861446,0.783482633861446,-1.57667087418204,1.57667087418204,-0.772906742317716,0.772906742317716,-0.540409151470998,0.540409151470998,-0.0178205358350612,0.0178205358350612,0.847881424254515,-0.847881424254515,-1.54725110634971,1.54725110634971,0.572685018016712,-0.572685018016712,1.62647766840682,-1.62647766840682,0.342031501315258,-0.342031501315258,-1.37441942288353,1.37441942288353,0.619628457895135,-0.619628457895135,-0.429330135914246,0.429330135914246,0.751122238221079,-0.751122238221079,0.793883247044863,-0.793883247044863,1.15947026612173,-1.15947026612173,1.75564525065482,-1.75564525065482,-0.0613423123396258,0.0613423123396258,-0.853887099517454,0.853887099517454,0.898164505036223,-0.898164505036223,0.127712219570024,-0.127712219570024,0.904731807398114,-0.904731807398114,0.024506543954938,-0.024506543954938,1.12829151469771,-1.12829151469771,0.184933265834655,-0.184933265834655,2.21597245370537,-2.21597245370537,0.339548879911741,-0.339548879911741,0.593763449433428,-0.593763449433428,0.193704038510338,-0.193704038510338,0.925544366346144,-0.925544366346144,-1.82855888797232,1.82855888797232,-0.879052525202318,0.879052525202318,0.139976930988951,-0.139976930988951,-1.10381638463748,1.10381638463748,-0.748506821513554,0.748506821513554,-0.425613651572667,0.425613651572667,-0.0496403055575003,0.0496403055575003,0.534079365007703,-0.534079365007703,2.57442456419956,-2.57442456419956,-0.787532215804494,0.787532215804494,-0.063639067655931,0.063639067655931,1.0108884262773,-1.0108884262773,-1.24574278439703,1.24574278439703,2.7080745830766,-2.7080745830766,-0.708577531770738,0.708577531770738,-2.04530741870951,2.04530741870951,-0.446451575374249,0.446451575374249,0.573684911339536,-0.573684911339536,-1.47543461644919,1.47543461644919,-0.176118623857936,0.176118623857936,0.0305324253397864,-0.0305324253397864,1.11384168397609,-1.11384168397609,0.533724648645004,-0.533724648645004,-1.56445545101085,1.56445545101085,-0.723118486003597,0.723118486003597,-0.3261053907362,0.3261053907362,0.386429727829029,-0.386429727829029,-0.22656651011407,0.22656651011407,-1.48450505328703,1.48450505328703,-0.296283672016649,0.296283672016649,1.02252568356122,-1.02252568356122,-0.223959664886318,0.223959664886318,0.360985246250139,-0.360985246250139,1.02606180768836,-1.02606180768836,-1.21363039122192,1.21363039122192,-0.38736917298353,0.38736917298353,1.65473674528112,-1.65473674528112,0.592308839746684,-0.592308839746684,1.99070421035243,-1.99070421035243,-1.23987804422932,1.23987804422932,-0.770197084894996,0.770197084894996,-0.755353668752267,0.755353668752267,1.82379108786746,-1.82379108786746,-1.80233993089849,1.80233993089849,1.01075378690972,-1.01075378690972,-1.33272273342391,1.33272273342391,0.359058965021711,-0.359058965021711,0.346910436100026,-0.346910436100026,1.13928406890647,-1.13928406890647,1.85443897424705,-1.85443897424705,-0.671709523817726,0.671709523817726,-0.0709939978307051,0.0709939978307051,0.76549720501918,-0.76549720501918,0.174958522040228,-0.174958522040228,-0.160414059443403,0.160414059443403,-0.547153997714214,0.547153997714214,-0.171504210688382,0.171504210688382,1.57550997034787,-1.57550997034787,0.576905754763109,-0.576905754763109,0.147617282622662,-0.147617282622662,-1.75189956419732,1.75189956419732,-0.266532988603419,0.266532988603419,1.10860830398903,-1.10860830398903,0.0529791145085598,-0.0529791145085598,-0.816428052338026,0.816428052338026,0.0130700807593715,-0.0130700807593715,0.712076751314139,-0.712076751314139,-0.766607912968569,0.766607912968569,-1.25455139587699,1.25455139587699,0.012108563944662,-0.012108563944662,-0.163719470275564,0.163719470275564,-0.792101858721224,0.792101858721224,1.1591840499582,-1.1591840499582,0.627132350265546,-0.627132350265546,-0.563103645330937,0.563103645330937,0.0849815046854642,-0.0849815046854642,-0.248352700573857,0.248352700573857,-2.08292112092788,2.08292112092788,2.01846226532628,-2.01846226532628,0.960760861570295,-0.960760861570295,0.0393898798089369,-0.0393898798089369,-2.8896920099965,2.8896920099965,-0.232354799418985,0.232354799418985,0.122233143009002,-0.122233143009002,0.32078711288419,-0.32078711288419,1.65098024082002,-1.65098024082002,1.90858866101745,-1.90858866101745,1.11845803671517,-1.11845803671517,-0.163027652803621,0.163027652803621,-0.393973321806108,0.393973321806108,0.824525097266732,-0.824525097266732,-0.470869072132911,0.470869072132911,-1.51605060813507,1.51605060813507,-1.67616533472991,1.67616533472991,-0.509419028603658,0.509419028603658,1.37901567584422,-1.37901567584422,-0.872546422118797,0.872546422118797,-0.677047865900114,0.677047865900114,-0.865574158354259,0.865574158354259,-1.0926970202818,1.0926970202818,-0.999344378377864,0.999344378377864,1.83018165385661,-1.83018165385661,-0.218676738295407,0.218676738295407,-1.2405360965418,1.2405360965418,0.0609342238280995,-0.0609342238280995,1.24630536586923,-1.24630536586923,0.725438464745529,-0.725438464745529,-1.09274982181232,1.09274982181232,-1.05281129360962,1.05281129360962,-0.0358384671421805,0.0358384671421805,0.327921247722214,-0.327921247722214,0.790626065882669,-0.790626065882669,-1.70424812019284,1.70424812019284,-0.926189489759183,0.926189489759183,-0.114751758474523,0.114751758474523,0.478255309056899,-0.478255309056899,0.912767816080073,-0.912767816080073,0.684653510360264,-0.684653510360264,0.0875680542616939,-0.0875680542616939,-0.876498320094242,0.876498320094242,-0.0739880288954227,0.0739880288954227,1.23814754021592,-1.23814754021592,0.719931780167148,-0.719931780167148,-0.35280913833444,0.35280913833444,-0.813684288787903,0.813684288787903,-0.957011308879979,0.957011308879979,-0.350872227104037,0.350872227104037,0.202834953093957,-0.202834953093957,-1.59191624303356,1.59191624303356,-0.305515162296893,0.305515162296893,0.953716841326615,-0.953716841326615,0.401556581386061,-0.401556581386061,0.548657924112585,-0.548657924112585,-0.0962366538210288,0.0962366538210288,-0.970155072796581,0.970155072796581,2.61572800261556,-2.61572800261556,0.565602884215323,-0.565602884215323,-1.2155495634254,1.2155495634254,0.516693097517948,-0.516693097517948,0.419981395203899,-0.419981395203899,-0.000265762180619828,0.000265762180619828,-0.327563714742003,0.327563714742003,-0.282250358572029,0.282250358572029,-0.921269462137103,0.921269462137103,-0.255881733865448,0.255881733865448,1.03564724435743,-1.03564724435743,-0.375764128393963,0.375764128393963,0.702797230397742,-0.702797230397742,0.110663480652915,-0.110663480652915,-0.8635818128452,0.8635818128452,0.391334660236369,-0.391334660236369,1.39731322644158,-1.39731322644158,-1.12545224298057,1.12545224298057,1.92633692989703,-1.92633692989703,1.17563612085486,-1.17563612085486,-1.15715625505486,1.15715625505486,-0.639294116415773,0.639294116415773,1.44104466213061,-1.44104466213061,-0.673729498080896,0.673729498080896,-0.948391519392292,0.948391519392292,0.329927212171309,-0.329927212171309,0.0594254902934657,-0.0594254902934657,0.473804403316298,-0.473804403316298,-0.879093839835923,0.879093839835923,0.522498310764152,-0.522498310764152,0.0367718907554411,-0.0367718907554411,-0.408252423337152,0.408252423337152,0.715204251251465,-0.715204251251465,-1.44498675481953,1.44498675481953,1.0484015592579,-1.0484015592579,0.178206872460649,-0.178206872460649,0.117050580723086,-0.117050580723086,-1.56875833750241,1.56875833750241,-0.103647278509154,0.103647278509154,0.175567930963504,-0.175567930963504,0.631674893355276,-0.631674893355276,1.38703342238472,-1.38703342238472,1.67058678483286,-1.67058678483286,1.41178774416093,-1.41178774416093,0.684173495977817,-0.684173495977817,-0.375029360026028,0.375029360026028,1.13938259686249,-1.13938259686249,2.20925452835901,-2.20925452835901,-0.378078001652953,0.378078001652953,0.298918145470529,-0.298918145470529,-0.593087721091504,0.593087721091504,1.37745722419691,-1.37745722419691,1.58259306822391,-1.58259306822391,-1.94842520675679,1.94842520675679,-0.383345566733614,0.383345566733614,0.146874989251771,-0.146874989251771,-1.50595739854767,1.50595739854767,0.681677845971595,-0.681677845971595,1.88904092876436,-1.88904092876436,-0.146879347534886,0.146879347534886,-0.0473313342979223,0.0473313342979223,0.452730042329339,-0.452730042329339,-1.33776517160546,1.33776517160546,0.303476528440693,-0.303476528440693,2.11547226992543,-2.11547226992543,1.58501323212669,-1.58501323212669,-1.95276567368272,1.95276567368272,-0.925133259838461,0.925133259838461,-0.0481873471815901,0.0481873471815901,0.536453318525473,-0.536453318525473,-1.15988158928764,1.15988158928764,-0.450551757816709,0.450551757816709,-0.297871127908048,0.297871127908048,-0.0164082632676928,0.0164082632676928,-0.529678211139821,0.529678211139821,0.310111359237992,-0.310111359237992,1.72065498552355,-1.72065498552355,-1.50214570604309,1.50214570604309,0.00341320008314924,-0.00341320008314924,-0.438209382919391,0.438209382919391,1.13631919177473,-1.13631919177473,-1.00003682733592,1.00003682733592,-0.508825815333023,0.508825815333023,0.594015882261286,-0.594015882261286,-1.84281901674543,1.84281901674543,2.06976105542695,-2.06976105542695,1.40208065141952,-1.40208065141952,0.0663638829663264,-0.0663638829663264,0.798391648603708,-0.798391648603708,-1.39102396017531,1.39102396017531,0.786001819989021,-0.786001819989021,-1.02962430854192,1.02962430854192,0.874949894396643,-0.874949894396643,-0.368617957346291,0.368617957346291,-0.52406339867835,0.52406339867835,-0.573013590542385,0.573013590542385,0.0914509779028575,-0.0914509779028575,0.16528387210302,-0.16528387210302,-0.102422558738732,0.102422558738732,0.604103028772189,-0.604103028772189,0.99168127408278,-0.99168127408278,-0.467122443471314,0.467122443471314,-0.0447966578495642,0.0447966578495642,0.88065382364811,-0.88065382364811,-0.231396385319585,0.231396385319585,-1.0623807284077,1.0623807284077,0.350652407718102,-0.350652407718102,-0.13230346481707,0.13230346481707,0.202617589507838,-0.202617589507838,-0.365923931854526,0.365923931854526,1.66256724553229,-1.66256724553229,0.793051081750143,-0.793051081750143,0.638213427057613,-0.638213427057613,-1.1875516490149,1.1875516490149,1.22320451253271,-1.22320451253271,-1.63712416825071,1.63712416825071,-1.44744187973944,1.44744187973944,0.00679174898375863,-0.00679174898375863,0.780856925734883,-0.780856925734883,0.0891888948824824,-0.0891888948824824,-2.42208595901764,2.42208595901764,0.00535904083227068,-0.00535904083227068,0.281301223977085,-0.281301223977085,-0.329420231554648,0.329420231554648,1.12883576624189,-1.12883576624189,-1.97042577584346,1.97042577584346,-1.75016313974288,1.75016313974288,-0.166457520919319,0.166457520919319,-0.0243178632130729,0.0243178632130729,0.0923324710514739,-0.0923324710514739,0.642418154852857,-0.642418154852857,0.188848670181932,-0.188848670181932,-0.776591872286556,0.776591872286556,0.246936609573918,-0.246936609573918,1.8525254541999,-1.8525254541999,0.128744309072521,-0.128744309072521,-0.210836264886477,0.210836264886477,-0.482516684763372,0.482516684763372,-1.30059692313271,1.30059692313271,1.45232391585805,-1.45232391585805,0.466035031979183,-0.466035031979183,-0.0813848857363014,0.0813848857363014,0.152285015667287,-0.152285015667287,0.129969750484882,-0.129969750484882,1.43375477100688,-1.43375477100688,-0.672852297369808,0.672852297369808,-0.715668298571659,0.715668298571659,1.56000463977338,-1.56000463977338,-0.947651889384218,0.947651889384218,0.870001328941713,-0.870001328941713,0.238752096867857,-0.238752096867857,-0.0563175970278084,0.0563175970278084,0.436507098305042,-0.436507098305042,-0.207140285999415,0.207140285999415,-1.98337087724744,1.98337087724744,-0.665783916191765,0.665783916191765,0.250130338962481,-0.250130338962481,1.57357201542115,-1.57357201542115,0.545605698367081,-0.545605698367081,-2.79691898213157,2.79691898213157,0.0412045643523058,-0.0412045643523058,0.918213676289803,-0.918213676289803,1.23523353739641,-1.23523353739641,-0.0244005226867791,0.0244005226867791,-1.35978799997097,1.35978799997097,-1.20800267576606,1.20800267576606,0.429715362853089,-0.429715362853089,-0.163946272017823,0.163946272017823,-0.453666095498431,0.453666095498431,-0.492259464167035,0.492259464167035,-0.591236821493839,0.591236821493839,0.796138784212995,-0.796138784212995,-0.243104245117318,0.243104245117318,0.375844367726316,-0.375844367726316,0.755417977807032,-0.755417977807032,0.476669024940129,-0.476669024940129,-1.1660871978161,1.1660871978161,0.367839500007804,-0.367839500007804,-0.246022591449455,0.246022591449455,-1.31177397393358,1.31177397393358,-2.18439488426124,2.18439488426124,1.62670421032981,-1.62670421032981,-1.29864194653586,1.29864194653586,1.58023143500466,-1.58023143500466,-0.087446656609181,0.087446656609181,-0.163943419263518,0.163943419263518,-1.37326286266728,1.37326286266728,-0.53113038089688,0.53113038089688,1.43662570485999,-1.43662570485999,0.202588547183039,-0.202588547183039,0.546656446799621,-0.546656446799621,2.2115527789738,-2.2115527789738,-1.34576065734906,1.34576065734906,-0.935663476800944,0.935663476800944,-0.941779004963238,0.941779004963238,-0.557725993743997,0.557725993743997,1.06873241157906,-1.06873241157906,-0.56496099890332,0.56496099890332,-0.950902170791239,0.950902170791239,2.43952084903382,-2.43952084903382,-0.31320638566522,0.31320638566522,-0.389886230488893,0.389886230488893,-0.0497006270046819,0.0497006270046819,0.802612445640117,-0.802612445640117,-2.2656015847583,2.2656015847583,0.774527520761702,-0.774527520761702,-0.34377120397397,0.34377120397397,1.78372994012875,-1.78372994012875,-1.27936606771278,1.27936606771278,-1.08178101908738,1.08178101908738,-1.61016773858314,1.61016773858314,0.414203506759221,-0.414203506759221,-0.931206914478809,0.931206914478809,-0.0999523061511139,0.0999523061511139,1.48867963969129,-1.48867963969129,0.478398482652682,-0.478398482652682,0.64745089094281,-0.64745089094281,1.10199444949794,-1.10199444949794,-0.324029969221672,0.324029969221672,0.0465911740749827,-0.0465911740749827,0.0455357096617903,-0.0455357096617903,-0.206880027585404,0.206880027585404,0.0300804708515399,-0.0300804708515399,-0.176427390810022,0.176427390810022,0.19457385591496,-0.19457385591496,0.401646936142853,-0.401646936142853,1.21931773277348,-1.21931773277348,-0.43789464428305,0.43789464428305,0.520295957314409,-0.520295957314409,1.41850354560528,-1.41850354560528,-0.891377708485019,0.891377708485019,0.0840208885308754,-0.0840208885308754,-1.01086181354651,1.01086181354651,0.570137371622746,-0.570137371622746,-1.54491952329738,1.54491952329738,-0.955360642521033,0.955360642521033,0.891084203903519,-0.891084203903519,0.829818415255539,-0.829818415255539,0.448768167921408,-0.448768167921408,-0.219375593955273,0.219375593955273,-0.169436468252304,0.169436468252304,1.12848177126273,-1.12848177126273,1.06691274908617,-1.06691274908617,-0.560123495292417,0.560123495292417,0.00556725076449509,-0.00556725076449509,0.878932757769363,-0.878932757769363,1.30860438029234,-1.30860438029234,-0.44909133476681,0.44909133476681,0.190813736572705,-0.190813736572705,0.331575799857015,-0.331575799857015,1.43026863691492,-1.43026863691492,-0.206552458177266,0.206552458177266,-0.939452870711717,0.939452870711717,-0.512470740179477,0.512470740179477,0.95390421372526,-0.95390421372526,-0.88062443007846,0.88062443007846,-0.40348482945403,0.40348482945403,-1.19605782011927,1.19605782011927,0.87491743737951,-0.87491743737951,0.594018588035008,-0.594018588035008,0.072625464566355,-0.072625464566355,0.953666971209969,-0.953666971209969,0.503789583422404,-0.503789583422404,-0.140463242076972,0.140463242076972,0.318376034712685,-0.318376034712685,-2.06216468670007,2.06216468670007,-0.130852436372537,0.130852436372537,1.07466637923857,-1.07466637923857,0.157316241763684,-0.157316241763684,-0.642245880441138,0.642245880441138
0.0941109063321344,-0.0941109063321344,0.943724299625102,-0.943724299625102,-1.40521521030058,1.40521521030058,0.0785420004912763,-0.0785420004912763,1.35897906436201,-1.35897906436201,-0.102000685811382,0.102000685811382,-0.834052983266368,0.834052983266368,-1.33307024770739,1.33307024770739,1.40428018504172,-1.40428018504172,0.66220474095046,-0.66220474095046,-0.958852741910456,0.958852741910456,-0.620213208277579,0.620213208277579,0.148347701261241,-0.148347701261241,-1.12635884695534,1.12635884695534,-0.211664586782061,0.211664586782061,-1.8715339948511,1.8715339948511,0.637308965374613,-0.637308965374613,-0.136169545951364,0.136169545951364,0.679750200469511,-0.679750200469511,0.312361506289616,-0.312361506289616,-0.297323752016271,0.297323752016271,-1.2444393329107,1.2444393329107,1.25390568072732,-1.25390568072732,-0.109348556622691,0.109348556622691,0.334580607504019,-0.334580607504019,0.210080196852626,-0.210080196852626,-0.30816193029097,0.30816193029097,-2.93318645608062,2.93318645608062,-0.476722155519935,0.476722155519935,1.21586769882581,-1.21586769882581,-1.099713559497,1.099713559497,-1.04182296769895,1.04182296769895,0.0672092369357556,-0.0672092369357556,-1.16730998680335,1.16730998680335,0.386614326509252,-0.386614326509252,-1.10411265834509,1.10411265834509,1.78109531207664,-1.78109531207664,0.500250146232576,-0.500250146232576,0.970606339411515,-0.970606339411515,-1.34226461312381,1.34226461312381,-0.108544438374901,0.108544438374901,-0.605000417303971,0.605000417303971,2.21439841856054,-2.21439841856054,-0.233459093501023,0.233459093501023,2.0979869968137,-2.0979869968137,1.47476062931487,-1.47476062931487,-0.382646374505244,0.382646374505244,0.208702866286379,-0.208702866286379,1.6998334877718,-1.6998334877718,-1.14590888796268,1.14590888796268,-1.47086739438378,1.47086739438378,0.934706806398513,-0.934706806398513,-0.494914337220037,0.494914337220037,0.0500899970868971,-0.0500899970868971,0.6581117197458,-0.6581117197458,0.687341471272328,-0.687341471272328,0.15343814751116,-0.15343814751116,0.733443732123247,-0.733443732123247,-0.603813138825912,0.603813138825912,-0.127327669775122,0.127327669775122,-0.464770395170264,0.464770395170264,0.95265418197631,-0.95265418197631,-2.0112111761976,2.0112111761976,-0.246399691303091,0.246399691303091,1.1462567718508,-1.1462567718508,-0.413278385264807,0.413278385264807,-1.17914127703781,1.17914127703781,0.2556789590794,-0.2556789590794,-0.877311686071564,0.877311686071564,1.07598259453558,-1.07598259453558,-0.106527779292002,0.106527779292002,0.74679509420628,-0.74679509420628,0.562982497457486,-0.562982497457486,1.46507360639268,-1.46507360639268,-0.651914721229888,0.651914721229888,-0.518850838162338,0.518850838162338,-1.21491149415503,1.21491149415503,1.24621971219327,-1.24621971219327,1.84025807005508,-1.84025807005508,-1.43061984252431,1.43061984252431,0.214887401402999,-0.214887401402999,-0.229057434291606,0.229057434291606,-0.496667899590159,0.496667899590159,0.343899298957596,-0.343899298957596,0.109813483751602,-0.109813483751602,-2.24080664457456,2.24080664457456,-0.117047816506811,0.117047816506811,-0.655671425871086,0.655671425871086,0.196107322805196,-0.196107322805196,0.691440245348353,-0.691440245348353,-0.110069793680657,0.110069793680657,-1.34520980806401,1.34520980806401,0.955368873345976,-0.955368873345976,-0.0823817554507465,0.0823817554507465,-1.00255790826814,1.00255790826814,-0.534695675109085,0.534695675109085,-0.324269043001451,0.324269043001451,-1.33457076594027,1.33457076594027,1.93386486307524,-1.93386486307524,-0.245454622869916,0.245454622869916,-0.218655194989472,0.218655194989472,1.21396364483351,-1.21396364483351,-0.195661446910387,0.195661446910387,-0.260705728489987,0.260705728489987,2.08306100963764,-2.08306100963764,-0.312442164438034,0.312442164438034,0.990921455428368,-0.990921455428368,0.157271127954316,-0.157271127954316,1.52265723194017,-1.52265723194017,-1.21542732942004,1.21542732942004,1.86713857036527,-1.86713857036527,0.563380033121247,-0.563380033121247,0.00177104564574596,-0.00177104564574596,1.88820962877405,-1.88820962877405,0.589237221971061,-0.589237221971061,0.462681356554702,-0.462681356554702,0.48945541377506,-0.48945541377506,-0.552473492315985,0.552473492315985,-0.883995313324392,0.883995313324392,-1.37748049132688,1.37748049132688,-1.05855251719554,1.05855251719554,0.737861924732777,-0.737861924732777,1.23544076114349,-1.23544076114349,0.355456186552362,-0.355456186552362,-0.282402999142858,0.282402999142858,0.271819170049043,-0.271819170049043,-2.24071400803759,2.24071400803759,0.0645957694755161,-0.0645957694755161,-0.350721042692525,0.350721042692525,0.387525552698402,-0.387525552698402,-0.944610510874312,0.944610510874312,0.457272581887092,-0.457272581887092,-0.603113811761299,0.603113811761299,2.75963936002632,-2.75963936002632,0.580838283538789,-0.580838283538789,0.474997940378306,-0.474997940378306,-0.468061734647024,0.468061734647024,-1.95457793174306,1.95457793174306,-1.08555284518953,1.08555284518953,-0.400932169419304,0.400932169419304,-0.399649458832926,0.399649458832926,0.0889756138442912,-0.0889756138442912,-1.0981296593873,1.0981296593873,0.810580102897802,-0.810580102897802,-0.88021609960968,0.88021609960968,0.876858856997324,-0.876858856997324,-1.13970213452901,1.13970213452901,0.269578263485818,-0.269578263485818,-0.933433608856394,0.933433608856394,1.94092731662285,-1.94092731662285,-0.523479952195886,0.523479952195886,0.57519797478522,-0.57519797478522,-0.700724998629221,0.700724998629221,-0.262165651397772,0.262165651397772,0.115763099132073,-0.115763099132073,2.15146826708966,-2.15146826708966,0.127778134297597,-0.127778134297597,-0.256494491010642,0.256494491010642,-1.05774235641039,1.05774235641039,-0.566986839281684,0.566986839281684,-0.184273110657576,0.184273110657576,1.43192156747743,-1.43192156747743,0.303027241811932,-0.303027241811932,-0.0930270423208362,0.0930270423208362,0.301686817557248,-0.301686817557248,0.58470065050067,-0.58470065050067,-0.529079067722913,0.529079067722913,1.23168887221056,-1.23168887221056,-1.15355121433892,1.15355121433892,0.267956696524872,-0.267956696524872,-0.332980589324001,0.332980589324001,-1.31542478219158,1.31542478219158,2.30231690036767,-2.30231690036767,0.346118644186069,-0.346118644186069,0.980038752108136,-0.980038752108136,-1.12663964912147,1.12663964912147,-1.05082882046345,1.05082882046345,-0.188435293734476,0.188435293734476,-0.129087612947372,0.129087612947372,0.385965736094915,-0.385965736094915,1.2213009957207,-1.2213009957207,0.439859945063466,-0.439859945063466,-1.53383450185792,1.53383450185792,-0.218858390226299,0.218858390226299,-1.11693208323658,1.11693208323658,1.23566261347762,-1.23566261347762,-0.503557875604976,0.503557875604976,0.264137253781179,-0.264137253781179,-0.669380663730662,0.669380663730662,-0.244529597929482,0.244529597929482,-1.28860357745993,1.28860357745993,1.92834792437071,-1.92834792437071,-0.367804184343224,0.367804184343224,-1.12037511012415,1.12037511012415,-0.942285254089717,0.942285254089717,-0.265356411427179,0.265356411427179,0.223961081773717,-0.223961081773717,1.2188910538563,-1.2188910538563,-0.620830640091717,0.620830640091717,1.21294161568611,-1.21294161568611,0.200603789650187,-0.200603789650187,0.461510707319925,-0.461510707319925,0.747332329838287,-0.747332329838287,0.240519537207711,-0.240519537207711,1.00368909318034,-1.00368909318034,1.9602040461435,-1.9602040461435,1.66066793699712,-1.66066793699712,1.06934608667578,-1.06934608667578,-0.367100281262298,0.367100281262298,0.903497626886702,-0.903497626886702,0.342283348324986,-0.342283348324986,-0.610683097978741,0.610683097978741,-0.288830319047201,0.288830319047201,2.35418507658916,-2.35418507658916,0.343040458358614,-0.343040458358614,-0.124452845367874,0.124452845367874,0.781282375910258,-0.781282375910258,-1.32542759473461,1.32542759473461,-0.727589485718878,0.727589485718878,-1.01739714178749,1.01739714178749,-0.685916054533373,0.685916054533373,-1.44704040106389,1.44704040106389,0.62810529114433,-0.62810529114433,-0.360384589115693,0.360384589115693,-0.295733605781364,0.295733605781364,-1.30302240485364,1.30302240485364,-0.631997480860901,0.631997480860901,-0.0798137203724048,0.0798137203724048,-1.08908247328914,1.08908247328914,0.110737876058653,-0.110737876058653,1.58018607657084,-1.58018607657084,1.36728714673574,-1.36728714673574,0.54216219186741,-0.54216219186741,2.05397386731806,-2.05397386731806,-0.563002235251255,0.563002235251255,-0.409681277034808,0.409681277034808,0.53307634347974,-0.53307634347974,-0.621912350846616,0.621912350846616,-0.528343698694505,0.528343698694505,-1.54403556705721,1.54403556705721,0.574805008932413,-0.574805008932413,-0.0944201079719231,0.0944201079719231,-0.0589545344219843,0.0589545344219843,-1.24386137182291,1.24386137182291,0.415256511222108,-0.415256511222108,0.76103994624791,-0.76103994624791,0.0867469947754079,-0.0867469947754079,-1.18678540313438,1.18678540313438,1.25437125177668,-1.25437125177668,0.525074698895657,-0.525074698895657,-1.23557825331453,1.23557825331453,0.501344195684827,-0.501344195684827,-0.364769130105443,0.364769130105443,-0.535037335279712,0.535037335279712,0.169213938543262,-0.169213938543262,-0.40243937599119,0.40243937599119,-0.794689328513748,0.794689328513748,-0.0634337064773673,0.0634337064773673,-0.317428673332054,0.317428673332054,-0.51864804867565,0.51864804867565,-2.21044622278872,2.21044622278872,-1.48474439999222,1.48474439999222,1.44201840326526,-1.44201840326526,-0.836941941674348,0.836941941674348,-0.465989201411777,0.465989201411777,0.460833440852688,-0.460833440852688,-1.49297338681182,1.49297338681182,-2.19154400173844,2.19154400173844,-1.06460766543932,1.06460766543932,-0.306124236851329,0.306124236851329,0.00416100444968358,-0.00416100444968358,0.568388684132587,-0.568388684132587,-0.634954637700561,0.634954637700561,-0.871410234080372,0.871410234080372,0.664201730814383,-0.664201730814383,0.317198394822078,-0.317198394822078,-0.575773905973114,0.575773905973114,-1.13571278589579,1.13571278589579,1.78571101684835,-1.78571101684835,-0.374135633689426,0.374135633689426,0.183881409693524,-0.183881409693524,-1.59859993677316,1.59859993677316,-0.332199822010345,0.332199822010345,-0.503145374426088,0.503145374426088,0.427714968580335,-0.427714968580335,0.700685425944601,-0.700685425944601,0.229080730580877,-0.229080730580877,1.09957360754122,-1.09957360754122,-0.362726303068231,0.362726303068231,-0.696757977007835,0.696757977007835,0.694621269142031,-0.694621269142031,-0.883406753367194,0.883406753367194,-1.54683676716214,1.54683676716214,0.445620780006846,-0.445620780006846,0.135435243715901,-0.135435243715901,0.0433723246989553,-0.0433723246989553,0.0879675871203388,-0.0879675871203388,0.136466614575195,-0.136466614575195,-1.64658166555084,1.64658166555084,-0.74137589930496,0.74137589930496,-0.596690997398911,0.596690997398911,0.267140232388201,-0.267140232388201,-0.00368011591870469,0.00368011591870469,-0.958493787856635,0.958493787856635,0.0777560940465656,-0.0777560940465656,0.852297225394418,-0.852297225394418,-0.134588593197612,0.134588593197612,0.128752847345797,-0.128752847345797,-0.00086121119356769,0.00086121119356769,0.746604141276965,-0.746604141276965,2.14594435581055,-2.14594435581055,1.79617667295186,-1.79617667295186,0.00974940289957941,-0.00974940289957941,-1.27165799152667,1.27165799152667,0.3317679339107,-0.3317679339107,1.15717979502914,-1.15717979502914,0.930024955033613,-0.930024955033613,-0.544678135931264,0.544678135931264,-0.920866084062125,0.920866084062125,-0.126922138020535,0.126922138020535,-0.791085770888895,0.791085770888895,-0.0658121388493801,0.0658121388493801,0.62239304291389,-0.62239304291389,-0.328792424871491,0.328792424871491,-0.0284687216019515,0.0284687216019515,0.179730912122327,-0.179730912122327,0.058801097691976,-0.058801097691976,-0.508803654140682,0.508803654140682,-0.901281032328341,0.901281032328341,0.352974315805552,-0.352974315805552,-0.51852953736442,0.51852953736442,0.225520213190533,-0.225520213190533,-0.824148578761645,0.824148578761645,0.258323009486569,-0.258323009486569,-0.423491436584167,0.423491436584167,-0.592033679097868,0.592033679097868,0.533570395619243,-0.533570395619243,-2.30431657996915,2.30431657996915,0.748064101817729,-0.748064101817729,-1.13044360745044,1.13044360745044,-2.31486434234377,2.31486434234377,0.429891596889709,-0.429891596889709,1.5454851601943,-1.5454851601943,0.511248712864881,-0.511248712864881,0.539930986982781,-0.539930986982781,-1.10443100593374,1.10443100593374,-0.282532331683217,0.282532331683217,-0.858512300417481,0.858512300417481,1.13505594695765,-1.13505594695765,-0.177847261039165,0.177847261039165,-0.584159679111446,0.584159679111446,0.361349885932214,-0.361349885932214,0.0163820189348013,-0.0163820189348013,-1.68135937155622,1.68135937155622,-0.148867456886697,0.148867456886697,0.219505675712609,-0.219505675712609,1.90208623770929,-1.90208623770929,0.363625915337804,-0.363625915337804,1.11742341217434,-1.11742341217434,-1.28288394032401,1.28288394032401,0.557398707337989,-0.557398707337989,0.207689564981883,-0.207689564981883,-0.839933675447215,0.839933675447215,-1.39309591768948,1.39309591768948,0.618608180236541,-0.618608180236541,0.767451625818715,-0.767451625818715,-2.25853868935562,2.25853868935562,-0.478903797173638,0.478903797173638,0.127688609897013,-0.127688609897013,-0.972071844892828,0.972071844892828,-0.860966643742332,0.860966643742332,-0.0430056333260052,0.0430056333260052,0.540415378408208,-0.540415378408208,1.72652763930659,-1.72652763930659,-1.05749151582231,1.05749151582231,-1.38613129144541,1.38613129144541,-0.121479772175216,0.121479772175216,-0.624617854141739,0.624617854141739,0.292225517280361,-0.292225517280361,0.238103718543169,-0.238103718543169,0.450334102524936,-0.450334102524936,1.14274945880716,-1.14274945880716,0.765580685710334,-0.765580685710334,-1.64376880605986,1.64376880605986,-1.01256995646855,1.01256995646855,-0.306082752870947,0.306082752870947,-0.9286049624294,0.9286049624294,-0.848241241554654,0.848241241554654,-0.834757090297788,0.834757090297788,-1.6496272026732,1.6496272026732,-0.32689795449743,0.32689795449743,0.00440659306761441,-0.00440659306761441,0.887530658915373,-0.887530658915373,1.55336748127238,-1.55336748127238,0.981947235765838,-0.981947235765838,-0.611058119087915,0.611058119087915,0.104219790653023,-0.104219790653023,-1.27008390518514,1.27008390518514,0.220341958603385,-0.220341958603385,-1.0198355705033,1.0198355705033,-0.466405613688269,0.466405613688269,0.928282639361385,-0.928282639361385,-0.331160374141782,0.331160374141782,-0.128172694202455,0.128172694202455,-0.737975638356849,0.737975638356849,1.13380870533,-1.13380870533,0.571976020292359,-0.571976020292359,-0.643623059439052,0.643623059439052,0.267312957807436,-0.267312957807436,-1.4960091305949,1.4960091305949,-0.528794426098998,0.528794426098998,1.04747257664166,-1.04747257664166,1.20002177765216,-1.20002177765216,-2.00709746226002,2.00709746226002,0.23466438497732,-0.23466438497732,-0.580493857589186,0.580493857589186,-1.30128389671106,1.30128389671106,1.20628835472482,-1.20628835472482,0.695119150710999,-0.695119150710999,0.023133326218439,-0.023133326218439,0.326330745134455,-0.326330745134455,0.632982206005194,-0.632982206005194,0.110443489241872,-0.110443489241872,0.0587058666894812,-0.0587058666894812,-0.257895306303004,0.257895306303004,-0.377225212380471,0.377225212380471,-0.714807789678218,0.714807789678218,1.05630877573373,-1.05630877573373,-0.679948106528256,0.679948106528256,-0.450425776034801,0.450425776034801,-0.629047777095839,0.629047777095839,0.508741448341517,-0.508741448341517,0.406052173830183,-0.406052173830183,2.50080192373096,-2.50080192373096,-0.0129259727183864,0.0129259727183864,0.0925671006925582,-0.0925671006925582,-0.385291331080373,0.385291331080373,1.02245861115741,-1.02245861115741,-1.1878424349026,1.1878424349026,-1.30709949790962,1.30709949790962,2.36009325175594,-2.36009325175594,-0.55798301056858,0.55798301056858,-0.185457181176491,0.185457181176491,-1.46876358510446,1.46876358510446,-1.57440297423716,1.57440297423716,-0.925284456950944,0.925284456950944,0.306215301312851,-0.306215301312851,0.425578183794978,-0.425578183794978,-1.53817373869183,1.53817373869183,-0.645155635800651,0.645155635800651,-0.0105108739460889,0.0105108739460889,-1.55368534869315,1.55368534869315,-0.172799079406742,0.172799079406742,-1.66351734634023,1.66351734634023,0.604471191970234,-0.604471191970234,0.234383242284188,-0.234383242284188,-0.595402869721319,0.595402869721319,0.158254079447201,-0.158254079447201,-0.265089313979726,0.265089313979726,-0.75886859899681,0.75886859899681,0.596044832476727,-0.596044832476727,0.125314480502873,-0.125314480502873,2.50864543939891,-2.50864543939891,-0.639946072311189,0.639946072311189,-0.14373114724123,0.14373114724123,0.397513736921328,-0.397513736921328,-0.282629906145956,0.282629906145956,-0.0397771954583156,0.0397771954583156,0.0439921172241927,-0.0439921172241927,-0.214933421626506,0.214933421626506,-0.770590310777727,0.770590310777727,-1.66084423425882,1.66084423425882,0.827415953512769,-0.827415953512769,-1.0876757843245,1.0876757843245,1.18071564398372,-1.18071564398372,1.80827497233673,-1.80827497233673,-3.21536584520234,3.21536584520234,0.77353029185403,-0.77353029185403,-0.494486433520336,0.494486433520336,-1.29655911526998,1.29655911526998,-3.61457681832591,3.61457681832591,0.0295606163546178,-0.0295606163546178,0.324625150873948,-0.324625150873948,-1.82055034101696,1.82055034101696,1.10323229385366,-1.10323229385366,0.463012532248835,-0.463012532248835,0.151667516697845,-0.151667516697845,0.29791567472753,-0.29791567472753,-0.581555979771736,0.581555979771736,-0.782035421271245,0.782035421271245,0.118391274837683,-0.118391274837683,1.58436098239581,-1.58436098239581,1.1164689016716,-1.1164689016716,-0.0272099918143466,0.0272099918143466,1.27038950803034,-1.27038950803034,1.17435413139171,-1.17435413139171,-0.324719698645187,0.324719698645187,-0.654350462365202,0.654350462365202,0.334240439796841,-0.334240439796841,0.358792488306578,-0.358792488306578,1.23461960270418,-1.23461960270418,-0.919991096629925,0.919991096629925,-1.19866230578985,1.19866230578985,0.681048234572803,-0.681048234572803,0.761317305654872,-0.761317305654872,-0.145006486968506,0.145006486968506,-0.972283042874097,0.972283042874097,0.594065859203563,-0.594065859203563,0.561081826790759,-0.561081826790759,0.688969025362071,-0.688969025362071,0.95554390010727,-0.95554390010727,0.0173608762919937,-0.0173608762919937,-0.939758817120469,0.939758817120469,0.854131911853669,-0.854131911853669,-1.39092685950539,1.39092685950539,0.605588510011901,-0.605588510011901,-0.713327331828475,0.713327331828475,-0.433881684376378,0.433881684376378,0.785126128837034,-0.785126128837034,-1.54446650669729,1.54446650669729,0.0638458071878354,-0.0638458071878354,1.35284491014783,-1.35284491014783,0.507451048865217,-0.507451048865217,-0.253600631977935,0.253600631977935,0.315260635221976,-0.315260635221976,0.325491026826031,-0.325491026826031,0.673015002479116,-0.673015002479116,0.819511662844384,-0.819511662844384,0.389983730883633,-0.389983730883633,-1.18137776228139,1.18137776228139,2.58173031625975,-2.58173031625975,1.02122417736724,-1.02122417736724,-0.43369413864142,0.43369413864142,0.767084768261907,-0.767084768261907,0.0486005491108967,-0.0486005491108967,-0.927392419880598,0.927392419880598,0.220010836480581,-0.220010836480581,-0.476064831634893,0.476064831634893,0.0189374011185652,-0.0189374011185652,-1.19978710558856,1.19978710558856,0.227434937152047,-0.227434937152047,-1.02958377416799,1.02958377416799,-0.721897996451357,0.721897996451357,-0.813982119597861,0.813982119597861,2.03463509328897,-2.03463509328897,0.156362695920033,-0.156362695920033,1.46428436412794,-1.46428436412794,1.93981669409982,-1.93981669409982,-0.982277316935811,0.982277316935811,0.369581650947058,-0.369581650947058,-0.629487591648059,0.629487591648059,-0.36148382846621,0.36148382846621,-1.72259909340211,1.72259909340211,-0.232376680604924,0.232376680604924,-0.286027915980899,0.286027915980899,-1.52427941070058,1.52427941070058,-1.0378781836978,1.0378781836978,0.439314699204735,-0.439314699204735,1.01962529952844,-1.01962529952844,1.33318776724508,-1.33318776724508,-1.20345963557814,1.20345963557814,0.142844256559828,-0.142844256559828,0.206537125675135,-0.206537125675135,1.09066532764108,-1.09066532764108,-1.17762673201445,1.17762673201445,0.2866851714054,-0.2866851714054,-1.00670479846587,1.00670479846587,1.07360896861273,-1.07360896861273,0.0820245605004757,-0.0820245605004757,-0.61451139662024,0.61451139662024,-0.666256243095192,0.666256243095192,0.622366839556031,-0.622366839556031,-0.470610296973359,0.470610296973359,-1.16944912442541,1.16944912442541,0.398726337071539,-0.398726337071539,1.00016604431099,-1.00016604431099,0.00827858977848517,-0.00827858977848517,-0.470002870856978,0.470002870856978,-0.412171611879337,0.412171611879337,0.211743550093878,-0.211743550093878,0.61450690220503,-0.61450690220503,1.02077192104923,-1.02077192104923,1.4674733953196,-1.4674733953196,0.290455741513806,-0.290455741513806,0.610501131750632,-0.610501131750632,-0.498654771071992,0.498654771071992,0.0162314607973474,-0.0162314607973474,1.74673755864023,-1.74673755864023,-1.78344237758662,1.78344237758662,0.128204405768425,-0.128204405768425,-0.013042004416415,0.013042004416415,-1.19539267482128,1.19539267482128,-0.229672260771661,0.229672260771661,-0.605047497210775,0.605047497210775,1.06160883619301,-1.06160883619301,1.51015443713756,-1.51015443713756,1.01014930171177,-1.01014930171177,-1.3747341142542,1.3747341142542,1.11675178504244,-1.11675178504244,0.733072857725098,-0.733072857725098,-0.304818695796388,0.304818695796388,0.460992492925747,-0.460992492925747,0.491268300228041,-0.491268300228041,0.102504161426617,-0.102504161426617,-0.241251046775431,0.241251046775431,-0.373279261768478,0.373279261768478,0.848634484947042,-0.848634484947042,-0.547922187543888,0.547922187543888,0.900579774891547,-0.900579774891547,0.427106124730927,-0.427106124730927,-1.05790471484516,1.05790471484516,0.680917671739395,-0.680917671739395,-0.530842076035186,0.530842076035186,-2.77600939470843,2.77600939470843,1.01551466789565,-1.01551466789565,0.146370281708938,-0.146370281708938,-0.642014065465804,0.642014065465804,-1.24859079166314,1.24859079166314,0.0405661349661559,-0.0405661349661559,-0.384185840390147,0.384185840390147,-0.864392119180249,0.864392119180249,-1.08423106012757,1.08423106012757,2.64325463918609,-2.64325463918609,-1.13483637615083,1.13483637615083,-0.704847488133523,0.704847488133523,0.619441282377856,-0.619441282377856,-0.393278848820563,0.393278848820563,0.0204607641680592,-0.0204607641680592,0.606139048170794,-0.606139048170794,-0.721737189251828,0.721737189251828,0.25366106900593,-0.25366106900593,-0.271908254943348,0.271908254943348,-0.757835173257008,0.757835173257008,-2.06238455806153,2.06238455806153,-0.258313281249047,0.258313281249047,-0.666696958162194,0.666696958162194,1.78821755043199,-1.78821755043199,0.270170154256864,-0.270170154256864,-0.806546622374877,0.806546622374877,1.01647576843408,-1.01647576843408,-0.473388261280003,0.473388261280003,0.843687059181999,-0.843687059181999,-1.11813373168533,1.11813373168533,-0.0908045279608048,0.0908045279608048,-0.643188367302693,0.643188367302693,-0.549712499457505,0.549712499457505,-0.193114497851757,0.193114497851757,-0.760509048007178,0.760509048007178,0.213960684456537,-0.213960684456537,0.640527750790059,-0.640527750790059,-0.521258418530257,0.521258418530257,-0.335050670870669,0.335050670870669,-0.80544286115045,0.80544286115045,0.306077724596758,-0.306077724596758,-0.752221425011066,0.752221425011066,-0.388662487353779,0.388662487353779,-0.0336312503232655,0.0336312503232655,0.414993904073758,-0.414993904073758,0.808355145006201,-0.808355145006201,1.87205911590075,-1.87205911590075,-0.133333558212884,0.133333558212884,1.44552119323801,-1.44552119323801,0.572460809787963,-0.572460809787963,0.848233790567539,-0.848233790567539,-0.340195324716756,0.340195324716756,1.64058932643705,-1.64058932643705,-1.58850252988174,1.58850252988174,0.516793417877165,-0.516793417877165,-0.659801924699729,0.659801924699729,1.83387045729394,-1.83387045729394,0.513160668578764,-0.513160668578764,1.44176118285929,-1.44176118285929,-0.358356343628805,0.358356343628805,1.05422927767541,-1.05422927767541,-1.73854858808112,1.73854858808112,0.00852535157173747,-0.00852535157173747,-0.149989941883192,0.149989941883192,-0.133767808577579,0.133767808577579,0.258387239100892,-0.258387239100892,0.187095102694014,-0.187095102694014,0.425911670125101,-0.425911670125101,-1.43197944222392,1.43197944222392,-2.23061855836036,2.23061855836036,2.29171041593969,-2.29171041593969,1.99604178015241,-1.99604178015241,0.381572519010798,-0.381572519010798,-0.438171664277334,0.438171664277334,0.27077767876116,-0.27077767876116,0.38944629757396,-0.38944629757396,-0.346018746426427,0.346018746426427,1.68096594309903,-1.68096594309903,-1.31719196719185,1.31719196719185,0.317189984828181,-0.317189984828181,0.65487323490874,-0.65487323490874,1.34674343550736,-1.34674343550736,1.3290082178489,-1.3290082178489,0.79737368365849,-0.79737368365849,0.329462214321719,-0.329462214321719,-0.101544647724676,0.101544647724676,0.835336631276864,-0.835336631276864,-0.157766173332815,0.157766173332815,-1.15396149280389,1.15396149280389,0.719449236116345,-0.719449236116345,-1.568222158519,1.568222158519,-1.04833062472218,1.04833062472218,1.26058119143118,-1.26058119143118,-0.947812224568994,0.947812224568994,-0.97442010572592,0.97442010572592,-0.573186000780091,0.573186000780091,0.850851934081578,-0.850851934081578,-0.0892443842719505,0.0892443842719505,-0.102328961723707,0.102328961723707,-1.03483370296166,1.03483370296166,0.184434859546154,-0.184434859546154,0.0302790291937767,-0.0302790291937767,0.110106479248153,-0.110106479248153,-0.260672857866257,0.260672857866257,0.916663785365927,-0.916663785365927,0.667417384159718,-0.667417384159718,-0.827376399847345,0.827376399847345,-0.224054585433872,0.224054585433872,-0.558415327227344,0.558415327227344,0.712469456840427,-0.712469456840427,-0.78307438988659,0.78307438988659,-0.257030911352544,0.257030911352544,0.48471181966171,-0.48471181966171,1.48927979612921,-1.48927979612921,-1.16220682834975,1.16220682834975,-2.04186229877427,2.04186229877427,2.37697752891671,-2.37697752891671,1.65130230000494,-1.65130230000494,0.67094538105506,-0.67094538105506,0.920656253550156,-0.920656253550156,-0.0190077872029619,0.0190077872029619,0.511760101762753,-0.511760101762753,-1.55889008278158,1.55889008278158,2.49588454601881,-2.49588454601881,-0.959431418038232,0.959431418038232,0.253425782175898,-0.253425782175898,1.0208289476261,-1.0208289476261,-1.16996062840547,1.16996062840547,1.23441514678902,-1.23441514678902,0.655438826280301,-0.655438826280301,1.40601027782465,-1.40601027782465,-2.47830884937515,2.47830884937515,0.403318366463875,-0.403318366463875,-0.482572809745718,0.482572809745718,-0.0888242951098262,0.0888242951098262,-0.69337561621219,0.69337561621219,1.87419691452994,-1.87419691452994,0.625544644555384,-0.625544644555384,0.440820517219046,-0.440820517219046,1.01908115332382,-1.01908115332382,0.857510188936612,-0.857510188936612,-1.21390191212711,1.21390191212711,1.23320237490546,-1.23320237490546,0.912453400006663,-0.912453400006663,1.49065513252971,-1.49065513252971,-2.08920781306149,2.08920781306149,0.735749599238698,-0.735749599238698,1.79856525359341,-1.79856525359341,-0.0294325306131583,0.0294325306131583,2.61668679236717,-2.61668679236717,0.154066252644182,-0.154066252644182,-1.34864729566153,1.34864729566153,-3.17279444076244,3.17279444076244,-1.76202437609959,1.76202437609959,-0.12689085979775,0.12689085979775,-0.39925056660435,0.39925056660435,0.134632299795489,-0.134632299795489,0.408990136964318,-0.408990136964318,2.07207120663161,-2.07207120663161,0.372938952102062,-0.372938952102062,-0.464438727132433,0.464438727132433,-1.16467830837994,1.16467830837994,0.293371111091464,-0.293371111091464,-1.02437549409732,1.02437549409732,0.102711975525619,-0.102711975525619,0.864449411894397,-0.864449411894397,0.108887946914849,-0.108887946914849,0.0755590829124063,-0.0755590829124063,-0.0599318833018151,0.0599318833018151,1.16400629146727,-1.16400629146727,0.505164809779609,-0.505164809779609,-0.307363791125545,0.307363791125545,-0.438626152793514,0.438626152793514,1.33294269499134,-1.33294269499134,-0.99750248905125,0.99750248905125,0.420035437538784,-0.420035437538784,-2.33830363572008,2.33830363572008,0.29387517419711,-0.29387517419711,0.236022990424271,-0.236022990424271,-1.67189501271584,1.67189501271584,1.28151560066153,-1.28151560066153,1.44607440487901,-1.44607440487901,0.0878309494815603,-0.0878309494815603,-1.02734213261725,1.02734213261725,0.830303848256549,-0.830303848256549,2.05678293291938,-2.05678293291938,-0.803234407970915,0.803234407970915,-0.250236984306457,0.250236984306457,-0.288448342542519,0.288448342542519,-0.9233744006061,0.9233744006061,0.265117416584056,-0.265117416584056,1.61354721413907,-1.61354721413907,0.444501640274242,-0.444501640274242,0.865516502730258,-0.865516502730258,0.396728020195382,-0.396728020195382,1.00371382680816,-1.00371382680816,-0.355832438170241,0.355832438170241,-0.0372777729510815,0.0372777729510815,-0.431002751445794,0.431002751445794,0.450952379474638,-0.450952379474638,0.619008768134644,-0.619008768134644,-0.114878095446606,0.114878095446606,-0.659588706894019,0.659588706894019,-2.13237906117452,2.13237906117452,0.666806514019501,-0.666806514019501,0.949234441410925,-0.949234441410925,-0.592959838927184,0.592959838927184,-0.185026383735705,0.185026383735705,-0.329645811848484,0.329645811848484,-2.34039639451792,2.34039639451792,0.398906036446246,-0.398906036446246,0.410560814832674,-0.410560814832674,-0.160528332010005,0.160528332010005,0.697820108284527,-0.697820108284527,0.493188164139868,-0.493188164139868,0.0367956888699112,-0.0367956888699112,-0.600636450018716,0.600636450018716,0.20547391863082,-0.20547391863082,-0.807889962348985,0.807889962348985,0.798840835154779,-0.798840835154779,1.57327429695556,-1.57327429695556,-0.754396675395906,0.754396675395906,1.53771396736006,-1.53771396736006,1.43925586921094,-1.43925586921094,-0.435247654205044,0.435247654205044,-0.0166078566629105,0.0166078566629105,0.594412299048874,-0.594412299048874,-0.82691388899548,0.82691388899548,1.33859472518694,-1.33859472518694,-0.0914579348481931,0.0914579348481931,-0.153201136048975,0.153201136048975,0.472349851061146,-0.472349851061146,0.349966378577453,-0.349966378577453,1.07176820151981,-1.07176820151981,1.25244401933683,-1.25244401933683,0.757128319075646,-0.757128319075646,0.392846840344611,-0.392846840344611,0.5910736678742,-0.5910736678742,-0.122554701897203,0.122554701897203,0.129387340889074,-0.129387340889074,0.172472421231593,-0.172472421231593,-0.357082414471307,0.357082414471307,0.793848109843813,-0.793848109843813,0.806968260091998,-0.806968260091998,-0.799048956100571,0.799048956100571,-0.787953957603841,0.787953957603841,-0.560437736444193,0.560437736444193,-0.525210759765383,0.525210759765383,0.0839415214049662,-0.0839415214049662,0.143424004293124,-0.143424004293124,-0.490150738498033,0.490150738498033,0.113672635707231,-0.113672635707231,-0.709958971867443,0.709958971867443,1.22921346368163,-1.22921346368163,0.300300707111157,-0.300300707111157,0.285107379688031,-0.285107379688031,1.36780988736104,-1.36780988736104,0.08226279428777,-0.08226279428777,-0.425169082606036,0.425169082606036,1.99730445314435,-1.99730445314435,-0.229444197171497,0.229444197171497,-0.304667833031474,0.304667833031474,-0.806590658659329,0.806590658659329,0.624268102120747,-0.624268102120747,0.437258008269569,-0.437258008269569,0.619705347576544,-0.619705347576544,0.68941297090827,-0.68941297090827,-0.945352095030504,0.945352095030504,-1.02757832301946,1.02757832301946,-0.557228649480692,0.557228649480692,0.476444625266011,-0.476444625266011,1.18366216500386,-1.18366216500386,0.130344924962473,-0.130344924962473,-0.869682788925072,0.869682788925072,1.04244519271191,-1.04244519271191,-0.376815126185475,0.376815126185475,-0.0252866227324666,0.0252866227324666,0.0651104022720936,-0.0651104022720936,0.769349012806347,-0.769349012806347,-1.73481675255769,1.73481675255769,-1.02702678107449,1.02702678107449,-0.349832230863555,0.349832230863555,0.16666687717126,-0.16666687717126,0.11580080246005,-0.11580080246005,1.0635969787586,-1.0635969787586,1.4742370550609,-1.4742370550609,0.589719440730862,-0.589719440730862,1.286754611325,-1.286754611325,-1.55745500373582,1.55745500373582,2.07599349785276,-2.07599349785276,-1.03578053679681,1.03578053679681,-2.67314637349493,2.67314637349493,-0.55176037761189,0.55176037761189,0.868960485587704,-0.868960485587704,0.392080868229369,-0.392080868229369,-0.794859202270668,0.794859202270668,-0.356371390913322,0.356371390913322,1.19257374498654,-1.19257374498654,1.32316566339194,-1.32316566339194,0.443095167620239,-0.443095167620239,0.302592498404048,-0.302592498404048,0.728770904146486,-0.728770904146486,-3.07640718845785,3.07640718845785,-0.0340563073923408,0.0340563073923408,0.475994296005695,-0.475994296005695,1.1014144638567,-1.1014144638567,-0.755994398565996,0.755994398565996,0.316797769149387,-0.316797769149387,0.354431317578783,-0.354431317578783,0.359313914990178,-0.359313914990178,1.16663910214017,-1.16663910214017,-0.931101355401884,0.931101355401884,-0.821400166523707,0.821400166523707,-1.36405497341377,1.36405497341377,-0.678454880874289,0.678454880874289,-0.0890485049823401,0.0890485049823401,2.23694468442189,-2.23694468442189,-0.918653130646271,0.918653130646271,0.316237019885368,-0.316237019885368,0.0314158354395013,-0.0314158354395013,-0.0666899880365202,0.0666899880365202,-2.12200492099971,2.12200492099971,0.73600066687622,-0.73600066687622,2.26510444519191,-2.26510444519191,1.60605801387185,-1.60605801387185,-1.01966765374017,1.01966765374017,-0.15719306887102,0.15719306887102,0.359764011932186,-0.359764011932186,1.50188842839291,-1.50188842839291,-0.050259230619098,0.050259230619098,0.0911528930714285,-0.0911528930714285,-0.764592748015459,0.764592748015459,-0.105333446426091,0.105333446426091,-1.22344420568806,1.22344420568806,-0.861015250402161,0.861015250402161,0.0406536101990554,-0.0406536101990554,-0.136435421282158,0.136435421282158,0.24095335124225,-0.24095335124225,0.28809287906032,-0.28809287906032,-0.561740037366566,0.561740037366566,-0.0782721791345546,0.0782721791345546,-3.62433081744133,3.62433081744133,1.29424209003147,-1.29424209003147,-1.40632634923623,1.40632634923623,-0.782620462379834,0.782620462379834,0.771234653250754,-0.771234653250754,-0.332248274795392,0.332248274795392,-1.01491311209754,1.01491311209754,-1.28778559148148,1.28778559148148,-1.1328547825869,1.1328547825869,-1.27877013219642,1.27877013219642,0.215588360936873,-0.215588360936873,-0.620830614662881,0.620830614662881,-0.848548219429959,0.848548219429959,-0.138617236073536,0.138617236073536,1.87673069983774,-1.87673069983774,-0.221973688254289,0.221973688254289,1.71008097347348,-1.71008097347348,0.627174731965102,-0.627174731965102,0.39853393253355,-0.39853393253355,2.69717396590988,-2.69717396590988,0.667715249060148,-0.667715249060148,1.3237272448189,-1.3237272448189,1.81532765259054,-1.81532765259054,-2.14167128639738,2.14167128639738,-0.541503600431021,0.541503600431021,0.897472687321335,-0.897472687321335,-0.118169547532066,0.118169547532066,-0.282131937358621,0.282131937358621,0.134598038530895,-0.134598038530895,1.77492987578537,-1.77492987578537,0.611930553710976,-0.611930553710976,-0.649333164359909,0.649333164359909,-0.75016205873493,0.75016205873493,-0.208953788508638,0.208953788508638,0.183011139238635,-0.183011139238635,-0.636382212707349,0.636382212707349,-1.24428659881485,1.24428659881485,1.18288751984481,-1.18288751984481,-0.038590510984394,0.038590510984394,-1.19124977502297,1.19124977502297,0.328999221614732,-0.328999221614732,0.186889161151763,-0.186889161151763,-0.225299002922542,0.225299002922542,-0.988119502395648,0.988119502395648,-0.187811485335972,0.187811485335972,-0.538729726909204,0.538729726909204,0.263915506948702,-0.263915506948702,-0.32468686387733,0.32468686387733,0.559362892913108,-0.559362892913108,-1.63929981959102,1.63929981959102,0.0888347419141831,-0.0888347419141831,0.121415344289542,-0.121415344289542,0.279313831233051,-0.279313831233051,-0.0478652826652302,0.0478652826652302,-1.79170772031521,1.79170772031521,-1.06284816261602,1.06284816261602,-0.581166138210123,0.581166138210123,0.0709925149330918,-0.0709925149330918,0.819821824613694,-0.819821824613694,0.400352601218772,-0.400352601218772,0.659436948916438,-0.659436948916438,-1.18189231676664,1.18189231676664,0.871506144464583,-0.871506144464583,-0.191643877515507,0.191643877515507,0.954963524232603,-0.954963524232603,1.732107428338,-1.732107428338,0.111015127342585,-0.111015127342585,0.0238268869486609,-0.0238268869486609,-0.745062600468319,0.745062600468319,0.623549391789564,-0.623549391789564,1.45561274576044,-1.45561274576044,0.142747908468416,-0.142747908468416,0.494913261467718,-0.494913261467718,0.265550269899349,-0.265550269899349,-0.0420110109092169,0.0420110109092169,0.163658126024843,-0.163658126024843,0.501558710359007,-0.501558710359007,-0.123715335872405,0.123715335872405,0.0327210206757192,-0.0327210206757192,-0.582556848918411,0.582556848918411,0.693094714046261,-0.693094714046261,-0.424501699254274,0.424501699254274,1.13193608327645,-1.13193608327645,0.34773033294509,-0.34773033294509,-1.43901859949527,1.43901859949527,-0.299173811993017,0.299173811993017,-0.245471864826454,0.245471864826454,0.177431282687167,-0.177431282687167,-0.930721656874964,0.930721656874964,-0.802339549243188,0.802339549243188,0.802339796627224,-0.802339796627224,0.913965457959903,-0.913965457959903,-0.746689279631105,0.746689279631105,-0.378181529071616,0.378181529071616,-0.421206768689849,0.421206768689849,0.220123442921849,-0.220123442921849,0.731758716092338,-0.731758716092338,-1.37437558228153,1.37437558228153,-1.36944888255183,1.36944888255183,-0.446525202325357,0.446525202325357,0.636638085054435,-0.636638085054435,0.352329408799348,-0.352329408799348,0.0608362155596923,-0.0608362155596923,-1.03344838732341,1.03344838732341,0.831740952939148,-0.831740952939148,-0.218068298225899,0.218068298225899,0.772445348390379,-0.772445348390379,-1.26285404627304,1.26285404627304,0.860307326307261,-0.860307326307261,0.184684554027915,-0.184684554027915,1.25767636371564,-1.25767636371564,0.75576645071673,-0.75576645071673,1.90730700771243,-1.90730700771243,1.17992517058054,-1.17992517058054,-0.275335660783,0.275335660783,1.92779506459154,-1.92779506459154,-0.0413860001492793,0.0413860001492793,-0.403383643027756,0.403383643027756,0.189427368678782,-0.189427368678782,-1.05146914554508,1.05146914554508,0.416759713603682,-0.416759713603682,-1.70212159360172,1.70212159360172,-1.28170221643558,1.28170221643558,0.1447654111194,-0.1447654111194,2.16850821329044,-2.16850821329044,0.711884659382102,-0.711884659382102,-0.189967130661496,0.189967130661496,1.62220753231198,-1.62220753231198,-1.18782909436393,1.18782909436393,0.773409598332219,-0.773409598332219,0.289366052344987,-0.289366052344987,-0.581556384236714,0.581556384236714,0.408874508784671,-0.408874508784671,-0.22454972705795,0.22454972705795,0.934113842223178,-0.934113842223178,2.7952407756931,-2.7952407756931,1.02308327748611,-1.02308327748611,1.44221681998254,-1.44221681998254,-1.36625584246915,1.36625584246915,-0.0229096833600603,0.0229096833600603,0.18271420068138,-0.18271420068138,0.204345729139849,-0.204345729139849,0.414790164129383,-0.414790164129383,-0.722957701764089,0.722957701764089,1.14836388112653,-1.14836388112653,0.885090316627465,-0.885090316627465,-0.719465208157336,0.719465208157336,1.35894164662172,-1.35894164662172,2.26728819345717,-2.26728819345717,-1.12674693408515,1.12674693408515,1.22700718361985,-1.22700718361985,0.281380346892259,-0.281380346892259,0.649370974211008,-0.649370974211008,-0.158298750230538,0.158298750230538,-0.353978007038104,0.353978007038104,0.853407399864519,-0.853407399864519,0.734374614034729,-0.734374614034729,-1.80925527803039,1.80925527803039,-0.841502752030194,0.841502752030194,-1.49835558808161,1.49835558808161,0.187259073314739,-0.187259073314739,-0.447260025301777,0.447260025301777,0.433801559358753,-0.433801559358753,-0.464268252455291,0.464268252455291,-0.773668748684469,0.773668748684469,0.15269952363043,-0.15269952363043,0.190661249529596,-0.190661249529596,-0.210840689997583,0.210840689997583,2.99844550027598,-2.99844550027598,-1.15875275092258,1.15875275092258,-0.0845558212765792,0.0845558212765792,-1.6878932016626,1.6878932016626,-0.186512474705057,0.186512474705057,-0.664109434915965,0.664109434915965,0.0571296482087372,-0.0571296482087372,1.04278492745333,-1.04278492745333,-0.307073206834515,0.307073206834515,-1.51123110686862,1.51123110686862,0.606133920220905,-0.606133920220905,0.0881698911602412,-0.0881698911602412,0.136040813242796,-0.136040813242796,0.514341604727779,-0.514341604727779,-0.450981625357689,0.450981625357689,1.28555460125737,-1.28555460125737,1.34532886690487,-1.34532886690487,-0.268591302440196,0.268591302440196,-0.412605239525053,0.412605239525053,-0.933117078605759,0.933117078605759,0.909423125770118,-0.909423125770118,-0.243802586944668,0.243802586944668,-0.0281446131771168,0.0281446131771168,1.19796676607911,-1.19796676607911,0.0814584734817102,-0.0814584734817102,1.01142901086518,-1.01142901086518,-0.989350488902792,0.989350488902792,-1.61513174737988,1.61513174737988,1.30103297968052,-1.30103297968052,-0.0415195744452538,0.0415195744452538,-0.706619707849616,0.706619707849616,0.204217267489722,-0.204217267489722,-0.692290524846008,0.692290524846008,0.604140774422088,-0.604140774422088,-0.24511114367995,0.24511114367995,0.257651196478489,-0.257651196478489,-1.06573071141206,1.06573071141206,2.2524349836638,-2.2524349836638,0.193508851759787,-0.193508851759787,0.0259725582003298,-0.0259725582003298,0.559135859544623,-0.559135859544623,1.5240839459293,-1.5240839459293,-1.69909623166483,1.69909623166483,0.797257794513586,-0.797257794513586,1.55794600201713,-1.55794600201713,-1.3214808295929,1.3214808295929,1.64644852107685,-1.64644852107685,0.467238795454431,-0.467238795454431,0.580977557358777,-0.580977557358777,-1.00528617162853,1.00528617162853,-1.09413568930739,1.09413568930739,0.49925367687785,-0.49925367687785,-0.0439524514286928,0.0439524514286928,0.516268168716705,-0.516268168716705,-2.07169192393126,2.07169192393126,-0.720046017877562,0.720046017877562,-0.836845005392619,0.836845005392619,0.052307861389315,-0.052307861389315,-0.238974468716721,0.238974468716721,-0.10760148815244,0.10760148815244,-0.0160903103929038,0.0160903103929038,-0.14791757108589,0.14791757108589,0.162556816197657,-0.162556816197657,0.863004993269358,-0.863004993269358,2.26955390444436,-2.26955390444436,-0.127546042112845,0.127546042112845,-0.845557403060561,0.845557403060561,2.17227265736453,-2.17227265736453,-0.938595253421155,0.938595253421155,-0.453062117294657,0.453062117294657,1.32224075851113,-1.32224075851113,0.107318420347265,-0.107318420347265,0.109029340141715,-0.109029340141715,-1.24511062671563,1.24511062671563,1.31134283290153,-1.31134283290153,1.50697024081001,-1.50697024081001,-1.26510828171035,1.26510828171035,-1.74431630020479,1.74431630020479,0.286615126539067,-0.286615126539067,0.0603637116547238,-0.0603637116547238,-0.266476775356936,0.266476775356936,0.00820350300395456,-0.00820350300395456,0.403216639792155,-0.403216639792155,0.505217660072335,-0.505217660072335,0.208400142745056,-0.208400142745056,0.17257505089331,-0.17257505089331,1.97081305641046,-1.97081305641046,-1.25228439466799,1.25228439466799,-0.601236217897133,0.601236217897133,0.85956763001047,-0.85956763001047,0.238723589160768,-0.238723589160768,-2.27165622433451,2.27165622433451,-0.96452681757069,0.96452681757069,-0.0858088516563761,0.0858088516563761,0.347486101698491,-0.347486101698491,-0.0419253436610811,0.0419253436610811,-0.782532921279374,0.782532921279374,-0.920328137563868,0.920328137563868,-1.09010855383253,1.09010855383253,0.345846247109626,-0.345846247109626,0.0621099956245842,-0.0621099956245842,2.34229224874373,-2.34229224874373,1.27913376638123,-1.27913376638123,1.57591170190192,-1.57591170190192,-0.219086008440912,0.219086008440912,-0.312481774685382,0.312481774685382,-0.567494876998777,0.567494876998777,1.17553333738718,-1.17553333738718,-1.84093071499323,1.84093071499323,0.213864337412949,-0.213864337412949,1.67242963166769,-1.67242963166769,0.13255010978981,-0.13255010978981,-0.0872317628673869,0.0872317628673869,0.510427392873293,-0.510427392873293,-0.590094716509585,0.590094716509585,1.58953040350882,-1.58953040350882,0.601417212829069,-0.601417212829069,-1.22424349857606,1.22424349857606,0.824463747694477,-0.824463747694477,-0.814583445994834,0.814583445994834,-0.10148536046977,0.10148536046977,-0.418048092833536,0.418048092833536,-0.542558519781215,0.542558519781215,-1.78789820692146,1.78789820692146,1.07609152384556,-1.07609152384556,-0.452730241477724,0.452730241477724,-0.179658622657808,0.179658622657808,0.494273213984249,-0.494273213984249,-1.42953467283731,1.42953467283731,-0.0156596858892087,0.0156596858892087,-1.09446851669207,1.09446851669207,2.1386378254081,-2.1386378254081,-0.845857266618116,0.845857266618116,-1.31701201162786,1.31701201162786,-1.7208394077803,1.7208394077803,-1.09578893182917,1.09578893182917,-0.604456022968842,0.604456022968842,0.133331611558764,-0.133331611558764,-0.738674305318015,0.738674305318015,-0.744366501404885,0.744366501404885,-0.223355597952382,0.223355597952382,-0.423978862741772,0.423978862741772,-0.402858076573523,0.402858076573523,-0.898395270687717,0.898395270687717,1.23902858506188,-1.23902858506188,-2.48172866688771,2.48172866688771,-0.761535106164967,0.761535106164967,0.246256695866356,-0.246256695866356,0.366489611799082,-0.366489611799082,1.24888361403712,-1.24888361403712,-0.460108504015102,0.460108504015102,0.505764159096592,-0.505764159096592,0.0533566059954439,-0.0533566059954439,-0.856749232177706,0.856749232177706,2.18399455914213,-2.18399455914213,-1.0630899264499,1.0630899264499,0.368481745064962,-0.368481745064962,1.47830551479841,-1.47830551479841,0.716853229972053,-0.716853229972053,0.536363194522484,-0.536363194522484,0.776195789578513,-0.776195789578513,0.983914999700466,-0.983914999700466,-1.06942701031832,1.06942701031832,-1.89160422912403,1.89160422912403,0.724140789397347,-0.724140789397347,-0.612352829958271,0.612352829958271,-0.072230789731828,0.072230789731828,-0.723443543573183,0.723443543573183,1.11953029015942,-1.11953029015942,-1.22857761609351,1.22857761609351,0.534970183181809,-0.534970183181809,0.725185476851194,-0.725185476851194,-1.81375571069403,1.81375571069403,-3.28502115792841,3.28502115792841,-0.842535492270954,0.842535492270954,1.86361412064473,-1.86361412064473,-1.60592381021741,1.60592381021741,-1.4752297402874,1.4752297402874,0.541604038242418,-0.541604038242418,0.3223640076543,-0.3223640076543,0.363073572009751,-0.363073572009751,0.640022003131105,-0.640022003131105,0.462053348287778,-0.462053348287778,-1.55214165495913,1.55214165495913,0.692382684926706,-0.692382684926706,2.18209232116794,-2.18209232116794,0.513888835834103,-0.513888835834103,1.39680683233782,-1.39680683233782,-0.117105602672727,0.117105602672727,-0.346634789578012,0.346634789578012,0.956518322934869,-0.956518322934869,1.10636292014428,-1.10636292014428,0.970151306598009,-0.970151306598009,-1.87284080251422,1.87284080251422,-1.66774981291372,1.66774981291372,-1.3646489650721,1.3646489650721,-1.72235863388234,1.72235863388234,-0.679599080420495,0.679599080420495,1.32562560014994,-1.32562560014994,-0.793090924511153,0.793090924511153,0.22038777798297,-0.22038777798297,-0.587131054739236,0.587131054739236,-1.46547335987608,1.46547335987608,0.874271284996196,-0.874271284996196,-0.507747354822577,0.507747354822577,0.71593160132213,-0.71593160132213,-0.174785885881148,0.174785885881148,0.0379782095688416,-0.0379782095688416,-0.142016854149932,0.142016854149932,0.896586071014936,-0.896586071014936,-0.0747686980692642,0.0747686980692642,1.52899458652472,-1.52899458652472,-0.204871028711012,0.204871028711012,-0.0582168455264418,0.0582168455264418,0.713993583775782,-0.713993583775782,2.35483215369526,-2.35483215369526,-0.886264923285317,0.886264923285317,1.81666865156734,-1.81666865156734,-0.0993608393039191,0.0993608393039191,-0.19211499950693,0.19211499950693,1.03390929173789,-1.03390929173789,2.02591519617614,-2.02591519617614,0.159360505189914,-0.159360505189914,1.39120568210494,-1.39120568210494,-0.42620615830964,0.42620615830964,0.575673163776763,-0.575673163776763,1.11817989476195,-1.11817989476195,0.908557812990765,-0.908557812990765,0.290586502796468,-0.290586502796468,0.515260408426274,-0.515260408426274,1.59870360860236,-1.59870360860236,-0.720890214554615,0.720890214554615,-1.62552307871931,1.62552307871931,0.309579719071695,-0.309579719071695,-0.225102263907853,0.225102263907853,0.0182851608988718,-0.0182851608988718,0.477630970609458,-0.477630970609458,-0.330620495288995,0.330620495288995,-0.217091324412851,0.217091324412851,1.54173428901433,-1.54173428901433,-0.808874073800282,0.808874073800282,0.961405294653271,-0.961405294653271,0.500652128592267,-0.500652128592267,-0.522248382988068,0.522248382988068,1.14018925494913,-1.14018925494913,0.528421919775921,-0.528421919775921,-0.638046046066561,0.638046046066561,0.872810651346563,-0.872810651346563,-0.15681986382956,0.15681986382956,-1.38648131125119,1.38648131125119,-1.18042515380397,1.18042515380397,0.969691252404876,-0.969691252404876,0.529767767270125,-0.529767767270125,0.198618254892965,-0.198618254892965,-0.874696361077894,0.874696361077894,-1.64325944206848,1.64325944206848,-0.0165028152981875,0.0165028152981875,0.329276575079102,-0.329276575079102,-0.59312933814462,0.59312933814462,0.18430430386207,-0.18430430386207,-0.56087009225567,0.56087009225567,-2.10535977945235,2.10535977945235,1.01456756203917,-1.01456756203917,-1.61265262181884,1.61265262181884,-0.540010145254658,0.540010145254658,-0.436134135318223,0.436134135318223,-1.51935120207964,1.51935120207964,0.113190835143813,-0.113190835143813,-2.09294221751693,2.09294221751693,-0.920327363526936,0.920327363526936,0.222657503960348,-0.222657503960348,1.00646018942884,-1.00646018942884,-1.16311937412908,1.16311937412908,-1.33043963150626,1.33043963150626,-0.357943060238184,0.357943060238184,-2.00460776449883,2.00460776449883,0.72490180902061,-0.72490180902061,-0.335244596031635,0.335244596031635,0.586683835646724,-0.586683835646724,0.750543579698239,-0.750543579698239,0.512728882439869,-0.512728882439869,-0.0785744924367741,0.0785744924367741,1.22946913921795,-1.22946913921795,-2.09526548130732,2.09526548130732,-1.84180288795657,1.84180288795657,-0.529718018378564,0.529718018378564,0.112176604112188,-0.112176604112188,-0.214714193514327,0.214714193514327,0.299386918629658,-0.299386918629658,0.697408703791187,-0.697408703791187,0.303279587490139,-0.303279587490139,-0.66976324281126,0.66976324281126,0.59601747502558,-0.59601747502558,-0.279047247227952,0.279047247227952,0.232762949244418,-0.232762949244418,-0.632846329724354,0.632846329724354,0.370380022859683,-0.370380022859683,-0.977902165969721,0.977902165969721,0.550170909093899,-0.550170909093899,0.860726111085583,-0.860726111085583,0.216763901424062,-0.216763901424062,0.909711180671129,-0.909711180671129,0.814391892958623,-0.814391892958623,-0.79383324254955,0.79383324254955,-0.68086433694607,0.68086433694607,1.04824910436962,-1.04824910436962,-0.472812881614395,0.472812881614395,0.218484742857282,-0.218484742857282,-0.114948719730413,0.114948719730413,-1.15822930349485,1.15822930349485,0.849708011852797,-0.849708011852797,-0.116040771701291,0.116040771701291,0.83091644181964,-0.83091644181964,-1.25897015037344,1.25897015037344,-0.0219421418730006,0.0219421418730006,-1.72206110887938,1.72206110887938,-1.01682825940164,1.01682825940164,-0.0496249681690197,0.0496249681690197,0.782347287741989,-0.782347287741989,-1.43787235534613,1.43787235534613,0.89694612159725,-0.89694612159725,-0.886864679080464,0.886864679080464,0.983494057165762,-0.983494057165762,-1.11486731581345,1.11486731581345,-0.591794773425632,0.591794773425632,-1.2599782318907,1.2599782318907,-0.653397308487894,0.653397308487894,-1.49353669331051,1.49353669331051,0.0825544670561251,-0.0825544670561251,-0.115356757309758,0.115356757309758,0.0198558398631844,-0.0198558398631844,0.0452260640378529,-0.0452260640378529,-0.548483285574874,0.548483285574874,-0.323818815130703,0.323818815130703,0.620447413206612,-0.620447413206612,0.099717136427405,-0.099717136427405,2.67289354824207,-2.67289354824207,0.456507214012734,-0.456507214012734,-1.81195301429765,1.81195301429765,-0.747231562107952,0.747231562107952,-0.00529468066627512,0.00529468066627512,-0.654937554203631,0.654937554203631,-0.0900161264089691,0.0900161264089691,-0.524411611192822,0.524411611192822,-0.0704345185060658,0.0704345185060658,-1.36733446147036,1.36733446147036,-1.02068199035994,1.02068199035994,-0.567053474200293,0.567053474200293,0.543896363653624,-0.543896363653624,-1.98580668315286,1.98580668315286,0.0199508424282048,-0.0199508424282048,0.119596512500613,-0.119596512500613,1.78696199981806,-1.78696199981806,-0.213621574577566,0.213621574577566,-1.21824443412643,1.21824443412643,-0.55374626259787,0.55374626259787,0.568284809588735,-0.568284809588735,-0.899173482093887,0.899173482093887,1.76947068028462,-1.76947068028462,-1.70338781443777,1.70338781443777,0.194674385891994,-0.194674385891994,0.100045277392941,-0.100045277392941,-0.637608495932429,0.637608495932429,1.1028180986121,-1.1028180986121,1.0910018486427,-1.0910018486427,-0.95788163789217,0.95788163789217,1.45628118639662,-1.45628118639662,0.471764953654098,-0.471764953654098,0.819334187258874,-0.819334187258874,0.0981975228396857,-0.0981975228396857,0.106825457656834,-0.106825457656834,-0.614610006473357,0.614610006473357,0.406408947671617,-0.406408947671617,0.872007687417832,-0.872007687417832,0.0652522086137006,-0.0652522086137006,1.48791259579388,-1.48791259579388,1.0093710404875,-1.0093710404875,0.607143643438403,-0.607143643438403,-1.42570017437411,1.42570017437411,1.20797178052078,-1.20797178052078,1.67550328778735,-1.67550328778735,-0.103143864538805,0.103143864538805,0.832783476766149,-0.832783476766149,-2.00931410780692,2.00931410780692,0.514414802995285,-0.514414802995285,0.41168648075422,-0.41168648075422,0.684633865358909,-0.684633865358909,1.33587372340843,-1.33587372340843,0.304373664970208,-0.304373664970208,-0.418373007214797,0.418373007214797,-0.261943020273963,0.261943020273963,0.738372404055086,-0.738372404055086,-0.0102114995912506,0.0102114995912506,-0.481486828800404,0.481486828800404,1.54982739273852,-1.54982739273852,0.123934730829161,-0.123934730829161,0.987276374985564,-0.987276374985564,0.197907739570061,-0.197907739570061,1.00894110478991,-1.00894110478991,0.636694363875654,-0.636694363875654,0.397790351848359,-0.397790351848359,1.20534571204199,-1.20534571204199,0.385529946203931,-0.385529946203931,0.943870155702514,-0.943870155702514,-0.146938265038267,0.146938265038267,-0.971017522163729,0.971017522163729,-0.137181806532671,0.137181806532671,0.323558912557317,-0.323558912557317,0.802283969901776,-0.802283969901776,-0.457804027666634,0.457804027666634,-0.0637103659563837,0.0637103659563837,1.29616812248076,-1.29616812248076,-0.908133496694569,0.908133496694569,-0.320192457167554,0.320192457167554,-1.59147067436366,1.59147067436366,-0.0429418809954901,0.0429418809954901,-0.113801462293404,0.113801462293404,0.512299020503064,-0.512299020503064,0.269406003781641,-0.269406003781641,-1.03283857831582,1.03283857831582,-1.37878301786495,1.37878301786495,-0.757917833280389,0.757917833280389,0.785705562028522,-0.785705562028522,-0.458924114746364,0.458924114746364,0.511831985114511,-0.511831985114511,0.514446494916485,-0.514446494916485,-0.82368312704315,0.82368312704315,-0.832326120926631,0.832326120926631,0.16306349667593,-0.16306349667593,0.209721394163998,-0.209721394163998,-0.37349807815143,0.37349807815143,0.451970483996913,-0.451970483996913,0.712380136893233,-0.712380136893233,2.94180952993558,-2.94180952993558,0.958970477397896,-0.958970477397896,-2.05068278056347,2.05068278056347,-0.543574411539563,0.543574411539563,1.69146528568741,-1.69146528568741,1.06418349918478,-1.06418349918478,-0.597918600011912,0.597918600011912,0.606220587584613,-0.606220587584613,-0.980975863080316,0.980975863080316,-0.109872177391257,0.109872177391257,-0.718601471027898,0.718601471027898,-0.876948626037709,0.876948626037709,-0.782467094840912,0.782467094840912,0.133882079743869,-0.133882079743869,1.34945572454296,-1.34945572454296,-0.535253059968637,0.535253059968637,1.06466739574995,-1.06466739574995,-1.33382700129289,1.33382700129289,-0.921201140173709,0.921201140173709,-1.18133872021266,1.18133872021266,-0.651976434212938,0.651976434212938,-1.67074642146191,1.67074642146191,0.483284935203842,-0.483284935203842,2.56550669775647,-2.56550669775647,-1.14914378256254,1.14914378256254,0.274832298077593,-0.274832298077593,-1.54931554253738,1.54931554253738,1.13780361964159,-1.13780361964159,1.11832033186783,-1.11832033186783,-0.220020314857425,0.220020314857425,-1.83298300051538,1.83298300051538,0.326111143230136,-0.326111143230136,-0.49544217521542,0.49544217521542,-1.25590755486662,1.25590755486662,0.205764852104455,-0.205764852104455,-0.42691674799559,0.42691674799559,-0.221555966292854,0.221555966292854,0.994930721201873,-0.994930721201873,-0.399519030152674,0.399519030152674,0.977099034930603,-0.977099034930603,0.325124920356805,-0.325124920356805,-0.814417806822445,0.814417806822445,0.629757307932144,-0.629757307932144,1.04345676912788,-1.04345676912788,-1.19676367266413,1.19676367266413,0.181282277225946,-0.181282277225946,1.2959664107467,-1.2959664107467,-0.680243821766019,0.680243821766019,-0.912474691194411,0.912474691194411,-1.16607464706441,1.16607464706441,-0.771663766724336,0.771663766724336,1.52374029067819,-1.52374029067819,-1.64114937874397,1.64114937874397,-0.566710606986276,0.566710606986276,-1.81669562096046,1.81669562096046,-0.563442822755771,0.563442822755771,-0.412951377079014,0.412951377079014,1.25922451090503,-1.25922451090503,1.05370275948765,-1.05370275948765,-0.352062905717245,0.352062905717245,0.957594116786781,-0.957594116786781,0.336428232990055,-0.336428232990055,0.870044370409431,-0.870044370409431,-2.54193791694441,2.54193791694441,0.883336757457035,-0.883336757457035,-1.64737670740486,1.64737670740486,0.283559391153972,-0.283559391153972,-1.30505732419718,1.30505732419718,-1.12966579890747,1.12966579890747,0.445525083701689,-0.445525083701689,-0.273421881573167,0.273421881573167,-0.688942854624215,0.688942854624215,-1.09479095142481,1.09479095142481,-0.463497441183271,0.463497441183271,0.461097223457463,-0.461097223457463,-1.54082084274398,1.54082084274398,1.81744888440388,-1.81744888440388,-0.712256547738988,0.712256547738988,0.0983394073313957,-0.0983394073313957,-0.962115068540359,0.962115068540359,-1.69660420238312,1.69660420238312,-0.455999201424661,0.455999201424661,-0.914465564768829,0.914465564768829,0.93016163789194,-0.93016163789194,-0.935612869902361,0.935612869902361,0.65680056917089,-0.65680056917089,0.955166911503956,-0.955166911503956,0.0369758661917002,-0.0369758661917002,1.02205235903785,-1.02205235903785,2.17973806785424,-2.17973806785424,-0.77274549896442,0.77274549896442,-0.675913350468303,0.675913350468303,1.45916724240536,-1.45916724240536,-0.174551263023514,0.174551263023514,-0.861822079886793,0.861822079886793,-0.356321371217318,0.356321371217318,0.631346824644522,-0.631346824644522,-1.14076868370722,1.14076868370722,0.549705881231594,-0.549705881231594,0.189078124802631,-0.189078124802631,0.588973857189658,-0.588973857189658,1.10371719174811,-1.10371719174811,-0.50344947721371,0.50344947721371,-0.647267652417941,0.647267652417941,0.348957114265893,-0.348957114265893,0.856305005990277,-0.856305005990277,-0.211800753107122,0.211800753107122,-1.40375253362796,1.40375253362796,-0.890672985987524,0.890672985987524,1.08455993373316,-1.08455993373316,0.585075943412335,-0.585075943412335,0.91516495709529,-0.91516495709529,0.25845526629073,-0.25845526629073,-1.69917778036094,1.69917778036094,0.833913109679646,-0.833913109679646,0.654722772017177,-0.654722772017177,-0.613358428126147,0.613358428126147,1.17861972706348,-1.17861972706348,-0.360479207744937,0.360479207744937,0.413917528412289,-0.413917528412289,-0.667357195182774,0.667357195182774,-0.640688937871691,0.640688937871691,-0.7176092924513,0.7176092924513,-1.7725348171422,1.7725348171422,0.894018742952896,-0.894018742952896,-1.65869156052546,1.65869156052546,-1.07427093918962,1.07427093918962,0.016413421725322,-0.016413421725322,0.979446623809275,-0.979446623809275,-0.497483690493056,0.497483690493056,0.518151972827077,-0.518151972827077,0.559807475698527,-0.559807475698527,-0.469866902249368,0.469866902249368,1.54928459528259,-1.54928459528259,-0.99525688138655,0.99525688138655,-1.32975907449546,1.32975907449546,-2.337078813407,2.337078813407,-0.525277693056108,0.525277693056108,-1.73707987023674,1.73707987023674,1.35512702440274,-1.35512702440274,-0.146876398673483,0.146876398673483,-0.661870327628946,0.661870327628946,0.0524682049636253,-0.0524682049636253,-0.451307870429886,0.451307870429886,-1.51628938140104,1.51628938140104,-0.841858914225108,0.841858914225108,1.89178740624875,-1.89178740624875,-0.366676530538814,0.366676530538814,1.58428588769815,-1.58428588769815,-1.37290113514889,1.37290113514889,1.59019335134727,-1.59019335134727,2.45301295923828,-2.45301295923828,0.650574458036149,-0.650574458036149,0.749617974303535,-0.749617974303535,0.123833630241315,-0.123833630241315,-0.144005136074434,0.144005136074434,-0.303573364133789,0.303573364133789,2.01093988634338,-2.01093988634338,0.687147849970796,-0.687147849970796,1.65619197858397,-1.65619197858397,0.234081877392978,-0.234081877392978,-1.88038359182103,1.88038359182103,-0.910224565341844,0.910224565341844,1.51931053652303,-1.51931053652303,0.318692573929636,-0.318692573929636,1.41947261152751,-1.41947261152751,-1.69538012233157,1.69538012233157,-2.02967760134419,2.02967760134419,-1.18489934508256,1.18489934508256,0.344009408989434,-0.344009408989434,-0.462501190582206,0.462501190582206,0.251937947133903,-0.251937947133903,2.1523237487232,-2.1523237487232,0.710703432102579,-0.710703432102579,-0.485791439861748,0.485791439861748,0.1540681615776,-0.1540681615776,-0.155401773246376,0.155401773246376,-0.794470485222428,0.794470485222428,-0.494552076794858,0.494552076794858,-0.402311380386823,0.402311380386823,-0.188551296747624,0.188551296747624,1.37720855409941,-1.37720855409941,-0.731888904090796,0.731888904090796,0.717308125651674,-0.717308125651674,0.0395575287615006,-0.0395575287615006,-0.355783751444395,0.355783751444395,-0.149966643068805,0.149966643068805,0.488008260659469,-0.488008260659469,1.26429998305321,-1.26429998305321,-0.949648339873758,0.949648339873758,-0.254525110450689,0.254525110450689,1.3212081716846,-1.3212081716846,1.46061231647832,-1.46061231647832,-0.896357515722143,0.896357515722143,1.18453104657808,-1.18453104657808,0.29310943939911,-0.29310943939911,0.106810731505614,-0.106810731505614,-1.35622535523871,1.35622535523871,-0.797721035120903,0.797721035120903,-0.623270088327006,0.623270088327006,-0.303241997660247,0.303241997660247,0.383462327800309,-0.383462327800309,-0.321785323654077,0.321785323654077,-1.62409910960851,1.62409910960851,-0.368680391484576,0.368680391484576,0.813210723948632,-0.813210723948632,0.371979860707442,-0.371979860707442,0.628833055431367,-0.628833055431367,1.10557742452472,-1.10557742452472,0.591792588724029,-0.591792588724029,0.664469049419824,-0.664469049419824,0.0900800306562966,-0.0900800306562966,0.641969609259294,-0.641969609259294,0.418664180951256,-0.418664180951256,0.891243692124429,-0.891243692124429,0.562002367300147,-0.562002367300147,-0.40951443854068,0.40951443854068,1.83821532224899,-1.83821532224899,-0.392868446761217,0.392868446761217,1.02689553314332,-1.02689553314332,-1.97156579253915,1.97156579253915,-2.19439390286568,2.19439390286568,-0.575095040444534,0.575095040444534,-0.408692674009613,0.408692674009613,0.202406124156332,-0.202406124156332,0.883650013223391,-0.883650013223391,-0.976816870110048,0.976816870110048,0.0477817853655016,-0.0477817853655016,1.77919017337905,-1.77919017337905,-1.40380809062263,1.40380809062263,0.607331250412958,-0.607331250412958,-1.77559256698401,1.77559256698401,0.682469914504206,-0.682469914504206,1.27434643750488,-1.27434643750488,0.285701862622421,-0.285701862622421,-0.336149808326638,0.336149808326638,-0.472087780296328,0.472087780296328,-0.522470629383123,0.522470629383123,1.05393477546615,-1.05393477546615,-0.948867437091548,0.948867437091548,1.04805458155344,-1.04805458155344,1.08350900072736,-1.08350900072736,-1.51633381738279,1.51633381738279,-0.383249319888489,0.383249319888489,-2.1327916910555,2.1327916910555,0.691001048736406,-0.691001048736406,-1.0440418094847,1.0440418094847,0.991578065992194,-0.991578065992194,0.189940681353698,-0.189940681353698,-0.693893337776895,0.693893337776895,-0.473347408803619,0.473347408803619,-0.696654503574317,0.696654503574317,0.334737897411124,-0.334737897411124,-0.300761105173271,0.300761105173271,0.338456430528282,-0.338456430528282,0.00275510674135861,-0.00275510674135861,-1.49936194751189,1.49936194751189,1.06821052999094,-1.06821052999094,0.251170585166117,-0.251170585166117,0.153938748032626,-0.153938748032626,-0.799264898218797,0.799264898218797,-0.323982401892216,0.323982401892216,-1.55634140412862,1.55634140412862,-0.583436485065664,0.583436485065664,-1.54129553811734,1.54129553811734,-1.77794029549351,1.77794029549351,-2.36984710869228,2.36984710869228,0.488934659919516,-0.488934659919516,-0.381422306220524,0.381422306220524,-0.371568073512157,0.371568073512157,-0.302418553440586,0.302418553440586,-0.581893490651255,0.581893490651255,0.674701031973868,-0.674701031973868,0.414560920156023,-0.414560920156023,0.193778429033227,-0.193778429033227,-0.967957637498202,0.967957637498202,1.09424570841513,-1.09424570841513,-0.680651241739445,0.680651241739445,-0.0803132768003962,0.0803132768003962,0.0851512331498039,-0.0851512331498039,-1.50075833144161,1.50075833144161,-0.0441208535618204,0.0441208535618204,1.13790951003622,-1.13790951003622,1.23256421997677,-1.23256421997677,0.136584077467171,-0.136584077467171,-0.306591056298864,0.306591056298864,0.0791537369662389,-0.0791537369662389,0.259990672887153,-0.259990672887153,-0.871199228483718,0.871199228483718,1.1768980357112,-1.1768980357112,1.34138829016424,-1.34138829016424,-1.30847060982743,1.30847060982743,-0.144397991645475,0.144397991645475,-0.231491332602825,0.231491332602825,-0.750912238255607,0.750912238255607,0.689178757644584,-0.689178757644584,0.32369838829783,-0.32369838829783,0.998612450996202,-0.998612450996202,0.553005758663177,-0.553005758663177,0.223833160730324,-0.223833160730324,0.952644669691875,-0.952644669691875,0.0212719497986401,-0.0212719497986401,-0.310250274854376,0.310250274854376,2.02044961842846,-2.02044961842846,0.362776280649075,-0.362776280649075,1.07776339140253,-1.07776339140253,-0.985005466688132,0.985005466688132,-0.403330971291023,0.403330971291023,0.111354385960297,-0.111354385960297,-0.317704080264408,0.317704080264408,-1.3967031535751,1.3967031535751,-0.589972438020461,0.589972438020461,-0.433090455459763,0.433090455459763,-0.819897834340951,0.819897834340951,-0.62172435969711,0.62172435969711,1.61545379321848,-1.61545379321848,-0.164184608608955,0.164184608608955,0.351594473742757,-0.351594473742757,0.742444760567882,-0.742444760567882,0.898887994988766,-0.898887994988766,0.844593018200887,-0.844593018200887,-1.15087475800057,1.15087475800057,-0.548551059860071,0.548551059860071,-0.921084749445401,0.921084749445401,0.982341395667879,-0.982341395667879,-1.6225599757621,1.6225599757621,-1.18231905887469,1.18231905887469,1.68955456620259,-1.68955456620259,0.611155490041074,-0.611155490041074,-0.0363497546122162,0.0363497546122162,-1.26235972243653,1.26235972243653,0.162755806424314,-0.162755806424314,-0.0224313637312141,0.0224313637312141,-0.665053478965825,0.665053478965825,1.89254873360817,-1.89254873360817,1.0938898676961,-1.0938898676961,1.67448694409817,-1.67448694409817,-0.225547533763293,0.225547533763293,0.124064062172326,-0.124064062172326,-0.844306801262998,0.844306801262998,-2.34316630090578,2.34316630090578,0.959891317115141,-0.959891317115141,-0.761233600533197,0.761233600533197,-0.346507295305344,0.346507295305344,2.54294158968399,-2.54294158968399,-0.00945202150271405,0.00945202150271405,0.312597605528811,-0.312597605528811,0.962196187693819,-0.962196187693819,0.867736267897089,-0.867736267897089,-0.739904173992506,0.739904173992506,0.678357622101276,-0.678357622101276,-1.73053083585483,1.73053083585483,-0.440836341338203,0.440836341338203,1.05302575210295,-1.05302575210295,0.729531147011562,-0.729531147011562,-0.98640973966213,0.98640973966213,-0.836886558770466,0.836886558770466,1.3103421900544,-1.3103421900544,-0.367624247850365,0.367624247850365,-0.433517295880782,0.433517295880782,0.197036105300782,-0.197036105300782,0.0662120973053927,-0.0662120973053927,-0.966692420511837,0.966692420511837,1.6588743012985,-1.6588743012985,0.632592382375854,-0.632592382375854,-0.452314311451376,0.452314311451376,1.89666106988914,-1.89666106988914,-0.151967297922669,0.151967297922669,-1.09128603416105,1.09128603416105,1.60558849692238,-1.60558849692238,0.0600331498642993,-0.0600331498642993,-0.192497452458713,0.192497452458713,-0.885779709806601,0.885779709806601,-1.11470252391611,1.11470252391611,-0.947135876068125,0.947135876068125,-0.579561649998751,0.579561649998751,0.103647920851779,-0.103647920851779,-0.000139994273973796,0.000139994273973796,1.26844396537935,-1.26844396537935,-0.336603565007379,0.336603565007379,-1.10828723899283,1.10828723899283,-0.118486636616867,0.118486636616867,-1.21005268795646,1.21005268795646,-0.405253103244351,0.405253103244351,-0.380498415689104,0.380498415689104,2.42266563386154,-2.42266563386154,-1.07099818667804,1.07099818667804,-1.40555638695022,1.40555638695022,-0.929454975015807,0.929454975015807,-0.156044859093305,0.156044859093305,-0.36852277702605,0.36852277702605,-0.475952309261663,0.475952309261663,-0.0223999884596384,0.0223999884596384,-0.152648858916984,0.152648858916984,0.582987987572637,-0.582987987572637,-0.0633887873052749,0.0633887873052749,-0.690164767547312,0.690164767547312,-1.08415072139491,1.08415072139491,1.174686977209,-1.174686977209,-1.16700695391717,1.16700695391717,1.33434591732809,-1.33434591732809,2.43082813467624,-2.43082813467624,0.616550789819278,-0.616550789819278,-1.63155722497996,1.63155722497996,1.01948542941723,-1.01948542941723,0.520567044771221,-0.520567044771221,-0.377586558598842,0.377586558598842,-0.700214352406162,0.700214352406162,0.160955131913081,-0.160955131913081,0.450049589597424,-0.450049589597424,0.0477737396768312,-0.0477737396768312,0.275765542594465,-0.275765542594465,-0.553156868484398,0.553156868484398,1.26489967578898,-1.26489967578898,-0.881513144673854,0.881513144673854,0.408886403757395,-0.408886403757395,0.123385030429309,-0.123385030429309,-0.435621883381836,0.435621883381836,1.2415865839357,-1.2415865839357,0.0774483249892662,-0.0774483249892662,-0.587111328890543,0.587111328890543,0.00781316131557051,-0.00781316131557051,-0.754088641559708,0.754088641559708,1.49002959321986,-1.49002959321986,0.950028898687223,-0.950028898687223,1.04521925274306,-1.04521925274306,0.755211895426029,-0.755211895426029,-0.561465400129316,0.561465400129316,0.912483021025222,-0.912483021025222,0.482525145750166,-0.482525145750166,-1.19194663298069,1.19194663298069,-0.380902845841986,0.380902845841986,-0.141554629465944,0.141554629465944,-1.26442812234716,1.26442812234716,0.95192360377343,-0.95192360377343,-0.0479068984045926,0.0479068984045926,2.07701134686047,-2.07701134686047,1.21441325645133,-1.21441325645133,-2.24327060681185,2.24327060681185,-1.90245872665918,1.90245872665918,0.389084448633891,-0.389084448633891,-3.01783151366153,3.01783151366153,0.555864851665407,-0.555864851665407,0.0348254357383399,-0.0348254357383399,0.865035829383811,-0.865035829383811,-0.585325477390258,0.585325477390258,-1.0020266459675,1.0020266459675,-0.616541576243174,0.616541576243174,-0.212590227440257,0.212590227440257,-1.62677486504569,1.62677486504569,0.497891379420554,-0.497891379420554,-0.306851244728742,0.306851244728742,0.234836428196524,-0.234836428196524,0.236592179127721,-0.236592179127721,-0.726071218174331,0.726071218174331,0.0202938592787376,-0.0202938592787376,0.2468912120225,-0.2468912120225,-1.72212038979827,1.72212038979827,2.07711704663069,-2.07711704663069,3.40642444103018,-3.40642444103018,1.23564298594296,-1.23564298594296,1.67737316944629,-1.67737316944629,0.882812550533646,-0.882812550533646,-2.53729997982103,2.53729997982103,-0.521045026579238,0.521045026579238,1.94115833555128,-1.94115833555128,1.06218044314252,-1.06218044314252,0.0267661371146892,-0.0267661371146892,0.359069383592772,-0.359069383592772,0.0409184178831881,-0.0409184178831881,0.293539699843215,-0.293539699843215,1.03219902288786,-1.03219902288786,1.62157440467714,-1.62157440467714,-0.0357684461044459,0.0357684461044459,-2.10650024782612,2.10650024782612,-1.50631635496545,1.50631635496545,-0.168760081755599,0.168760081755599,-0.9333795812449,0.9333795812449,0.0612317666062219,-0.0612317666062219,-1.16057660626085,1.16057660626085,1.82656243850655,-1.82656243850655,0.666954162115768,-0.666954162115768,0.379453634918964,-0.379453634918964,-0.532609110455939,0.532609110455939,-2.45789024152823,2.45789024152823,-0.835237153605484,0.835237153605484,0.73850405650175,-0.73850405650175,-0.0813784662422274,0.0813784662422274,0.682663971408692,-0.682663971408692,0.705425199481571,-0.705425199481571,0.119544322996936,-0.119544322996936,0.567335889274207,-0.567335889274207,0.103601606824824,-0.103601606824824,-2.60601219691634,2.60601219691634,1.75496467093554,-1.75496467093554,0.417064211872064,-0.417064211872064,0.0631673319841466,-0.0631673319841466,1.87433727379761,-1.87433727379761,1.83370912939718,-1.83370912939718,0.403338464331745,-0.403338464331745,0.301502654236035,-0.301502654236035,1.41164950841233,-1.41164950841233,-1.06672001081212,1.06672001081212,-1.29177819432413,1.29177819432413,0.452025531207124,-0.452025531207124,0.79623899689451,-0.79623899689451,0.620769148940321,-0.620769148940321,-1.82560701861765,1.82560701861765,-1.67638030596473,1.67638030596473,-0.402264879152603,0.402264879152603,-0.548888991140583,0.548888991140583,-1.48736632161896,1.48736632161896,-0.131544688261458,0.131544688261458,0.092418144115701,-0.092418144115701,-0.615675673001602,0.615675673001602,-0.911807647323459,0.911807647323459,0.867469466928696,-0.867469466928696,-1.43648196340402,1.43648196340402,0.505274308070377,-0.505274308070377,0.583943328338522,-0.583943328338522,1.41064325498914,-1.41064325498914,0.243500255252064,-0.243500255252064,1.95690501507627,-1.95690501507627,0.338576830218509,-0.338576830218509,0.386386584578662,-0.386386584578662,-1.67692492843676,1.67692492843676,0.600367982403052,-0.600367982403052,1.52537693713448,-1.52537693713448,0.475443106823536,-0.475443106823536,0.789402506846336,-0.789402506846336,0.45183244955734,-0.45183244955734,-0.628167999121839,0.628167999121839,-1.33192376330916,1.33192376330916,1.00770602006056,-1.00770602006056,-0.479541215464311,0.479541215464311,0.0283823285480838,-0.0283823285480838,1.06266390995027,-1.06266390995027,0.681942240711333,-0.681942240711333,-0.2893073375737,0.2893073375737,-0.557814818989435,0.557814818989435,0.519485376626007,-0.519485376626007,0.178605032534699,-0.178605032534699,-0.705766878917606,0.705766878917606,-0.164396474286551,0.164396474286551,1.45287831999225,-1.45287831999225,0.034497899270236,-0.034497899270236,1.73157993876425,-1.73157993876425,-0.95479479949885,0.95479479949885,1.16742516753505,-1.16742516753505,-1.58082825601801,1.58082825601801,0.844610048183993,-0.844610048183993,0.460517407989428,-0.460517407989428,-0.547407070913456,0.547407070913456,-0.955030163715883,0.955030163715883,1.97134640013606,-1.97134640013606,-0.418030361131017,0.418030361131017,-1.43565483162913,1.43565483162913,-1.04588076489232,1.04588076489232,-2.92701486592703,2.92701486592703,0.693772997166683,-0.693772997166683,-0.36332274576029,0.36332274576029,-1.9575923623591,1.9575923623591,0.265266660036548,-0.265266660036548,1.22936177681884,-1.22936177681884,-2.64731060205338,2.64731060205338,-1.72260935543831,1.72260935543831,0.133036170682672,-0.133036170682672,-0.0816305576838287,0.0816305576838287,2.37739321990806,-2.37739321990806,-0.724665649731511,0.724665649731511,-0.635515778526091,0.635515778526091,1.97606697895143,-1.97606697895143,-1.79534521686338,1.79534521686338,-0.0380942585694218,0.0380942585694218,-0.386262224237496,0.386262224237496,-1.24294260660422,1.24294260660422,0.328299418513287,-0.328299418513287,-0.2057263446279,0.2057263446279,-0.683755475273619,0.683755475273619,0.283666068701533,-0.283666068701533,1.27690092368894,-1.27690092368894,-1.12536390516341,1.12536390516341,1.56017174204259,-1.56017174204259,-0.928527239773467,0.928527239773467,-0.780052935459522,0.780052935459522,-0.624779161885377,0.624779161885377,0.164672735607888,-0.164672735607888,-0.1508360153632,0.1508360153632,-1.44314834164138,1.44314834164138,-0.0746412645467657,0.0746412645467657,0.62254486673249,-0.62254486673249,0.993859751365514,-0.993859751365514,2.25111827249315,-2.25111827249315,1.73181030327593,-1.73181030327593,0.0674979221356315,-0.0674979221356315,-0.28580135258477,0.28580135258477,2.07632464112986,-2.07632464112986,-0.703141358282727,0.703141358282727,-0.568406459743046,0.568406459743046,0.322293975318508,-0.322293975318508,0.256748779015357,-0.256748779015357,-0.897028539316905,0.897028539316905,0.217284255857198,-0.217284255857198,-0.506707112525589,0.506707112525589,0.686913898044054,-0.686913898044054,-1.08365931155701,1.08365931155701,1.58676589819576,-1.58676589819576,0.155910082565885,-0.155910082565885,0.678822544418223,-0.678822544418223,-1.0049614366396,1.0049614366396,0.637565018912454,-0.637565018912454,-0.00795824005017347,0.00795824005017347,-0.738071582986687,0.738071582986687,0.663581994750894,-0.663581994750894,1.09064077437662,-1.09064077437662,-0.490472356507869,0.490472356507869,1.21577078346169,-1.21577078346169,-0.223531703783597,0.223531703783597,0.486075423997132,-0.486075423997132,2.08092188726706,-2.08092188726706,0.0681888503834963,-0.0681888503834963,-0.874726644113732,0.874726644113732,-0.541953476722965,0.541953476722965,0.675510024805945,-0.675510024805945,0.457414441961221,-0.457414441961221,-1.54108116523898,1.54108116523898,0.284592309055265,-0.284592309055265,1.73535533862106,-1.73535533862106,0.908155100418303,-0.908155100418303,0.708512261462364,-0.708512261462364,0.441724810995639,-0.441724810995639,3.39375306233136,-3.39375306233136,-1.26568693962962,1.26568693962962,-1.27385311743813,1.27385311743813,0.00366708167296609,-0.00366708167296609,-2.31724842577141,2.31724842577141,0.614774160604463,-0.614774160604463,-1.37025184545461,1.37025184545461,0.177925926941868,-0.177925926941868,2.17338225387214,-2.17338225387214,-1.05158226641819,1.05158226641819,0.0635324933224432,-0.0635324933224432,-1.60434685080978,1.60434685080978,-0.792855863423599,0.792855863423599,0.458543654171544,-0.458543654171544,0.16683671639576,-0.16683671639576,-0.182232879796563,0.182232879796563,1.25906395146581,-1.25906395146581,0.227534445755175,-0.227534445755175,0.392487121276689,-0.392487121276689,-0.227152557634138,0.227152557634138,0.625492017339708,-0.625492017339708,-0.703229774522461,0.703229774522461,-1.23684239122116,1.23684239122116,-0.638358536891436,0.638358536891436,1.60394549797085,-1.60394549797085,-0.021435636223874,0.021435636223874,1.4503677979813,-1.4503677979813,-1.25703406616838,1.25703406616838,0.747593255844889,-0.747593255844889,-0.432758347594093,0.432758347594093,0.764164896224698,-0.764164896224698,-1.4123395330263,1.4123395330263,-1.58876523460347,1.58876523460347,-1.14936185080905,1.14936185080905,-0.262040402402668,0.262040402402668,0.239903278359874,-0.239903278359874,-0.136488012071683,0.136488012071683,-0.412722638454342,0.412722638454342,-0.821731461188583,0.821731461188583,-1.27473704425326,1.27473704425326,0.837590625707164,-0.837590625707164,1.82793337653079,-1.82793337653079,-0.204587317020618,0.204587317020618,-0.870504777587498,0.870504777587498,0.0511968901291382,-0.0511968901291382,-1.17640949628034,1.17640949628034,0.945857356475162,-0.945857356475162,-0.253166186010364,0.253166186010364,0.94465555678748,-0.94465555678748,1.11634490719894,-1.11634490719894,-1.42533077030628,1.42533077030628,-0.236503090653749,0.236503090653749,1.25532598931391,-1.25532598931391,1.20283426959138,-1.20283426959138,-0.74276698957959,0.74276698957959,1.25700966988338,-1.25700966988338,-1.02435246691963,1.02435246691963,-0.277167483377748,0.277167483377748,0.409829826311817,-0.409829826311817,-1.09797319074758,1.09797319074758,-0.973337002029007,0.973337002029007,2.03798657361218,-2.03798657361218,-0.996397253679656,0.996397253679656,-0.919998256271726,0.919998256271726,-1.09713645368407,1.09713645368407,1.02427278700841,-1.02427278700841,-0.526869667540717,0.526869667540717,0.687316833619714,-0.687316833619714,0.910355126642495,-0.910355126642495,0.781082149304657,-0.781082149304657,-0.789502900203623,0.789502900203623,1.75852590328768,-1.75852590328768,-1.33668481611148,1.33668481611148,-0.333532715955789,0.333532715955789,0.157142058374353,-0.157142058374353,1.14333470613221,-1.14333470613221,-0.728969955449748,0.728969955449748,-1.53273657527855,1.53273657527855,1.05528273532437,-1.05528273532437,2.00562326787876,-2.00562326787876,0.542893166472021,-0.542893166472021,0.352395506637274,-0.352395506637274,-1.25257374966556,1.25257374966556,-0.0409415989059727,0.0409415989059727,0.0166602786759494,-0.0166602786759494,0.570423014198113,-0.570423014198113,-1.42696280717016,1.42696280717016,-0.072302517062879,0.072302517062879,0.578227737464954,-0.578227737464954,0.0632705437392391,-0.0632705437392391,1.26791112430148,-1.26791112430148,0.643291636010912,-0.643291636010912,-0.346831024525865,0.346831024525865,-0.55180426798194,0.55180426798194,0.890487167532889,-0.890487167532889,-1.10662631162003,1.10662631162003,0.27379335692623,-0.27379335692623,0.898760646556391,-0.898760646556391,-0.708864937339219,0.708864937339219,-1.80011670369588,1.80011670369588,0.403608840070995,-0.403608840070995,-0.948418900683265,0.948418900683265,-0.473566470426762,0.473566470426762,-0.120945222053926,0.120945222053926,0.711538184539174,-0.711538184539174,1.9139016464926,-1.9139016464926,-1.4365691068603,1.4365691068603,-0.499312858799351,0.499312858799351,-1.17688841251682,1.17688841251682,-1.70944071627777,1.70944071627777,0.790491326775985,-0.790491326775985,-0.632042130985247,0.632042130985247,-0.919723373322338,0.919723373322338,0.0606107056525439,-0.0606107056525439,0.324899088602856,-0.324899088602856,0.257321334888648,-0.257321334888648,0.0286859670800477,-0.0286859670800477,0.639161743348512,-0.639161743348512,0.876809527615125,-0.876809527615125,1.1333130130339,-1.1333130130339,-0.611295482735793,0.611295482735793,1.18976180331641,-1.18976180331641,-0.667387484415444,0.667387484415444,-1.33640330467107,1.33640330467107,0.656046000523535,-0.656046000523535,0.414226472763583,-0.414226472763583,-0.553789189003217,0.553789189003217,0.670606729973532,-0.670606729973532,-1.44701302994121,1.44701302994121,0.0172984677498956,-0.0172984677498956,-2.05114679039339,2.05114679039339,-2.07145449186868,2.07145449186868,-2.98659002485444,2.98659002485444,-0.384261360188235,0.384261360188235,1.03744156731059,-1.03744156731059,-1.51690972146836,1.51690972146836,0.60917735927348,-0.60917735927348,-2.80765227042825,2.80765227042825,0.908264597815319,-0.908264597815319,0.42751617423381,-0.42751617423381,-1.59504665028812,1.59504665028812,-1.80242183705396,1.80242183705396,0.568279147732075,-0.568279147732075,-1.39502396670993,1.39502396670993,-0.0930204374285448,0.0930204374285448,0.810995631183497,-0.810995631183497,1.38933389111502,-1.38933389111502,-0.0288646857946494,0.0288646857946494,-0.881740240698995,0.881740240698995,0.666904927789067,-0.666904927789067,-0.00466211982858233,0.00466211982858233,-0.49947646019235,0.49947646019235,-1.30130220099119,1.30130220099119,2.90298208568798,-2.90298208568798,0.375596246015527,-0.375596246015527,-1.55260465354125,1.55260465354125,-1.01508235481227,1.01508235481227,-1.78876601891084,1.78876601891084,-0.648419988803539,0.648419988803539,-2.54769067863649,2.54769067863649,0.0818103666217218,-0.0818103666217218,-0.896095450801502,0.896095450801502,-0.427785524815441,0.427785524815441,-2.22246844756908,2.22246844756908,-0.749657994381363,0.749657994381363,1.07828845662468,-1.07828845662468,1.33894068738617,-1.33894068738617,-0.706050570753193,0.706050570753193,-0.365615485656741,0.365615485656741,-1.45126863257944,1.45126863257944,-0.121107346724837,0.121107346724837,-0.0164397515987162,0.0164397515987162,1.23429301927743,-1.23429301927743,0.0682576549639176,-0.0682576549639176,0.670582936925887,-0.670582936925887,0.615260487989962,-0.615260487989962,1.12939904955983,-1.12939904955983,-0.607681143505216,0.607681143505216,0.460912718593564,-0.460912718593564,0.844605033472181,-0.844605033472181,0.500317969004056,-0.500317969004056,-0.201148003291686,0.201148003291686,0.132963065690747,-0.132963065690747,0.720901739489816,-0.720901739489816,-0.20021465289977,0.20021465289977,0.7143247186182,-0.7143247186182,-0.630762703451457,0.630762703451457,0.77094872563954,-0.77094872563954,-0.00502804228195033,0.00502804228195033,-0.651756771493253,0.651756771493253,-1.36183075386397,1.36183075386397,0.125551564305003,-0.125551564305003,0.731269081379055,-0.731269081379055,-0.515477060276717,0.515477060276717,0.887398618084677,-0.887398618084677,1.19126659357166,-1.19126659357166,-0.240714638538203,0.240714638538203,1.60276921826223,-1.60276921826223,-0.611391902222049,0.611391902222049,0.915967436935802,-0.915967436935802,-0.550029622155253,0.550029622155253,0.994691970371953,-0.994691970371953,1.21111776503711,-1.21111776503711,-1.03818916899077,1.03818916899077,-0.120473955329594,0.120473955329594,-0.214990666435976,0.214990666435976,-0.891564629817449,0.891564629817449,1.14734112747549,-1.14734112747549,-1.50774811352197,1.50774811352197,-1.20175955787953,1.20175955787953,-1.62882466484157,1.62882466484157,0.130549062790072,-0.130549062790072,0.217275739684051,-0.217275739684051,0.727029546783246,-0.727029546783246,1.58036087093854,-1.58036087093854,0.133384396438901,-0.133384396438901,-0.0117654288489218,0.0117654288489218,0.19686363848206,-0.19686363848206,0.707981450067265,-0.707981450067265,0.512963343096925,-0.512963343096925,-0.661079273281464,0.661079273281464,-1.15464135151253,1.15464135151253,-1.38503140434442,1.38503140434442,-1.15208090167515,1.15208090167515,-1.19995085333941,1.19995085333941,2.38333014048842,-2.38333014048842,0.534158334785115,-0.534158334785115,-0.35143568972441,0.35143568972441,0.0562763335214549,-0.0562763335214549,0.504642900769544,-0.504642900769544,0.172383223379383,-0.172383223379383,-0.0880016199237986,0.0880016199237986,0.929825877368473,-0.929825877368473,0.883329382588341,-0.883329382588341,-0.847318852664458,0.847318852664458,-0.0519970542227757,0.0519970542227757,0.297558541222889,-0.297558541222889,0.937362681758899,-0.937362681758899,-0.822083337165651,0.822083337165651,0.366239125418375,-0.366239125418375,-1.70899687898403,1.70899687898403,-1.21082854957482,1.21082854957482,-0.205805937809136,0.205805937809136,0.249227560443065,-0.249227560443065,-1.94742868426035,1.94742868426035,-0.798940411023113,0.798940411023113,-0.253660534835235,0.253660534835235,-1.03428879748861,1.03428879748861,0.977896744777237,-0.977896744777237,-0.18963341891528,0.18963341891528,-0.440951527671998,0.440951527671998,-1.60272047985965,1.60272047985965,-1.62190287691793,1.62190287691793,-0.237322440131247,0.237322440131247,-0.923690689321401,0.923690689321401,0.359143702548386,-0.359143702548386,2.21119746056058,-2.21119746056058,-1.39291219616598,1.39291219616598,0.181718970670316,-0.181718970670316,0.18787203596003,-0.18787203596003,0.17565150992596,-0.17565150992596,1.35709945181087,-1.35709945181087,-0.561853733588508,0.561853733588508,-0.54288486023158,0.54288486023158,1.30781767877151,-1.30781767877151,-0.740404683635219,0.740404683635219,0.0524733098581622,-0.0524733098581622,-0.734469269335146,0.734469269335146,0.4895800490795,-0.4895800490795,0.846713304472782,-0.846713304472782,-1.26585858667318,1.26585858667318,-0.777022619959585,0.777022619959585,-1.27327778942313,1.27327778942313,0.432414432089237,-0.432414432089237,0.906458988575369,-0.906458988575369,0.94115048187934,-0.94115048187934,-0.658741825891227,0.658741825891227,1.93061206063828,-1.93061206063828,-1.93813563388148,1.93813563388148,-1.31440298211748,1.31440298211748,-0.98892304718757,0.98892304718757,-0.375939374085964,0.375939374085964,-0.726443650797351,0.726443650797351,-0.944268074730791,0.944268074730791,-0.381286339397326,0.381286339397326,0.616713276421681,-0.616713276421681,-1.02017820093174,1.02017820093174,1.10082176077931,-1.10082176077931,-0.208573904303692,0.208573904303692,-0.298139311661858,0.298139311661858,1.08498641527798,-1.08498641527798,1.06983075342715,-1.06983075342715,1.03159468412348,-1.03159468412348,-0.0536233268355611,0.0536233268355611,0.664290093746496,-0.664290093746496,-0.445335353862674,0.445335353862674,-1.9579467374377,1.9579467374377,0.128217849385231,-0.128217849385231,-0.635402876921299,0.635402876921299,0.782526553848061,-0.782526553848061,0.349716356401597,-0.349716356401597,0.656822072475055,-0.656822072475055,-0.0992038646583591,0.0992038646583591,0.420765786467238,-0.420765786467238,-0.312870359126448,0.312870359126448,-0.69721523805947,0.69721523805947,-2.47768175750037,2.47768175750037,1.10095551613343,-1.10095551613343,-0.218699345775659,0.218699345775659,-0.538828592824267,0.538828592824267,-0.220045691897726,0.220045691897726,1.37468956905045,-1.37468956905045,0.905673751803463,-0.905673751803463,-0.326572744164278,0.326572744164278,0.0745287070729676,-0.0745287070729676,0.388786908289297,-0.388786908289297,-0.857137381867007,0.857137381867007,-0.678748302416864,0.678748302416864,2.45776478188937,-2.45776478188937,0.123735649076668,-0.123735649076668,0.135537634292788,-0.135537634292788,0.639385757245988,-0.639385757245988,-2.30841070513605,2.30841070513605,-0.375552359210726,0.375552359210726,-0.722394261622874,0.722394261622874,0.469762714087062,-0.469762714087062,0.775530181182229,-0.775530181182229,2.02884232875553,-2.02884232875553,-0.020125894618257,0.020125894618257,-1.18432678951682,1.18432678951682,0.551432909390133,-0.551432909390133,-1.41888138803756,1.41888138803756,2.48006756895356,-2.48006756895356,0.766119947722066,-0.766119947722066,-0.321472489264214,0.321472489264214,0.063311458229151,-0.063311458229151,0.617560100725171,-0.617560100725171,-1.54172254418355,1.54172254418355,-1.91858751223361,1.91858751223361,-0.250249754340848,0.250249754340848,-1.26891088193563,1.26891088193563,-0.623443002293146,0.623443002293146,0.467629416879116,-0.467629416879116,0.320830820369622,-0.320830820369622,1.2149716672434,-1.2149716672434,1.75637656875005,-1.75637656875005,-0.0608956017254341,0.0608956017254341,0.680112056539574,-0.680112056539574,-0.0904714247541322,0.0904714247541322,0.566880700543415,-0.566880700543415,0.878482579851402,-0.878482579851402,-0.14459827404789,0.14459827404789,1.48538801035522,-1.48538801035522,-1.06491020718939,1.06491020718939,-0.187733572883142,0.187733572883142,-1.00862900452031,1.00862900452031,-2.03612286017559,2.03612286017559,0.762025704266995,-0.762025704266995,-0.858168526266209,0.858168526266209,0.483079960210406,-0.483079960210406,0.339799270720124,-0.339799270720124,0.576385746768051,-0.576385746768051,0.135986358104069,-0.135986358104069,-0.570521724808855,0.570521724808855,0.545907575680863,-0.545907575680863,-0.921213230594613,0.921213230594613,-0.381706344690675,0.381706344690675,-0.38728803232131,0.38728803232131,1.40819907761875,-1.40819907761875,-0.874885641350974,0.874885641350974,0.21406159289613,-0.21406159289613,1.00928510755071,-1.00928510755071,0.198421845023192,-0.198421845023192,2.16909518103902,-2.16909518103902,1.17261246161691,-1.17261246161691,2.43518252252063,-2.43518252252063,-2.18380761276798,2.18380761276798,-0.643768490102404,0.643768490102404,-0.00986135312973692,0.00986135312973692,-0.2813155524714,0.2813155524714,-0.144082139239132,0.144082139239132,-0.0602423088158103,0.0602423088158103,-0.278365532701763,0.278365532701763,0.721952728332528,-0.721952728332528,-0.326700503913848,0.326700503913848,0.926188496384502,-0.926188496384502,0.258501663514084,-0.258501663514084,0.817726492048949,-0.817726492048949,1.0478397580701,-1.0478397580701,-0.275735178881082,0.275735178881082,-0.0618721606584796,0.0618721606584796,0.186109507457935,-0.186109507457935,0.190324642706966,-0.190324642706966,0.0950148806040557,-0.0950148806040557,-0.350390220331799,0.350390220331799,-2.25965965456306,2.25965965456306,-1.36822858327303,1.36822858327303,1.80484054224043,-1.80484054224043,0.879588632194126,-0.879588632194126,-1.44188485610739,1.44188485610739,-1.55133352742621,1.55133352742621,-0.0882825115066526,0.0882825115066526,0.0987265092757371,-0.0987265092757371,-1.21916291843942,1.21916291843942,-0.907573332488878,0.907573332488878,1.72047631272867,-1.72047631272867,-0.0285359124611211,0.0285359124611211,1.86255570177023,-1.86255570177023,-0.13174603218513,0.13174603218513,-0.102741635116164,0.102741635116164,0.671449025728175,-0.671449025728175,-0.880868964569435,0.880868964569435,-0.334508574904669,0.334508574904669,-1.73775049101298,1.73775049101298,2.59114499821405,-2.59114499821405,0.664899276617979,-0.664899276617979,1.5627715209818,-1.5627715209818,0.512629897387059,-0.512629897387059,1.25750008865389,-1.25750008865389,-2.59069680972704,2.59069680972704,-1.71208149531177,1.71208149531177,-0.611392071581607,0.611392071581607,0.184056016283458,-0.184056016283458,-0.485026726425424,0.485026726425424,-1.36875484240517,1.36875484240517,-0.0288714333655875,0.0288714333655875,1.09311678266789,-1.09311678266789,-0.191570158643803,0.191570158643803,-0.814917796824187,0.814917796824187,-1.43642716528962,1.43642716528962,-1.08958386674141,1.08958386674141,0.47583308470563,-0.47583308470563,1.34823615386704,-1.34823615386704,1.07179523995652,-1.07179523995652,1.12829177536641,-1.12829177536641,-0.201687841270047,0.201687841270047,-0.395029437069176,0.395029437069176,1.10703109444301,-1.10703109444301,0.675729771938028,-0.675729771938028,-0.545286104791252,0.545286104791252,-0.726053162100724,0.726053162100724,0.904305277386197,-0.904305277386197,0.509984544582553,-0.509984544582553,0.759136826425965,-0.759136826425965,0.476204567964718,-0.476204567964718,0.511486329796936,-0.511486329796936,-0.819710661777352,0.819710661777352,0.771687720181239,-0.771687720181239,0.079878035254662,-0.079878035254662,1.35513425889393,-1.35513425889393,0.366114673371876,-0.366114673371876,-0.541315267703271,0.541315267703271,-1.06564195790844,1.06564195790844,-0.71960962941434,0.71960962941434,0.204515715877457,-0.204515715877457,0.0540274961992816,-0.0540274961992816,-0.166363612307441,0.166363612307441,-0.747592767061995,0.747592767061995,1.39849289923335,-1.39849289923335,-1.72556399677733,1.72556399677733,-0.44795860200368,0.44795860200368,-1.31203280814923,1.31203280814923,-1.33124479825263,1.33124479825263,-1.6704106446872,1.6704106446872,0.666349984478137,-0.666349984478137,-0.0727179335807863,0.0727179335807863,-1.00615004622408,1.00615004622408,-0.479773666374381,0.479773666374381,0.0500672238996377,-0.0500672238996377,-0.365272037098551,0.365272037098551,-1.63690425277931,1.63690425277931,0.0838285365324519,-0.0838285365324519,-0.350104996615587,0.350104996615587,0.467377910615854,-0.467377910615854,2.06500034783853,-2.06500034783853,1.50120084924368,-1.50120084924368,-1.56234495268382,1.56234495268382,-1.25095427835137,1.25095427835137,0.828608487406383,-0.828608487406383,0.735151399879162,-0.735151399879162,-0.112761103060741,0.112761103060741,0.379930937011323,-0.379930937011323,0.222164976024824,-0.222164976024824,-1.3837538603613,1.3837538603613,0.726213659585938,-0.726213659585938,1.11117960722927,-1.11117960722927,-0.536085308414341,0.536085308414341,0.783574996847821,-0.783574996847821,0.980633575117882,-0.980633575117882,-0.177786735483928,0.177786735483928,1.56366495828789,-1.56366495828789,-0.0972810062002555,0.0972810062002555,0.458164911772509,-0.458164911772509,0.771388369603563,-0.771388369603563,-1.11845404839384,1.11845404839384,-0.498438265312902,0.498438265312902,-1.43620963180176,1.43620963180176,0.952923351775485,-0.952923351775485,1.22813157653987,-1.22813157653987,-1.77782108495513,1.77782108495513,2.01013561413667,-2.01013561413667,0.776963455244245,-0.776963455244245,-0.289737074435484,0.289737074435484,-0.164728040279044,0.164728040279044,-0.0682657787467391,0.0682657787467391,0.420370865633096,-0.420370865633096,0.161212657638711,-0.161212657638711,-0.104968200369275,0.104968200369275,1.08114790593514,-1.08114790593514,1.52049016053947,-1.52049016053947,-1.27548965618526,1.27548965618526,-0.621262077825999,0.621262077825999,0.439241267059156,-0.439241267059156,0.4944227557446,-0.4944227557446,-1.48303533731149,1.48303533731149,-1.11506559690917,1.11506559690917,-1.64456841878701,1.64456841878701,0.461259216549577,-0.461259216549577,-1.46119657480039,1.46119657480039,-0.453410430260098,0.453410430260098,-0.0862091743744999,0.0862091743744999,1.00607620308113,-1.00607620308113,-1.60595826091046,1.60595826091046,0.216461045266494,-0.216461045266494,0.00277790545442112,-0.00277790545442112,1.03866860782107,-1.03866860782107,-0.519568155487633,0.519568155487633,1.4387662254599,-1.4387662254599,1.3645191289963,-1.3645191289963,-0.483185334632669,0.483185334632669,0.165115631478149,-0.165115631478149,-0.635647969795351,0.635647969795351,0.922551647308185,-0.922551647308185,0.759772393565663,-0.759772393565663,-0.670617748779088,0.670617748779088,-1.44390990591013,1.44390990591013,-0.518415761245201,0.518415761245201,0.530109050878412,-0.530109050878412,0.191278424380971,-0.191278424380971,0.601809119083289,-0.601809119083289,-1.80812738046749,1.80812738046749,0.534505005078035,-0.534505005078035,-0.150141240486855,0.150141240486855,0.201699552196676,-0.201699552196676,0.8872858297473,-0.8872858297473,0.687759860222435,-0.687759860222435,-0.447423218301802,0.447423218301802,-2.47041295773304,2.47041295773304,-0.872099666863193,0.872099666863193,0.141420012585914,-0.141420012585914,-0.320065706284686,0.320065706284686,-0.476649734077566,0.476649734077566,0.320098885769176,-0.320098885769176,-0.31571965325584,0.31571965325584,2.49453720439352,-2.49453720439352,-1.87682059529041,1.87682059529041,-0.869031609336809,0.869031609336809,0.91178035561162,-0.91178035561162,-1.50843179210329,1.50843179210329,-0.606014710316415,0.606014710316415,0.0145634058910165,-0.0145634058910165,0.461461559907583,-0.461461559907583,-0.41352368073927,0.41352368073927,0.0925516396692554,-0.0925516396692554,1.37112429744801,-1.37112429744801,0.950409583187107,-0.950409583187107,0.18906875564427,-0.18906875564427,0.234343777675136,-0.234343777675136,0.728259030923067,-0.728259030923067,1.03277674501528,-1.03277674501528,0.842054692376858,-0.842054692376858,0.310886459546719,-0.310886459546719,-1.64420562543988,1.64420562543988,-0.0662767750722548,0.0662767750722548,1.92394093457683,-1.92394093457683,-1.10962018025711,1.10962018025711,-0.656814650155459,0.656814650155459,0.893002641021439,-0.893002641021439,1.6492176274663,-1.6492176274663,-1.18484049099237,1.18484049099237,-0.565212067565484,0.565212067565484,1.8700746640422,-1.8700746640422,-0.380889985871754,0.380889985871754,-0.797818775187593,0.797818775187593,-0.099629247395929,0.099629247395929,1.74471124253949,-1.74471124253949,0.289182750772016,-0.289182750772016,-1.6996752423654,1.6996752423654,-0.276805968707987,0.276805968707987,-0.501465453451922,0.501465453451922,0.868899767320121,-0.868899767320121,0.614200667131603,-0.614200667131603,1.61877305799519,-1.61877305799519,1.60079478207503,-1.60079478207503,-0.235553266506941,0.235553266506941,0.500674727312022,-0.500674727312022,1.07205092938142,-1.07205092938142,0.249188712121144,-0.249188712121144,1.51140753131107,-1.51140753131107,0.436363410253703,-0.436363410253703,0.336889427100851,-0.336889427100851,-0.121825822099915,0.121825822099915,-0.362946386077131,0.362946386077131,-0.465538308914637,0.465538308914637,2.12115721189143,-2.12115721189143,1.09547303062349,-1.09547303062349,1.11875451542611,-1.11875451542611,1.54811519622667,-1.54811519622667,0.88384035659322,-0.88384035659322,-0.875850597564625,0.875850597564625,0.706844190032354,-0.706844190032354,0.601744663230703,-0.601744663230703,0.520752329438483,-0.520752329438483,0.773968731707286,-0.773968731707286,0.554035037276999,-0.554035037276999,-0.80143041746501,0.80143041746501,1.41365862242853,-1.41365862242853,0.0294601317907859,-0.0294601317907859,-1.38487381190282,1.38487381190282,1.00127599728429,-1.00127599728429,0.157583494340718,-0.157583494340718,-0.120367303954826,0.120367303954826,-0.012027901020859,0.012027901020859,-0.531334831343299,0.531334831343299,0.179508445894484,-0.179508445894484,0.939163383025381,-0.939163383025381,-0.339232205025902,0.339232205025902,-0.0159991080538783,0.0159991080538783,1.45428803216561,-1.45428803216561,-0.560788322958315,0.560788322958315,0.304249423749289,-0.304249423749289,-0.465634259417713,0.465634259417713,0.242383703913447,-0.242383703913447,-1.16757320302032,1.16757320302032,-1.74871555835463,1.74871555835463,0.321474497841022,-0.321474497841022,-0.214161194028403,0.214161194028403,1.27053118477656,-1.27053118477656,-0.543124164939979,0.543124164939979,0.725931794782916,-0.725931794782916,0.879995582500196,-0.879995582500196,1.10670053022473,-1.10670053022473,-0.0387765719593382,0.0387765719593382,0.599626555471385,-0.599626555471385,0.237572301207002,-0.237572301207002,0.980652311395668,-0.980652311395668,0.494517780041224,-0.494517780041224,-0.189560643602485,0.189560643602485,-0.169811340598931,0.169811340598931,-1.46723062975472,1.46723062975472,-0.187235964016125,0.187235964016125,2.91399873796845,-2.91399873796845,0.403301678147763,-0.403301678147763,0.0760487376081802,-0.0760487376081802,-0.712185092678368,0.712185092678368,1.13509687322565,-1.13509687322565,0.519652506797575,-0.519652506797575,0.756131719266684,-0.756131719266684,1.82095995374812,-1.82095995374812,0.148392793481604,-0.148392793481604,-0.797700889856747,0.797700889856747,1.01889004339672,-1.01889004339672,-1.51611776612784,1.51611776612784,1.08950908054418,-1.08950908054418,-1.00563120990255,1.00563120990255,-0.0696080873181175,0.0696080873181175,0.342847152404652,-0.342847152404652,0.432110811354837,-0.432110811354837,-0.208986750174366,0.208986750174366,-1.35793775560786,1.35793775560786,0.387748828413778,-0.387748828413778,-0.142483418829892,0.142483418829892,-0.272359055435198,0.272359055435198,-1.45049125414467,1.45049125414467,0.883136871791533,-0.883136871791533,1.03709208772339,-1.03709208772339,-0.173163290318427,0.173163290318427,-0.870572383560291,0.870572383560291,0.490306227912564,-0.490306227912564,-1.15329155206065,1.15329155206065,0.301688671984622,-0.301688671984622,-0.15062215910971,0.15062215910971,0.0244208748899859,-0.0244208748899859,0.430616877308514,-0.430616877308514,0.980893534320247,-0.980893534320247,-0.759499285255349,0.759499285255349,0.611545249386221,-0.611545249386221,0.790714871533271,-0.790714871533271,-1.08022700606489,1.08022700606489,-0.466755312159233,0.466755312159233,0.52077563602793,-0.52077563602793,-2.06807006522808,2.06807006522808,-0.223872317020598,0.223872317020598,0.0561881287017154,-0.0561881287017154,0.532286268239979,-0.532286268239979,0.840047249873832,-0.840047249873832,-1.09546946535558,1.09546946535558,1.30277722995014,-1.30277722995014,1.87269782112529,-1.87269782112529,-0.190184268794054,0.190184268794054,1.08390033135465,-1.08390033135465,-1.15082974773646,1.15082974773646,0.157482834806527,-0.157482834806527,0.408503825691464,-0.408503825691464,0.989232249507451,-0.989232249507451,-0.394390481029347,0.394390481029347,0.17835135907854,-0.17835135907854,-0.792118027325709,0.792118027325709,-0.433542580276538,0.433542580276538,2.43038837850594,-2.43038837850594,-0.620541003279041,0.620541003279041,-0.812347079793084,0.812347079793084,0.575553633045795,-0.575553633045795,-0.346624800990293,0.346624800990293,-1.71975258292976,1.71975258292976,-0.155195178700254,0.155195178700254,-0.81511761396743,0.81511761396743,0.742317853528332,-0.742317853528332,0.459752203356377,-0.459752203356377,1.39321258045064,-1.39321258045064,-0.149551953513635,0.149551953513635,0.485792997463428,-0.485792997463428,0.338276577936862,-0.338276577936862,-0.668028041159279,0.668028041159279,-1.09562800558495,1.09562800558495,1.28253772346179,-1.28253772346179,-0.130685768807579,0.130685768807579,0.426597619909353,-0.426597619909353,-0.163830546592636,0.163830546592636,-0.829862538965431,0.829862538965431,-1.95757781394918,1.95757781394918,-1.1995058417898,1.1995058417898,0.822112922502165,-0.822112922502165,-1.28841394183298,1.28841394183298,0.464814314240401,-0.464814314240401,-0.399437533940615,0.399437533940615,-0.950279538222842,0.950279538222842,-0.630819197579272,0.630819197579272,-0.135510089515377,0.135510089515377,0.847687010819844,-0.847687010819844,-0.546269193249871,0.546269193249871,-0.753010326175024,0.753010326175024,-0.849945704249611,0.849945704249611,-0.216412538847441,0.216412538847441,1.13683496322487,-1.13683496322487,1.15081102103585,-1.15081102103585,0.028493389056933,-0.028493389056933,-0.823879047779567,0.823879047779567,0.251022378863534,-0.251022378863534,-0.857393284300675,0.857393284300675,0.335039698666632,-0.335039698666632,-0.0591233571155345,0.0591233571155345,-0.634365006946824,0.634365006946824,-0.699340991917894,0.699340991917894,-0.784496073126462,0.784496073126462,1.02731879085007,-1.02731879085007,-0.291578613009742,0.291578613009742,-0.869751883566132,0.869751883566132,1.99773680590207,-1.99773680590207,0.580337061753577,-0.580337061753577,-0.500293594607926,0.500293594607926,0.82131848114494,-0.82131848114494,-1.30067047728369,1.30067047728369,0.604333482845045,-0.604333482845045,-0.206340807260266,0.206340807260266,1.54038682168509,-1.54038682168509,0.229081099016438,-0.229081099016438,0.179024461482641,-0.179024461482641,-1.32651616830349,1.32651616830349,1.01052999331963,-1.01052999331963,-0.0547271665046624,0.0547271665046624,0.472720725918938,-0.472720725918938,0.623285707903839,-0.623285707903839,0.465030897879431,-0.465030897879431,-0.0389447593794738,0.0389447593794738,-0.288832082899687,0.288832082899687,-1.0178149243056,1.0178149243056,-1.88652924836784,1.88652924836784,0.736554626766492,-0.736554626766492,1.23299849199279,-1.23299849199279,-0.14215064470399,0.14215064470399,1.16354443887632,-1.16354443887632,-0.172202319132201,0.172202319132201,-0.0723491382456252,0.0723491382456252,-1.05179639425504,1.05179639425504,0.706604007252072,-0.706604007252072,0.879904770018583,-0.879904770018583,1.00292477360693,-1.00292477360693,0.102185980288679,-0.102185980288679,0.16077939185132,-0.16077939185132,-1.08343968797266,1.08343968797266,-0.547660207141657,0.547660207141657,0.489713469440118,-0.489713469440118,1.19900382454612,-1.19900382454612,0.863751592838159,-0.863751592838159,-0.571984646761502,0.571984646761502,-0.0616699761914095,0.0616699761914095,-0.763407046759293,0.763407046759293,-0.53887625223395,0.53887625223395,0.78307492236057,-0.78307492236057,0.675223204989438,-0.675223204989438,1.36056218089744,-1.36056218089744,1.49526341558178,-1.49526341558178,0.357141794929213,-0.357141794929213,-1.52276753857208,1.52276753857208,1.33152397099089,-1.33152397099089,0.96899809436382,-0.96899809436382,2.07958013236621,-2.07958013236621,-1.10583171946088,1.10583171946088,0.484859342722231,-0.484859342722231,0.240998297706455,-0.240998297706455,1.48141617870044,-1.48141617870044,0.357535473483412,-0.357535473483412,0.00704860238787484,-0.00704860238787484,-0.487328499548339,0.487328499548339,-0.816178825525026,0.816178825525026,-1.44418598796706,1.44418598796706,-1.68448547611892,1.68448547611892,-1.04656343504934,1.04656343504934,1.05185826333743,-1.05185826333743,0.796633807179621,-0.796633807179621,-0.154861826447555,0.154861826447555,-0.396252057031582,0.396252057031582,0.772300116189532,-0.772300116189532,0.834679245643126,-0.834679245643126,-0.501024541642633,0.501024541642633,-0.186648395501526,0.186648395501526,0.547325576182357,-0.547325576182357,0.779820617432272,-0.779820617432272,-0.386296688394717,0.386296688394717,-1.83626500018752,1.83626500018752,-0.494884861814414,0.494884861814414,0.828629034109553,-0.828629034109553,-0.126544230651149,0.126544230651149,-0.315359133341517,0.315359133341517,-0.889903003584754,0.889903003584754,0.673550153355233,-0.673550153355233,-1.90099914675321,1.90099914675321,-0.787318157759406,0.787318157759406,-1.01339881987817,1.01339881987817,1.02010863801308,-1.02010863801308,1.1907836506008,-1.1907836506008,0.556868659865708,-0.556868659865708,1.2047016815236,-1.2047016815236,-1.95097127661114,1.95097127661114,-1.00258770664755,1.00258770664755,0.415973762856895,-0.415973762856895,-0.24999358560028,0.24999358560028,-0.573054121504107,0.573054121504107,0.527629670296356,-0.527629670296356,0.286296619703053,-0.286296619703053,1.18367462798234,-1.18367462798234,-0.442147489291158,0.442147489291158,-0.657295277223514,0.657295277223514,0.0177848221704483,-0.0177848221704483,0.523091524652149,-0.523091524652149,2.30102066360783,-2.30102066360783,-2.38209101937249,2.38209101937249,-0.0307489023660293,0.0307489023660293,0.844971589667439,-0.844971589667439,0.150527453690678,-0.150527453690678,1.67304074461295,-1.67304074461295,-0.370602564760284,0.370602564760284,-1.97246788113274,1.97246788113274,1.59261008730045,-1.59261008730045,1.28192389323542,-1.28192389323542,0.0991892217240553,-0.0991892217240553,1.08690478037912,-1.08690478037912,0.0487803619097549,-0.0487803619097549,1.78702695246304,-1.78702695246304,1.48958875742133,-1.48958875742133,1.62696506928197,-1.62696506928197,-0.13125700363387,0.13125700363387,-0.72125281940892,0.72125281940892,-0.0465680635076815,0.0465680635076815,-1.86849803341858,1.86849803341858,-0.518367182779537,0.518367182779537,0.315456980666413,-0.315456980666413,-0.110987864240292,0.110987864240292,-1.00423104772687,1.00423104772687,0.158138475138746,-0.158138475138746,-0.242353107713597,0.242353107713597,-0.479742438154723,0.479742438154723,-0.944040902823909,0.944040902823909,-1.05313472669865,1.05313472669865,-0.217856240273312,0.217856240273312,-0.205899513448602,0.205899513448602,0.150714758587576,-0.150714758587576,-0.295842849818301,0.295842849818301,0.269343832208745,-0.269343832208745,-0.58293839311522,0.58293839311522,-0.977761928867632,0.977761928867632,0.992509145545961,-0.992509145545961,-0.151583735982961,0.151583735982961,-0.0626086209475046,0.0626086209475046,-0.752327031927702,0.752327031927702,2.55744416083802,-2.55744416083802,0.442874259941428,-0.442874259941428,0.961269907077223,-0.961269907077223,-0.969625543677551,0.969625543677551,-2.3597319654387,2.3597319654387,-2.03651135776171,2.03651135776171,1.18948900352804,-1.18948900352804,-0.898718674792406,0.898718674792406,2.68178940065099,-2.68178940065099,0.0709535980206301,-0.0709535980206301,-0.0886283247339597,0.0886283247339597,0.709780782902678,-0.709780782902678,-0.617518730836625,0.617518730836625,-0.16581552436348,0.16581552436348,-1.96818315327229,1.96818315327229,-0.10009723863031,0.10009723863031,-0.711900749381986,0.711900749381986,1.57359257124188,-1.57359257124188,-0.492847774766859,0.492847774766859,-0.743764732711055,0.743764732711055,-0.664705778811248,0.664705778811248,-1.01577347948592,1.01577347948592,0.734414798422656,-0.734414798422656,0.551801231133686,-0.551801231133686,1.13808673603822,-1.13808673603822,-0.975933116116568,0.975933116116568,1.21348986196994,-1.21348986196994,0.432852323962825,-0.432852323962825,1.54724672452513,-1.54724672452513,0.588247584673601,-0.588247584673601,-0.994402848907811,0.994402848907811,0.553855716912464,-0.553855716912464,0.772842949813246,-0.772842949813246,-0.0834591586969202,0.0834591586969202,1.47491244429725,-1.47491244429725,1.99033810430398,-1.99033810430398,-0.243019179854984,0.243019179854984,0.304357813507858,-0.304357813507858,-0.889443320013194,0.889443320013194,-0.263305273485606,0.263305273485606,-0.313182572063978,0.313182572063978,0.479207215865676,-0.479207215865676,0.682687980437026,-0.682687980437026,1.11301715556353,-1.11301715556353,0.365464758179408,-0.365464758179408,-1.4883066020845,1.4883066020845,0.32455218352412,-0.32455218352412,-0.149404583210785,0.149404583210785,-0.219242512708901,0.219242512708901,0.521530966993328,-0.521530966993328,-0.486091449531788,0.486091449531788,0.117719899221414,-0.117719899221414,-2.94406628941421,2.94406628941421,-0.719925522338239,0.719925522338239,0.0699243659883067,-0.0699243659883067,-1.04033536517091,1.04033536517091,0.135409252535689,-0.135409252535689,-0.836743792091679,0.836743792091679,1.45129066933004,-1.45129066933004,-0.290677842535058,0.290677842535058,0.403933781555942,-0.403933781555942,-0.136997619139162,0.136997619139162,1.00008196336574,-1.00008196336574,-1.3632495308278,1.3632495308278,-0.365820895055106,0.365820895055106,-0.943804564949583,0.943804564949583,-0.184903886580266,0.184903886580266,-0.0756572320824445,0.0756572320824445,0.300019668958875,-0.300019668958875,2.6897559786716,-2.6897559786716,-0.200129706088888,0.200129706088888,0.589708427919363,-0.589708427919363,-1.81014259711489,1.81014259711489,0.546440855369232,-0.546440855369232,-0.0686039704575562,0.0686039704575562,1.14400994453333,-1.14400994453333,1.0101268000952,-1.0101268000952,1.01438091034642,-1.01438091034642,-1.69991309171483,1.69991309171483,-0.436529682098023,0.436529682098023,1.03391923533086,-1.03391923533086,-0.0707234454900778,0.0707234454900778,-1.23183907403836,1.23183907403836,1.9409302917083,-1.9409302917083,2.26809410747247,-2.26809410747247,-1.93007918135915,1.93007918135915,-0.549360200722826,0.549360200722826,0.35981144260352,-0.35981144260352,-0.394266842113811,0.394266842113811,-0.86222137225399,0.86222137225399,1.03918912218951,-1.03918912218951,-1.10278805220855,1.10278805220855,-1.19580774752867,1.19580774752867,1.45422401777527,-1.45422401777527,-0.301832622332234,0.301832622332234,-1.08231644504423,1.08231644504423,0.46793440764005,-0.46793440764005,-0.645174542629009,0.645174542629009,0.398285586384162,-0.398285586384162,-0.37301649796712,0.37301649796712,1.18798908827851,-1.18798908827851,0.930692443690872,-0.930692443690872,0.0595592898199426,-0.0595592898199426,0.153334387958917,-0.153334387958917,2.28420852770091,-2.28420852770091,1.19247014309213,-1.19247014309213,-0.20911062435517,0.20911062435517,-1.8067526332907,1.8067526332907,-0.396378643240979,0.396378643240979,-0.260050786086693,0.260050786086693,-0.505970607169358,0.505970607169358,0.225296803872572,-0.225296803872572,0.668595521917124,-0.668595521917124,1.55453208292107,-1.55453208292107,-1.14117590406392,1.14117590406392,1.0048360077142,-1.0048360077142,-1.27955077328725,1.27955077328725,0.492325686820331,-0.492325686820331,0.521810895013564,-0.521810895013564,-0.389600082687965,0.389600082687965,0.231536563072354,-0.231536563072354,-1.63698032377854,1.63698032377854,-0.92930508052949,0.92930508052949,-0.501642406795219,0.501642406795219,0.511805848341647,-0.511805848341647,-0.577248840524487,0.577248840524487,0.654141387902488,-0.654141387902488,1.1520928766216,-1.1520928766216,-0.853137770600672,0.853137770600672,-1.55896382539429,1.55896382539429,0.528342243448814,-0.528342243448814,-0.155423685536057,0.155423685536057,-0.608367877297228,0.608367877297228,1.28605423894621,-1.28605423894621,1.98863108022043,-1.98863108022043,-1.8087130564726,1.8087130564726,1.39015735841649,-1.39015735841649,0.72176947302154,-0.72176947302154,0.280919969693868,-0.280919969693868,-0.279612443648726,0.279612443648726,1.29378107884639,-1.29378107884639,-0.737871168513104,0.737871168513104,-2.16954702715632,2.16954702715632,0.456931097969353,-0.456931097969353,-0.851604106475758,0.851604106475758,0.499920625205512,-0.499920625205512,-0.391853156624681,0.391853156624681,-0.256892974772661,0.256892974772661,-1.33311215498221,1.33311215498221,0.287444981430175,-0.287444981430175,-2.29710768040683,2.29710768040683,0.194182575696617,-0.194182575696617,-1.31021351678242,1.31021351678242,0.601475033931166,-0.601475033931166,1.3728266930209,-1.3728266930209,1.66695045310554,-1.66695045310554,0.441978524112641,-0.441978524112641,-1.29243963425254,1.29243963425254,0.617932883892777,-0.617932883892777,2.01979143317224,-2.01979143317224,1.2289140750203,-1.2289140750203,-0.184381101501209,0.184381101501209,0.00871536415897498,-0.00871536415897498,-0.299300984619851,0.299300984619851,1.2704343371558,-1.2704343371558,0.884777951373569,-0.884777951373569,-0.170724623138506,0.170724623138506,0.783156623580305,-0.783156623580305,0.383260445502373,-0.383260445502373,-0.576123534483967,0.576123534483967,2.18392238449355,-2.18392238449355,0.186035386132013,-0.186035386132013,1.73716059333883,-1.73716059333883,0.100934334427405,-0.100934334427405,-0.0870184415678544,0.0870184415678544,1.37181217084214,-1.37181217084214,0.180883221734125,-0.180883221734125,-0.218172220487884,0.218172220487884,0.72422798695598,-0.72422798695598,0.186263501981884,-0.186263501981884,1.1641059235781,-1.1641059235781,0.0799567819350178,-0.0799567819350178,-1.01358103052579,1.01358103052579,1.47887341524325,-1.47887341524325,-0.449537107648896,0.449537107648896,0.0746469290586595,-0.0746469290586595,0.790511842354106,-0.790511842354106,0.39230631297848,-0.39230631297848,0.0449219739538183,-0.0449219739538183,0.873367655465329,-0.873367655465329,-0.0328204627736338,0.0328204627736338,1.16341130635327,-1.16341130635327,-0.117763797514156,0.117763797514156,0.314951275436922,-0.314951275436922,2.13539488498794,-2.13539488498794,-1.43934721680553,1.43934721680553,0.708875261119137,-0.708875261119137,1.63720416814613,-1.63720416814613,-1.19895115811152,1.19895115811152,-0.0845386704469294,0.0845386704469294,1.81144208361444,-1.81144208361444,0.318401424708054,-0.318401424708054,0.270088650539144,-0.270088650539144,0.0112812295315993,-0.0112812295315993,1.40441915698688,-1.40441915698688,1.39447126679075,-1.39447126679075,-1.12894864314166,1.12894864314166,-0.348804413844472,0.348804413844472,0.860012233132224,-0.860012233132224,0.166570204951227,-0.166570204951227,-0.96372926192838,0.96372926192838,0.649839918642289,-0.649839918642289,0.509890363577263,-0.509890363577263,0.483560652487423,-0.483560652487423,-0.273810447350255,0.273810447350255,-1.80031959211554,1.80031959211554,1.56861980825008,-1.56861980825008,-0.396858612267953,0.396858612267953,-3.31096376238404,3.31096376238404,0.796807740709002,-0.796807740709002,0.666343479609046,-0.666343479609046,0.767085698083637,-0.767085698083637,1.29107124758653,-1.29107124758653,-0.560846717967305,0.560846717967305,-0.483022169369342,0.483022169369342,-1.61696445187183,1.61696445187183,1.0009836963129,-1.0009836963129,0.529837824963104,-0.529837824963104,0.365383916629751,-0.365383916629751,0.879322643961,-0.879322643961,0.849094644647353,-0.849094644647353,0.420249854964353,-0.420249854964353,0.34859684278112,-0.34859684278112,1.32098468259387,-1.32098468259387,-0.754372052389528,0.754372052389528,-0.381900773472046,0.381900773472046,-0.0431547178747832,0.0431547178747832,0.115303157251886,-0.115303157251886,-0.227797386556931,0.227797386556931,0.875079620831588,-0.875079620831588,-1.55514401283809,1.55514401283809,-0.313026043006133,0.313026043006133,0.0666286584851765,-0.0666286584851765,0.427913084401871,-0.427913084401871,-1.76423641922758,1.76423641922758,0.668351246616355,-0.668351246616355,-0.938660458318678,0.938660458318678,-0.406587276157852,0.406587276157852,-1.48563466204817,1.48563466204817,-2.05891006112718,2.05891006112718,0.429200134103933,-0.429200134103933,0.412127047270722,-0.412127047270722,-2.21512806786941,2.21512806786941,-0.614421759378436,0.614421759378436,0.776766741115881,-0.776766741115881,-1.09945040028555,1.09945040028555,-1.85462067968876,1.85462067968876,-0.142321768108088,0.142321768108088,-0.266801986392567,0.266801986392567,0.622054621247945,-0.622054621247945,1.08363078631198,-1.08363078631198,0.176081732946796,-0.176081732946796,0.749527947179202,-0.749527947179202,0.0982300186216282,-0.0982300186216282,0.638008129649585,-0.638008129649585,-0.634030794004209,0.634030794004209,1.04041981601637,-1.04041981601637,1.22330711562958,-1.22330711562958,0.281295236292447,-0.281295236292447,-0.186240814148662,0.186240814148662,0.20736228435378,-0.20736228435378,-0.234380252867293,0.234380252867293,0.165534483847275,-0.165534483847275,-1.78617848644531,1.78617848644531,0.153754825111741,-0.153754825111741,0.273921830147365,-0.273921830147365,-1.03522896939754,1.03522896939754,-2.03354398126535,2.03354398126535,-0.859589835672003,0.859589835672003,-0.891018694485908,0.891018694485908,-1.2317999111333,1.2317999111333,-0.70149837426686,0.70149837426686,0.23491725859865,-0.23491725859865,-1.43469536041981,1.43469536041981,-0.694802696185587,0.694802696185587,0.259805392828526,-0.259805392828526,0.803324323577868,-0.803324323577868,0.697634633638756,-0.697634633638756,-0.981613384431059,0.981613384431059,-1.4511195560308,1.4511195560308,-3.07173862050504,3.07173862050504,-0.408467206176379,0.408467206176379,-0.264469103131743,0.264469103131743,0.0387386236600962,-0.0387386236600962,1.43236567484274,-1.43236567484274,-1.20582039832842,1.20582039832842,-0.161242640576812,0.161242640576812,2.15800394993591,-2.15800394993591,-0.760296405387077,0.760296405387077,-0.38622484916875,0.38622484916875,-0.387751783031747,0.387751783031747,-1.6971343255264,1.6971343255264,0.543902682549358,-0.543902682549358,-1.02929986393911,1.02929986393911,-1.31143834299611,1.31143834299611,-0.0910513594838029,0.0910513594838029,0.069585825300331,-0.069585825300331,0.586657655626673,-0.586657655626673,0.587405463878355,-0.587405463878355,0.824417062589205,-0.824417062589205,0.72311211174968,-0.72311211174968,0.337127006967127,-0.337127006967127,-0.0346834156209547,0.0346834156209547,0.111536899327472,-0.111536899327472,1.08838215414094,-1.08838215414094,1.25389546913549,-1.25389546913549,-0.0554956497926276,0.0554956497926276,-0.393788892527912,0.393788892527912,0.0731874807070796,-0.0731874807070796,0.115689660875619,-0.115689660875619,0.238539998546872,-0.238539998546872,-0.240193325601222,0.240193325601222,-0.219798034452031,0.219798034452031,0.564829999586678,-0.564829999586678,-1.56233567249638,1.56233567249638,1.03183496725341,-1.03183496725341,0.262803298409906,-0.262803298409906,1.16875897968523,-1.16875897968523,-2.05793123124392,2.05793123124392,0.296244519311412,-0.296244519311412,0.97654491374335,-0.97654491374335,-1.35154456679911,1.35154456679911,-1.28184440082121,1.28184440082121,-0.0768957417400645,0.0768957417400645,0.0433704328002441,-0.0433704328002441,0.389415409623452,-0.389415409623452,-1.23973671748509,1.23973671748509,0.303118434418873,-0.303118434418873,-1.05508705378757,1.05508705378757,1.05327570344329,-1.05327570344329,-0.379495810155821,0.379495810155821,-0.0617971744593404,0.0617971744593404,-1.06514875699469,1.06514875699469,-0.132569743198913,0.132569743198913,0.302214152180578,-0.302214152180578,1.18592450525558,-1.18592450525558,0.0568525652392571,-0.0568525652392571,-0.202503647853302,0.202503647853302,1.43190931835067,-1.43190931835067,-0.403786995237926,0.403786995237926,-1.01393622031146,1.01393622031146,-1.85960699637056,1.85960699637056,-0.281057927344778,0.281057927344778,0.419969122596496,-0.419969122596496,-1.73840006911367,1.73840006911367,-1.14633233387775,1.14633233387775,-0.367419495823096,0.367419495823096,0.650022327742036,-0.650022327742036,1.55614749465208,-1.55614749465208,-0.80551032295935,0.80551032295935,0.90616878835034,-0.90616878835034,-2.06085045899935,2.06085045899935,1.45013570596436,-1.45013570596436,-3.32497880729573,3.32497880729573,0.388245963434235,-0.388245963434235,0.315751801501423,-0.315751801501423,0.327899617784953,-0.327899617784953,-0.814658932788089,0.814658932788089,1.23177573573288,-1.23177573573288,-0.49408639532296,0.49408639532296,0.799594901442043,-0.799594901442043,1.47915373487898,-1.47915373487898,0.899942772072231,-0.899942772072231,-0.832908184115815,0.832908184115815,0.840483540827883,-0.840483540827883,-0.160423394760104,0.160423394760104,-0.457476880730097,0.457476880730097,0.169086085503885,-0.169086085503885,-0.921506606074829,0.921506606074829,-1.93197158638455,1.93197158638455,-0.611901098425242,0.611901098425242,-1.49805957753939,1.49805957753939,-0.5320036027887,0.5320036027887,-0.0520762696465671,0.0520762696465671,-0.180419125773183,0.180419125773183,1.29971063718716,-1.29971063718716,1.04573671824011,-1.04573671824011,0.1397211592812,-0.1397211592812,-0.798934439923241,0.798934439923241,-0.490110606100058,0.490110606100058,0.173821233529687,-0.173821233529687,0.333510209597118,-0.333510209597118,0.0196333610959108,-0.0196333610959108,1.64370734774382,-1.64370734774382,0.977360094361081,-0.977360094361081,0.982116087195829,-0.982116087195829,1.63330776784854,-1.63330776784854,-0.783349073995978,0.783349073995978,1.67709903598479,-1.67709903598479,0.05473429625213,-0.05473429625213,-1.24176807098116,1.24176807098116,0.291198513877044,-0.291198513877044,-0.289264218496863,0.289264218496863,-0.917196771000717,0.917196771000717,-1.96157287217557,1.96157287217557,-1.31048125065789,1.31048125065789,0.745969297481937,-0.745969297481937,-0.0527768446069441,0.0527768446069441,1.20613571836589,-1.20613571836589,0.567182651749123,-0.567182651749123,-1.11763111572239,1.11763111572239,0.147781711276414,-0.147781711276414,1.58406432690187,-1.58406432690187,0.498706548225038,-0.498706548225038,-0.816533476081457,0.816533476081457,1.07109447118329,-1.07109447118329,0.568730231760364,-0.568730231760364,0.093759834641788,-0.093759834641788,0.822367281573917,-0.822367281573917,-0.548186939211229,0.548186939211229,0.0482957042471037,-0.0482957042471037,0.154248269484343,-0.154248269484343,0.63934123723779,-0.63934123723779,-0.736325891825405,0.736325891825405,-0.383461607979071,0.383461607979071,-0.275946773647189,0.275946773647189,-0.0476539685747484,0.0476539685747484,0.633713989783878,-0.633713989783878,0.77800299496494,-0.77800299496494,1.69437196263653,-1.69437196263653,0.175791794369568,-0.175791794369568,-1.21270667920159,1.21270667920159,0.845097037844295,-0.845097037844295,0.441324807048682,-0.441324807048682,0.525639886708359,-0.525639886708359,-1.01472813250021,1.01472813250021,-2.46361994098007,2.46361994098007,0.107435790760568,-0.107435790760568,0.666522214623724,-0.666522214623724,-0.919170444917749,0.919170444917749,-0.0126234802046611,0.0126234802046611,-0.220292380645502,0.220292380645502,-0.260936606405829,0.260936606405829,1.34213067647779,-1.34213067647779,-0.379077434935333,0.379077434935333,0.193063643115834,-0.193063643115834,-0.214742651928879,0.214742651928879,-0.0041273069446397,0.0041273069446397,0.415378299513117,-0.415378299513117,-1.76648402673108,1.76648402673108,-0.405329159559709,0.405329159559709,-1.3736801335441,1.3736801335441,1.30502129835282,-1.30502129835282,1.53499982386252,-1.53499982386252,-1.23266052872718,1.23266052872718,0.389776016160476,-0.389776016160476,0.661589416061181,-0.661589416061181,-0.0832583333934416,0.0832583333934416,0.892225541856812,-0.892225541856812,-2.66332029291493,2.66332029291493,0.830808699370603,-0.830808699370603,0.153730120223379,-0.153730120223379,-0.596369112616777,0.596369112616777,0.996284593531004,-0.996284593531004,1.3076086943217,-1.3076086943217,-0.511279778280817,0.511279778280817,0.314695835331585,-0.314695835331585,0.218381005479593,-0.218381005479593,0.431746855359385,-0.431746855359385,-1.82404035439228,1.82404035439228,0.743425265009179,-0.743425265009179,-0.577393642487963,0.577393642487963,-0.264144366847749,0.264144366847749,0.271473997162337,-0.271473997162337,-0.835012133648274,0.835012133648274,-0.0149774662580693,0.0149774662580693,0.0668295326342944,-0.0668295326342944,-0.384482607399192,0.384482607399192,0.909501309444772,-0.909501309444772,-0.351993682852078,0.351993682852078,0.314886778980808,-0.314886778980808,-0.134027222332254,0.134027222332254,-0.695337672004803,0.695337672004803,-1.75349279181562,1.75349279181562,-0.103011568076157,0.103011568076157,-1.19132531524209,1.19132531524209,-0.396333518419298,0.396333518419298,-0.121794427236064,0.121794427236064,1.32260603772293,-1.32260603772293,1.70125776510224,-1.70125776510224,-0.182050572999481,0.182050572999481,-0.0131114730731712,0.0131114730731712,0.0803595344057778,-0.0803595344057778,-1.05996854717971,1.05996854717971,0.792964937528042,-0.792964937528042,0.4213830428935,-0.4213830428935,0.118086968394396,-0.118086968394396,-1.48128400020271,1.48128400020271,0.0309890652274277,-0.0309890652274277,1.36628103471336,-1.36628103471336,-0.57349719807289,0.57349719807289,-2.02274641139308,2.02274641139308,2.68688533589167,-2.68688533589167,0.217224024985305,-0.217224024985305,1.25277359269943,-1.25277359269943,0.763850973063109,-0.763850973063109,0.846374078224047,-0.846374078224047,2.82850410078612,-2.82850410078612,0.188348903939182,-0.188348903939182,-0.240532840428266,0.240532840428266,0.792851579987658,-0.792851579987658,0.759321463197634,-0.759321463197634,-1.21729044133224,1.21729044133224,-0.708161922866501,0.708161922866501,0.980592676236216,-0.980592676236216,0.521387595001093,-0.521387595001093,0.623151904832203,-0.623151904832203,-0.438600300106883,0.438600300106883,-0.861632138543492,0.861632138543492,-1.68672468926014,1.68672468926014,0.615148751593275,-0.615148751593275,0.540280975274294,-0.540280975274294,0.261231447458425,-0.261231447458425,-1.341121148996,1.341121148996,-1.37528804514087,1.37528804514087,1.78421877939662,-1.78421877939662,-0.260770994275367,0.260770994275367,-1.43660792552926,1.43660792552926,-0.887851703948933,0.887851703948933,-0.361627570837767,0.361627570837767,-0.902876583108887,0.902876583108887,-0.177259880116152,0.177259880116152,0.71182851173557,-0.71182851173557,0.739309662224843,-0.739309662224843,-0.267661965887082,0.267661965887082,1.09946926994247,-1.09946926994247,0.0303917518323688,-0.0303917518323688,0.702836125140952,-0.702836125140952,-0.552060647994866,0.552060647994866,-1.22856953156703,1.22856953156703,-0.716108223066213,0.716108223066213,-0.907894856609204,0.907894856609204,-1.85101225629959,1.85101225629959,-1.94772817347009,1.94772817347009,-1.23379372385129,1.23379372385129,1.8567363273328,-1.8567363273328,-0.438650671080739,0.438650671080739,0.962991844813244,-0.962991844813244,-0.372284991527042,0.372284991527042,-1.1812686842058,1.1812686842058,1.27789913419941,-1.27789913419941,0.0231651206534437,-0.0231651206534437,-0.781887066210137,0.781887066210137,1.45362099499478,-1.45362099499478,0.476873569659177,-0.476873569659177,-1.34586918757656,1.34586918757656,0.882225470696441,-0.882225470696441,-2.27029977093075,2.27029977093075,-1.84529210335249,1.84529210335249,-0.0620854157932688,0.0620854157932688,0.0991133287550844,-0.0991133287550844,-0.329266957794256,0.329266957794256,0.334391080045073,-0.334391080045073,-1.6073278480585,1.6073278480585,-0.481008382744543,0.481008382744543,1.14352439918859,-1.14352439918859,0.283549650951927,-0.283549650951927,-0.206534345341043,0.206534345341043,2.32059387944344,-2.32059387944344,-0.247058004578426,0.247058004578426,-0.899559067434863,0.899559067434863,-1.29581914428138,1.29581914428138,-0.179142706990311,0.179142706990311,-1.02544063559282,1.02544063559282,0.759794835023285,-0.759794835023285,-1.44316681585313,1.44316681585313,-0.65130473038987,0.65130473038987,1.91698096851444,-1.91698096851444,-1.67438279767592,1.67438279767592,0.705475195480287,-0.705475195480287,0.150341979126393,-0.150341979126393,0.45304074915184,-0.45304074915184,1.41066411226974,-1.41066411226974,-1.09942257330122,1.09942257330122,1.08285561338465,-1.08285561338465,0.474622950278362,-0.474622950278362,-0.579374217645124,0.579374217645124,0.26547077802434,-0.26547077802434,-1.5281831214232,1.5281831214232,0.567262673800725,-0.567262673800725,0.316005185004036,-0.316005185004036,0.430307293035943,-0.430307293035943,0.427505178101041,-0.427505178101041,0.878678156392233,-0.878678156392233,-1.55414813100565,1.55414813100565,0.709587248242239,-0.709587248242239,0.486814421670362,-0.486814421670362,-0.410741108812244,0.410741108812244,-2.40513137402967,2.40513137402967,-1.83329805137014,1.83329805137014,0.337303005178212,-0.337303005178212,0.829939918600845,-0.829939918600845,-1.14725342308716,1.14725342308716,0.275336236967868,-0.275336236967868,-1.21020393176992,1.21020393176992,-0.462863172742438,0.462863172742438,-0.192633134995042,0.192633134995042,-1.89836403377728,1.89836403377728,0.307817236556115,-0.307817236556115,0.361133709531415,-0.361133709531415,-0.144717736904781,0.144717736904781,0.241977009614128,-0.241977009614128,0.697139749205629,-0.697139749205629,-0.316415152216358,0.316415152216358,0.796505963512542,-0.796505963512542,0.00337568307405291,-0.00337568307405291,0.573246243476577,-0.573246243476577,0.00898295386754277,-0.00898295386754277,-0.334677726272517,0.334677726272517,0.0508160358108621,-0.0508160358108621,-0.871222413317299,0.871222413317299,-0.579326668830737,0.579326668830737,0.352721078662813,-0.352721078662813,0.00626006831976385,-0.00626006831976385,-0.891441936569554,0.891441936569554,-1.06444390232138,1.06444390232138,-0.882915345703177,0.882915345703177,-0.13851518717431,0.13851518717431,-1.52959933351618,1.52959933351618,0.377338048406261,-0.377338048406261,-0.539437932101715,0.539437932101715,0.331673692676309,-0.331673692676309,2.22745066588954,-2.22745066588954,1.71045303734328,-1.71045303734328,-0.231412897458557,0.231412897458557,0.250600188954766,-0.250600188954766,1.13632225539625,-1.13632225539625,-0.0791502916731402,0.0791502916731402,-1.36059874888253,1.36059874888253,-0.401111644273627,0.401111644273627,1.52357087256436,-1.52357087256436,1.93124895855054,-1.93124895855054,0.420887766913504,-0.420887766913504,-2.15587912888192,2.15587912888192,-0.370970032203077,0.370970032203077,0.96817061863592,-0.96817061863592,-1.23979653301848,1.23979653301848,0.670864345659745,-0.670864345659745,-0.109002494716661,0.109002494716661,1.47587087183514,-1.47587087183514,-1.09613660801749,1.09613660801749,-0.823278203043833,0.823278203043833,0.600408319644113,-0.600408319644113,-0.108675822372093,0.108675822372093,-0.284747988948097,0.284747988948097,-1.64158878460519,1.64158878460519,-1.43224048819272,1.43224048819272,0.861141853842464,-0.861141853842464,0.144913633374152,-0.144913633374152,1.32167351663577,-1.32167351663577,0.741390292320541,-0.741390292320541,0.350585817265288,-0.350585817265288,-0.152672279379966,0.152672279379966,-1.07784556179789,1.07784556179789,1.20182088130668,-1.20182088130668,-0.336242631855229,0.336242631855229,-0.598208272456022,0.598208272456022,-2.16858844834959,2.16858844834959,-0.161894403894115,0.161894403894115,-0.355689449837666,0.355689449837666,1.15852995271809,-1.15852995271809,0.738787462455261,-0.738787462455261,0.288135527614419,-0.288135527614419,0.984636146009491,-0.984636146009491,1.54400935052821,-1.54400935052821,0.332360955554639,-0.332360955554639,-0.501808893951035,0.501808893951035,0.782602869648894,-0.782602869648894,-0.0477250051282467,0.0477250051282467,-0.823000583355097,0.823000583355097,-1.27091136714861,1.27091136714861,-0.260495666027185,0.260495666027185,-0.861609791972882,0.861609791972882,-1.55349025697621,1.55349025697621,-0.415752526013954,0.415752526013954,0.610264013568209,-0.610264013568209,-0.491570633179073,0.491570633179073,0.945202467421809,-0.945202467421809,-1.16666419075165,1.16666419075165,0.60175579554429,-0.60175579554429,0.600749170036162,-0.600749170036162,1.3967116980193,-1.3967116980193,-0.810325489508035,0.810325489508035,-0.294598442419084,0.294598442419084,0.618446894276478,-0.618446894276478,0.0247721650726912,-0.0247721650726912,1.4319553941778,-1.4319553941778,-1.43740747813325,1.43740747813325,0.987674732475782,-0.987674732475782,-0.52294791527476,0.52294791527476,-1.01814760402421,1.01814760402421,-2.05713593423506,2.05713593423506,-0.4618920903754,0.4618920903754,-0.133683061196178,0.133683061196178,1.06065591525293,-1.06065591525293,-0.12663190749276,0.12663190749276,-0.796594874753157,0.796594874753157,2.23835352728138,-2.23835352728138,-0.713539657758099,0.713539657758099,0.672582340553613,-0.672582340553613,1.59750427783137,-1.59750427783137,1.24392845577625,-1.24392845577625,1.75018624621909,-1.75018624621909,0.539348160033951,-0.539348160033951,-0.115531155291814,0.115531155291814,-0.910370975086481,0.910370975086481,0.932984337637568,-0.932984337637568,-0.00548321415428181,0.00548321415428181,-0.944407088950242,0.944407088950242,0.610877238721778,-0.610877238721778,1.09931225173309,-1.09931225173309,-0.302963896546787,0.302963896546787,0.224715507907493,-0.224715507907493,-0.312045044924243,0.312045044924243,0.630701903563341,-0.630701903563341,-1.73262679536087,1.73262679536087,-0.578115771248205,0.578115771248205,0.952062874524343,-0.952062874524343,-0.46918762942204,0.46918762942204,-0.815623715253354,0.815623715253354,-0.528655798030846,0.528655798030846,0.167103530002154,-0.167103530002154,0.714691889107642,-0.714691889107642,-0.528064243865997,0.528064243865997,0.200167736331172,-0.200167736331172,0.777403036740224,-0.777403036740224,0.591978798177486,-0.591978798177486,1.08249459977911,-1.08249459977911,1.15440285754811,-1.15440285754811,-2.61127792789708,2.61127792789708,-0.0890004568066009,0.0890004568066009,0.164331429918139,-0.164331429918139,0.893333823159614,-0.893333823159614,0.848580678381478,-0.848580678381478,0.525786100524586,-0.525786100524586,-1.09773562134418,1.09773562134418,0.02338282134232,-0.02338282134232,-1.65585783775515,1.65585783775515,-1.10538797831874,1.10538797831874,1.23496723049746,-1.23496723049746,-0.0959485270438083,0.0959485270438083,-0.921279805791401,0.921279805791401,-0.553886814236288,0.553886814236288,0.499480722356675,-0.499480722356675,1.88963453800006,-1.88963453800006,-0.158574195702565,0.158574195702565,-0.044383422208195,0.044383422208195,0.397633288080104,-0.397633288080104,0.89096620561576,-0.89096620561576,0.346026265984793,-0.346026265984793,-0.131527780116345,0.131527780116345,0.598279459198832,-0.598279459198832,0.456954962593598,-0.456954962593598,0.378681116616831,-0.378681116616831,-0.695933732741648,0.695933732741648,0.892763959404709,-0.892763959404709,0.0323370280198361,-0.0323370280198361,0.448738668719323,-0.448738668719323,-0.972972218707398,0.972972218707398,-0.476923276247015,0.476923276247015,0.437690303601126,-0.437690303601126,0.335587426688098,-0.335587426688098,0.109200945794376,-0.109200945794376,0.253427675323885,-0.253427675323885,-0.296226795053136,0.296226795053136,0.96098673123166,-0.96098673123166,0.698015791269753,-0.698015791269753,-0.726459538940436,0.726459538940436,0.54544620587182,-0.54544620587182,-0.0407181356563858,0.0407181356563858,-0.278807767490969,0.278807767490969,1.32493598830538,-1.32493598830538,-0.62534668477278,0.62534668477278,0.522427463510876,-0.522427463510876,2.01370202044491,-2.01370202044491,0.00632710087506821,-0.00632710087506821,1.61669048744365,-1.61669048744365,-1.46754528001375,1.46754528001375,-1.25470461361922,1.25470461361922,-0.314102714238673,0.314102714238673,-0.248383213314188,0.248383213314188,0.659395624627203,-0.659395624627203,-1.62234485787188,1.62234485787188,0.079118495006747,-0.079118495006747,0.386157297031513,-0.386157297031513,-2.15347952422119,2.15347952422119,1.21031742154963,-1.21031742154963,-0.0397347942700345,0.0397347942700345,0.889512862555893,-0.889512862555893,-0.120443778187345,0.120443778187345,1.03728198588031,-1.03728198588031,-0.906601870243906,0.906601870243906,-1.40614523204748,1.40614523204748,1.00357039894025,-1.00357039894025,0.52274926753409,-0.52274926753409,0.056147065825406,-0.056147065825406,-0.0724930813157873,0.0724930813157873,-1.35220620071656,1.35220620071656,-1.73913989233739,1.73913989233739,0.204168109178325,-0.204168109178325,-1.84969281706253,1.84969281706253,0.261468075696816,-0.261468075696816,0.567858070765989,-0.567858070765989,0.134069136588618,-0.134069136588618,-0.684054198174368,0.684054198174368,0.224158989057192,-0.224158989057192,-1.33583253343947,1.33583253343947,-0.170864937985454,0.170864937985454,0.360510265731272,-0.360510265731272,0.317912138425629,-0.317912138425629,0.0265201446893233,-0.0265201446893233,0.131477151255945,-0.131477151255945,-1.29662223007607,1.29662223007607,0.868925691118234,-0.868925691118234,-1.09854469395507,1.09854469395507,-1.15372770084701,1.15372770084701,-0.0820319791000536,0.0820319791000536,1.34584226715569,-1.34584226715569,1.56957525209783,-1.56957525209783,-0.765557589189488,0.765557589189488,-0.0315782328726878,0.0315782328726878,-0.846371348944625,0.846371348944625,-0.683538211200734,0.683538211200734,-0.62278757042532,0.62278757042532,2.36771940875368,-2.36771940875368,0.837147166458145,-0.837147166458145,1.65202832267925,-1.65202832267925,-2.89454262611596,2.89454262611596,-0.69493711920672,0.69493711920672,0.432658767685142,-0.432658767685142,0.0615538077093358,-0.0615538077093358,0.494538374246997,-0.494538374246997,0.848460875052748,-0.848460875052748,-1.32431001784919,1.32431001784919,-0.816303890711056,0.816303890711056,-0.852013409548697,0.852013409548697,-0.708487047191361,0.708487047191361,-0.0109690017924824,0.0109690017924824,0.778246663121727,-0.778246663121727,-0.117975264257497,0.117975264257497,1.28930579962369,-1.28930579962369,-1.48981228555675,1.48981228555675,-0.0356870724071219,0.0356870724071219,0.615789980654048,-0.615789980654048,-2.21424263865976,2.21424263865976,0.197992326519161,-0.197992326519161,-0.976347167990196,0.976347167990196,-0.345702479386167,0.345702479386167,-0.0553791695526555,0.0553791695526555,-0.724446762535314,0.724446762535314,-0.0925526456774593,0.0925526456774593,-1.44669262719595,1.44669262719595,-0.965265777289142,0.965265777289142,1.19608450776453,-1.19608450776453,1.61611318584989,-1.61611318584989,0.53326758745644,-0.53326758745644,0.889021371575649,-0.889021371575649,1.97185574364465,-1.97185574364465,0.0206212958274073,-0.0206212958274073,-1.28948596011854,1.28948596011854,-1.62244686461056,1.62244686461056,0.718285750293475,-0.718285750293475,0.444542070937719,-0.444542070937719,1.40098646751883,-1.40098646751883,0.570265714834719,-0.570265714834719,2.24063827499283,-2.24063827499283,0.256420049066793,-0.256420049066793,-0.286636991218296,0.286636991218296,0.0138049171074529,-0.0138049171074529,0.827747047008555,-0.827747047008555,2.0994485330229,-2.0994485330229,-0.665372833600377,0.665372833600377,0.95476543713302,-0.95476543713302,0.468077443251002,-0.468077443251002,-0.653497603318597,0.653497603318597,-0.381466078782929,0.381466078782929,-0.0813957016643805,0.0813957016643805,-0.148605434430402,0.148605434430402,-0.215095383159983,0.215095383159983,0.480942815327826,-0.480942815327826,0.432259695914765,-0.432259695914765,0.829213656246057,-0.829213656246057,-2.17627650121219,2.17627650121219,2.07224530348279,-2.07224530348279,1.07297221463065,-1.07297221463065,-1.14395934601622,1.14395934601622,2.00430170811503,-2.00430170811503,0.765862559638879,-0.765862559638879,-1.29066843647082,1.29066843647082,-1.14663922752932,1.14663922752932,-0.638446105539778,0.638446105539778,-0.383980585400551,0.383980585400551,0.789424288670399,-0.789424288670399,1.08247340489469,-1.08247340489469,-2.4444918112331,2.4444918112331,-0.483180356891262,0.483180356891262,-0.148280860279798,0.148280860279798,0.490800621966535,-0.490800621966535,0.239434368705961,-0.239434368705961,0.620187546740424,-0.620187546740424,-1.67184069253669,1.67184069253669,-1.30123944654336,1.30123944654336,-0.721861167016243,0.721861167016243,0.0153129212938455,-0.0153129212938455,0.302137429489864,-0.302137429489864,1.42450786737895,-1.42450786737895,-0.59021647145468,0.59021647145468,-0.28997779797194,0.28997779797194,0.0414078816167758,-0.0414078816167758,-0.18262117846571,0.18262117846571,0.0622530406571242,-0.0622530406571242,1.58616449239161,-1.58616449239161,-0.062810467017023,0.062810467017023,0.0242659129154706,-0.0242659129154706,0.0899683888091634,-0.0899683888091634,-0.242939893068502,0.242939893068502,0.643749260868987,-0.643749260868987,0.980443366654294,-0.980443366654294,0.566680592254563,-0.566680592254563,0.700062457480526,-0.700062457480526,-1.53211004589047,1.53211004589047,0.277657607626443,-0.277657607626443,-0.695153284080423,0.695153284080423,-0.425191519762092,0.425191519762092,0.060543051477151,-0.060543051477151,-0.683801851778247,0.683801851778247,-1.77850269408611,1.77850269408611,-0.0681387246674711,0.0681387246674711,-1.15253014052419,1.15253014052419,-0.0282927377159463,0.0282927377159463,1.95492067316818,-1.95492067316818,-1.60553159147688,1.60553159147688,1.73935250104347,-1.73935250104347,1.63145174174584,-1.63145174174584,0.136790040319717,-0.136790040319717,-1.11627361571735,1.11627361571735,0.270336267706908,-0.270336267706908,0.66695643321833,-0.66695643321833,-1.19124183330613,1.19124183330613,-1.84672753100718,1.84672753100718,0.690602066816528,-0.690602066816528,-1.56579973281716,1.56579973281716,-0.925317998466138,0.925317998466138,-0.387992263589184,0.387992263589184,0.47515181072744,-0.47515181072744,0.745827228001834,-0.745827228001834,-0.273453354875832,0.273453354875832,-0.49007574324896,0.49007574324896,1.22045547546077,-1.22045547546077,-1.40945489480484,1.40945489480484,0.113418888520322,-0.113418888520322,0.21132347642378,-0.21132347642378,-0.87084049849203,0.87084049849203,0.266183000574329,-0.266183000574329,0.450383873379328,-0.450383873379328,-0.100433441426195,0.100433441426195,-0.275207091006454,0.275207091006454,0.633328300577635,-0.633328300577635,0.290893075697458,-0.290893075697458,0.899269831437878,-0.899269831437878,-0.803948630586621,0.803948630586621,-0.960168365628207,0.960168365628207,0.262734650131404,-0.262734650131404,-0.0769080672020135,0.0769080672020135,-1.78007475154885,1.78007475154885,-1.50208863866607,1.50208863866607,-0.636623232977324,0.636623232977324,-0.551470247876604,0.551470247876604,-0.177784417680387,0.177784417680387,-0.897870104374448,0.897870104374448,-0.699406444023782,0.699406444023782,-8.69637079437838e-05,8.69637079437838e-05,0.186175034608074,-0.186175034608074,1.15789610962709,-1.15789610962709,-1.7435621386615,1.7435621386615,-1.15830358374605,1.15830358374605,1.14568862344759,-1.14568862344759,0.0480274283233033,-0.0480274283233033,-0.405349825835119,0.405349825835119,-0.881363571873425,0.881363571873425,0.279516264232615,-0.279516264232615,-0.933540574751442,0.933540574751442,-2.3360720250819,2.3360720250819,-1.83242230181592,1.83242230181592,0.250733641135066,-0.250733641135066,0.494058983217134,-0.494058983217134,0.720416431014267,-0.720416431014267,1.26854204506884,-1.26854204506884,-1.21916041113529,1.21916041113529,-0.912366233915304,0.912366233915304,0.03151706218574,-0.03151706218574,0.841504473796009,-0.841504473796009,-1.3839135316223,1.3839135316223,-0.00224844432927842,0.00224844432927842,0.706048641545975,-0.706048641545975,2.09077622024175,-2.09077622024175,0.138930018737908,-0.138930018737908,-1.6815653159467,1.6815653159467,0.44920293454891,-0.44920293454891,-2.34303381657514,2.34303381657514,0.76302877652442,-0.76302877652442,1.4537691775413,-1.4537691775413,-0.334199898559722,0.334199898559722,0.454002174351473,-0.454002174351473,-0.943836353624712,0.943836353624712,-0.137695775466864,0.137695775466864,0.236541659342786,-0.236541659342786,-1.47233737411262,1.47233737411262,-0.242854987277061,0.242854987277061,-0.123929521792001,0.123929521792001,1.15513453278208,-1.15513453278208,-0.516475283871537,0.516475283871537,0.0607684451103229,-0.0607684451103229,0.461783662955175,-0.461783662955175,-0.496127185075911,0.496127185075911,0.500184514074515,-0.500184514074515,0.911487768535593,-0.911487768535593,1.33894717828959,-1.33894717828959,-1.42898897294072,1.42898897294072,0.680326731347549,-0.680326731347549,-0.543891366513693,0.543891366513693,-1.43540875131486,1.43540875131486,-0.998744426127711,0.998744426127711,1.86503790588998,-1.86503790588998,-0.689822769528069,0.689822769528069,0.64496823194448,-0.64496823194448,0.429533232331847,-0.429533232331847,0.570207511853732,-0.570207511853732,0.0340855018876428,-0.0340855018876428,1.19238524520139,-1.19238524520139,0.0995378354592596,-0.0995378354592596,-0.201667636368698,0.201667636368698,0.159607395720506,-0.159607395720506,0.226718803860635,-0.226718803860635,1.06007673256887,-1.06007673256887,-0.330656383512526,0.330656383512526,1.52451037361426,-1.52451037361426,-1.41195958919261,1.41195958919261,-0.734302642185859,0.734302642185859,-1.16197549260988,1.16197549260988,-0.879730897150774,0.879730897150774,-0.348217441309419,0.348217441309419,-0.731953384969717,0.731953384969717,2.25571901600397,-2.25571901600397,-1.31211619435339,1.31211619435339,0.304975065084612,-0.304975065084612,1.86976504506119,-1.86976504506119,-0.224761993433852,0.224761993433852,-0.081262173718979,0.081262173718979,-0.729082905031265,0.729082905031265,-1.18562754345105,1.18562754345105,-1.08728635435776,1.08728635435776,0.778983407635781,-0.778983407635781,0.567265951640661,-0.567265951640661,0.677379182040845,-0.677379182040845,1.45904958880981,-1.45904958880981,1.66512497844964,-1.66512497844964,1.37574489660544,-1.37574489660544,0.370303307625946,-0.370303307625946,-0.387005511713744,0.387005511713744,-0.641463845413767,0.641463845413767,0.374883285950645,-0.374883285950645,-0.541989031830642,0.541989031830642,0.282662801800136,-0.282662801800136,-0.922874245752054,0.922874245752054,-0.241391503789365,0.241391503789365,0.208657248030756,-0.208657248030756,-1.5790029714041,1.5790029714041,-0.921323077533888,0.921323077533888,1.42754319699265,-1.42754319699265,-1.16056362574571,1.16056362574571,0.2059853048164,-0.2059853048164,1.21351199442207,-1.21351199442207,-0.660571853559461,0.660571853559461,0.389942554572921,-0.389942554572921,-0.526757169983719,0.526757169983719,-0.519266677557972,0.519266677557972,1.06705049071853,-1.06705049071853,0.0475531190443464,-0.0475531190443464,-0.903156962668372,0.903156962668372,-1.75889956590918,1.75889956590918,-0.837105587072502,0.837105587072502,0.244774381193634,-0.244774381193634,0.0672568498786866,-0.0672568498786866,0.0123738822976592,-0.0123738822976592,0.933606504049021,-0.933606504049021,0.62859234361393,-0.62859234361393,-1.34067493152501,1.34067493152501,1.51431386867798,-1.51431386867798,-1.32694603959767,1.32694603959767,-0.390785805268054,0.390785805268054,-0.101347571936706,0.101347571936706,0.602231628363606,-0.602231628363606,-0.911105426273049,0.911105426273049,0.7529850044483,-0.7529850044483,0.500024442406768,-0.500024442406768,-0.657888144591542,0.657888144591542,0.416108775128791,-0.416108775128791,-1.97317576340017,1.97317576340017,0.344664211575175,-0.344664211575175,0.872164887247512,-0.872164887247512,-0.813875981949959,0.813875981949959,0.222021872906425,-0.222021872906425,-0.525308101630781,0.525308101630781,-2.06135966786974,2.06135966786974,-0.632495120398293,0.632495120398293,0.121075403195536,-0.121075403195536,-0.430343485393152,0.430343485393152,0.283545988241239,-0.283545988241239,-2.02769977153373,2.02769977153373,-0.398679917310268,0.398679917310268,0.952958905712163,-0.952958905712163,-0.266098825764882,0.266098825764882,-1.33154562468342,1.33154562468342,0.0335731430539769,-0.0335731430539769,-0.283404194473861,0.283404194473861,0.943818214164107,-0.943818214164107,0.679511497578924,-0.679511497578924,-0.248878639135171,0.248878639135171,0.547510963114607,-0.547510963114607,0.583563750626963,-0.583563750626963,-1.04215427050021,1.04215427050021,0.568783079153682,-0.568783079153682,0.645363323861892,-0.645363323861892,0.537899501863362,-0.537899501863362,0.0570055132219291,-0.0570055132219291,0.39224226437615,-0.39224226437615,0.391964208613339,-0.391964208613339,0.54724603551448,-0.54724603551448,0.241764758678451,-0.241764758678451,0.762268597880881,-0.762268597880881,-0.478117069953192,0.478117069953192,1.58272365803613,-1.58272365803613,0.271421179456731,-0.271421179456731,-0.0848035677773429,0.0848035677773429,1.33710998934028,-1.33710998934028,-1.1279522538981,1.1279522538981,0.803597191977079,-0.803597191977079,1.2537843105199,-1.2537843105199,-1.6957912597191,1.6957912597191,1.48732534317026,-1.48732534317026,0.818837046046054,-0.818837046046054,0.31403365168249,-0.31403365168249,0.43556423621368,-0.43556423621368,0.765513476771565,-0.765513476771565,-1.04111116584078,1.04111116584078,-1.69077309715261,1.69077309715261,0.291517217703591,-0.291517217703591,0.651571647424372,-0.651571647424372,0.720028776126329,-0.720028776126329,0.961939386875501,-0.961939386875501,-1.85752251254161,1.85752251254161,1.41620311612694,-1.41620311612694,-1.13709190748532,1.13709190748532,0.424339548680947,-0.424339548680947,0.0253027133083743,-0.0253027133083743,-0.710522903717498,0.710522903717498,0.645091763361423,-0.645091763361423,-0.451784757611867,0.451784757611867,1.64925149786348,-1.64925149786348,0.279973031843898,-0.279973031843898,0.722005341851488,-0.722005341851488,1.39389899865869,-1.39389899865869,-0.885261404299521,0.885261404299521,0.753301899068416,-0.753301899068416,1.54545529606355,-1.54545529606355,-0.571984907504407,0.571984907504407,-0.546678481521099,0.546678481521099,-0.277312539780741,0.277312539780741,-2.2643454657952,2.2643454657952,1.3927138174621,-1.3927138174621,-1.71518745644077,1.71518745644077,1.37472865178504,-1.37472865178504,0.0373337338905328,-0.0373337338905328,0.964275572244354,-0.964275572244354,-0.0833000280323697,0.0833000280323697,-0.415154506590063,0.415154506590063,0.302589991319798,-0.302589991319798,0.207308572913252,-0.207308572913252,-0.393467582938743,0.393467582938743,-0.390597690236035,0.390597690236035,0.786273073366199,-0.786273073366199,2.33359081238652,-2.33359081238652,1.03711355848243,-1.03711355848243,0.992405365121707,-0.992405365121707,-0.397976117068011,0.397976117068011,0.733103001835397,-0.733103001835397,0.431568324815872,-0.431568324815872,-0.581875567420236,0.581875567420236,0.483654791110896,-0.483654791110896,-0.837115723634773,0.837115723634773,0.114209479299473,-0.114209479299473,0.643776515097697,-0.643776515097697,-1.09206301367246,1.09206301367246,-0.0822445126922602,0.0822445126922602,-0.0540941396265544,0.0540941396265544,-0.5643544936466,0.5643544936466,1.41290311321608,-1.41290311321608,1.73917321986485,-1.73917321986485,-0.71366623655323,0.71366623655323,0.204031064935641,-0.204031064935641,0.227487489653555,-0.227487489653555,0.817449474715573,-0.817449474715573,0.801983505748334,-0.801983505748334,-0.455848305553287,0.455848305553287,0.324917465388945,-0.324917465388945,-0.721866662264562,0.721866662264562,0.0793187541889603,-0.0793187541889603,-2.58061079847942,2.58061079847942,0.833970207625153,-0.833970207625153,0.105872394071752,-0.105872394071752,0.248628323221703,-0.248628323221703,0.409387552447894,-0.409387552447894,0.408521655815561,-0.408521655815561,0.338923377700454,-0.338923377700454,-0.559314320013218,0.559314320013218,0.494541476757259,-0.494541476757259,-0.627914987807739,0.627914987807739,0.544731990654154,-0.544731990654154,0.0241446561155806,-0.0241446561155806,1.00889984441282,-1.00889984441282,-1.55299815746895,1.55299815746895,-0.323647448237914,0.323647448237914,-0.106635927679185,0.106635927679185,-1.35965135931443,1.35965135931443,-0.847370698136564,0.847370698136564,0.121349040360778,-0.121349040360778,1.37420657356603,-1.37420657356603,0.380676543695799,-0.380676543695799,-0.947547803040539,0.947547803040539,-0.854248000133156,0.854248000133156,0.670952785855567,-0.670952785855567,0.218522702003738,-0.218522702003738,-0.963103346723504,0.963103346723504,1.47086314258633,-1.47086314258633,-0.25076503737276,0.25076503737276,-0.165687016891836,0.165687016891836,0.194083697563386,-0.194083697563386,0.240414012614742,-0.240414012614742,0.29645738942781,-0.29645738942781,0.198846581624435,-0.198846581624435,1.1307838863278,-1.1307838863278,-0.392131921782178,0.392131921782178,0.794048944380341,-0.794048944380341,0.36339049188075,-0.36339049188075,-0.755195152933423,0.755195152933423,-0.668032678870337,0.668032678870337,-0.787297729264283,0.787297729264283,-0.282050312461469,0.282050312461469,-1.73042024843094,1.73042024843094,-0.756501075712128,0.756501075712128,0.481426500754787,-0.481426500754787,-1.15480296835125,1.15480296835125,1.04119160513598,-1.04119160513598,0.149915300297244,-0.149915300297244,0.147075022983988,-0.147075022983988,-1.92037907258468,1.92037907258468,-0.217897879582545,0.217897879582545,0.673816148605038,-0.673816148605038,-0.522779687202886,0.522779687202886,-0.00347074196474629,0.00347074196474629,0.363723306360815,-0.363723306360815,-2.78598987903833,2.78598987903833,-0.0109620643785069,0.0109620643785069,0.253385589647602,-0.253385589647602,-0.547360145259657,0.547360145259657,-0.941597807951177,0.941597807951177,0.0381363758935808,-0.0381363758935808,0.44817977453665,-0.44817977453665,-0.237075974548665,0.237075974548665,-0.18353464387028,0.18353464387028,-0.440592543175832,0.440592543175832,-0.614978022281427,0.614978022281427,1.39539617245946,-1.39539617245946,0.650086642988701,-0.650086642988701,0.0554404881731701,-0.0554404881731701,0.199790898921365,-0.199790898921365,1.3532258237142,-1.3532258237142,-0.821575873252186,0.821575873252186,0.301493332658462,-0.301493332658462,-0.349104118417032,0.349104118417032,0.673984585981456,-0.673984585981456,0.991163453225162,-0.991163453225162,0.520180001139014,-0.520180001139014,0.698663040546261,-0.698663040546261,-0.28108671295123,0.28108671295123,-0.712208241764727,0.712208241764727,1.10520120315132,-1.10520120315132,0.726697061133468,-0.726697061133468,-1.22105202250948,1.22105202250948,0.612320043927422,-0.612320043927422,-0.176110365913929,0.176110365913929,-1.1875947894629,1.1875947894629,0.527253302625493,-0.527253302625493,-0.308199137958942,0.308199137958942,0.0837943012393631,-0.0837943012393631,-0.835379245105633,0.835379245105633,0.040542830492088,-0.040542830492088,1.09036893499934,-1.09036893499934,0.14425368291553,-0.14425368291553,-0.288999311776464,0.288999311776464,0.170104479027556,-0.170104479027556,0.243937002086124,-0.243937002086124,-0.109870052055634,0.109870052055634,-0.373336249080019,0.373336249080019,-0.406560985053458,0.406560985053458,0.365207599535716,-0.365207599535716,-0.580461724085163,0.580461724085163,-0.14977939448107,0.14977939448107,-0.128586801009602,0.128586801009602,0.336329200950179,-0.336329200950179,1.72424652295503,-1.72424652295503,-1.21873962137358,1.21873962137358,-1.24656199020024,1.24656199020024,0.0234110509452638,-0.0234110509452638,-0.542876160654155,0.542876160654155,-0.0375027382300549,0.0375027382300549,0.958073220796646,-0.958073220796646,-2.74561624248163,2.74561624248163,-0.489682241632548,0.489682241632548,0.578335740203603,-0.578335740203603,1.01768847859266,-1.01768847859266,-0.263699796043026,0.263699796043026,0.194406440848556,-0.194406440848556,0.417907370201063,-0.417907370201063,0.442654646936992,-0.442654646936992,-0.400769750562528,0.400769750562528,-0.798748033055428,0.798748033055428,-0.911291038005129,0.911291038005129,0.705877003418212,-0.705877003418212,-0.364924935444347,0.364924935444347,-1.11454300658038,1.11454300658038,-0.725959589804215,0.725959589804215,-1.23637541332199,1.23637541332199,0.00681243953072848,-0.00681243953072848,-0.376938383710273,0.376938383710273,0.883869762439851,-0.883869762439851,1.49974915995359,-1.49974915995359,0.19515167859674,-0.19515167859674,0.417053325582255,-0.417053325582255,-0.486133853271324,0.486133853271324,-0.15129453795901,0.15129453795901,-1.95352120388122,1.95352120388122,-1.94940814043853,1.94940814043853,0.00150937409325333,-0.00150937409325333,0.611566185656197,-0.611566185656197,0.316366375255718,-0.316366375255718,-0.914995054246002,0.914995054246002,-1.12661456789893,1.12661456789893,0.292097731694471,-0.292097731694471,1.0745405918283,-1.0745405918283,0.310736409162106,-0.310736409162106,-0.647345122611679,0.647345122611679,0.218619083266365,-0.218619083266365,0.315150360448312,-0.315150360448312,-0.121054565296673,0.121054565296673,0.0397213050323715,-0.0397213050323715,0.750270615391666,-0.750270615391666,0.703670033628929,-0.703670033628929,2.06840587771366,-2.06840587771366,-0.0561887472448089,0.0561887472448089,-1.75642176392486,1.75642176392486,-0.744179530566378,0.744179530566378,0.118553156090161,-0.118553156090161,0.885078084582276,-0.885078084582276,-0.366633138737003,0.366633138737003,-1.10205088244122,1.10205088244122,2.0209998540961,-2.0209998540961,-0.40709537758077,0.40709537758077,0.153856019092192,-0.153856019092192,-0.203576187127643,0.203576187127643,-0.00332780216052042,0.00332780216052042,2.39260211906079,-2.39260211906079,2.00012941751964,-2.00012941751964,-1.464784390915,1.464784390915,-0.139173007896944,0.139173007896944,-0.0541250575711616,0.0541250575711616,1.20853845827334,-1.20853845827334,-1.08084249588002,1.08084249588002,0.501479112537858,-0.501479112537858,-1.18159730934894,1.18159730934894,2.23585726585289,-2.23585726585289,-1.12799668301309,1.12799668301309,-0.611976750690586,0.611976750690586,-1.80632512043433,1.80632512043433,0.724503352341407,-0.724503352341407,-1.39139590435504,1.39139590435504,0.101132095313837,-0.101132095313837,0.513574720846844,-0.513574720846844,0.404836495014979,-0.404836495014979,-1.52341493234474,1.52341493234474,2.07611071676229,-2.07611071676229,0.433926731786313,-0.433926731786313,-0.555082206690565,0.555082206690565,-1.10739640809816,1.10739640809816,-1.03129751451978,1.03129751451978,0.0658070542925371,-0.0658070542925371,-0.182803576104792,0.182803576104792,0.640872358877645,-0.640872358877645,-0.187742946802013,0.187742946802013,0.259932524823863,-0.259932524823863,-0.0279756690568752,0.0279756690568752,0.407337645377081,-0.407337645377081,-0.939183923688491,0.939183923688491,0.472576392067424,-0.472576392067424,0.481238484409292,-0.481238484409292,-0.0626830816370823,0.0626830816370823,0.0472232101987719,-0.0472232101987719,1.53439507346883,-1.53439507346883,2.50782474673317,-2.50782474673317,-0.00414933624155844,0.00414933624155844,0.427894536985728,-0.427894536985728,-1.93750078009048,1.93750078009048,-0.00952655161646556,0.00952655161646556,1.3863674476671,-1.3863674476671,0.123716254389433,-0.123716254389433,-1.11702590749887,1.11702590749887,1.6867480791371,-1.6867480791371,0.736272748263246,-0.736272748263246,-0.786283300103873,0.786283300103873,-0.304867568066938,0.304867568066938,-2.41096996041743,2.41096996041743,0.327574877644255,-0.327574877644255,-0.0699939950824297,0.0699939950824297,-0.258481553606523,0.258481553606523,0.634999370029029,-0.634999370029029,0.595519307891625,-0.595519307891625,-1.15235895208233,1.15235895208233,-2.23825536149797,2.23825536149797,1.07355741774494,-1.07355741774494,-0.897483707062595,0.897483707062595,-0.347239033720997,0.347239033720997,1.05745541096092,-1.05745541096092,-0.732944447239635,0.732944447239635,-1.82933588248428,1.82933588248428,-0.708935296223771,0.708935296223771,-0.803631771315935,0.803631771315935,0.831755298370307,-0.831755298370307,1.33164703493135,-1.33164703493135,0.571531781388127,-0.571531781388127,-0.662101360564929,0.662101360564929,0.457474857543108,-0.457474857543108,0.122733529456626,-0.122733529456626,1.37856194326913,-1.37856194326913,-0.881250687360846,0.881250687360846,0.496904963231769,-0.496904963231769,0.776886626630023,-0.776886626630023,0.420633508807824,-0.420633508807824,-0.257249517119339,0.257249517119339,-1.34190873927344,1.34190873927344,0.376497223173069,-0.376497223173069,0.235074030287236,-0.235074030287236,0.763010610316923,-0.763010610316923,-1.82566951035784,1.82566951035784,0.560506449548747,-0.560506449548747,1.14317433500032,-1.14317433500032,0.0390059054439055,-0.0390059054439055,-0.159370506482956,0.159370506482956,-0.272006933325087,0.272006933325087,0.431695783080694,-0.431695783080694,-1.28066217900964,1.28066217900964,1.34897797930565,-1.34897797930565,-2.12397400959717,2.12397400959717,-1.45205230004085,1.45205230004085,0.831033895136778,-0.831033895136778,0.0978766340710963,-0.0978766340710963,0.771789075646749,-0.771789075646749,0.598606462307933,-0.598606462307933,2.33026771727573,-2.33026771727573,1.05643960952349,-1.05643960952349,1.73380034751522,-1.73380034751522,-1.5930626529587,1.5930626529587,-0.273402262129647,0.273402262129647,2.43953709275297,-2.43953709275297,0.694758034459541,-0.694758034459541,1.02188937274773,-1.02188937274773,-1.85913553153132,1.85913553153132,-0.765537980695373,0.765537980695373,0.322021839866295,-0.322021839866295,0.316182033608829,-0.316182033608829,-0.0135689094576288,0.0135689094576288,0.955657788442671,-0.955657788442671,-0.253494861443034,0.253494861443034,0.25907972256163,-0.25907972256163,-0.000309057918156372,0.000309057918156372,1.35099339629831,-1.35099339629831,-0.209272638897401,0.209272638897401,1.82045254552432,-1.82045254552432,-1.09195684263974,1.09195684263974,0.186271884815349,-0.186271884815349,0.137056081327334,-0.137056081327334,0.762705168265699,-0.762705168265699,-0.906935212081011,0.906935212081011,0.225078260237291,-0.225078260237291,-0.895765483423536,0.895765483423536,-0.0266878098372927,0.0266878098372927,-0.0881701512735371,0.0881701512735371,1.45381321675314,-1.45381321675314,0.479958304385306,-0.479958304385306,0.617807870493031,-0.617807870493031,-1.00937596686697,1.00937596686697,-1.44842816997952,1.44842816997952,0.61116094099438,-0.61116094099438,0.0797772253297668,-0.0797772253297668,0.381927054274216,-0.381927054274216,0.906898422450445,-0.906898422450445,0.997798697187906,-0.997798697187906,0.818141486108585,-0.818141486108585,-0.316657070198164,0.316657070198164,-0.691866974924765,0.691866974924765,1.48304339793899,-1.48304339793899,-1.01928718297519,1.01928718297519,1.34922778334048,-1.34922778334048,-0.813758861874752,0.813758861874752,-1.4599901516221,1.4599901516221,2.35684517456466,-2.35684517456466,1.42649476706732,-1.42649476706732,-0.390227486069658,0.390227486069658,0.949997640913757,-0.949997640913757,0.303007097456469,-0.303007097456469,-0.867775304435063,0.867775304435063,-1.34014159372554,1.34014159372554,0.146063186293737,-0.146063186293737,-0.281866100747195,0.281866100747195,1.84393277323891,-1.84393277323891,-0.858602184501358,0.858602184501358,0.480567650194775,-0.480567650194775,0.423024108115486,-0.423024108115486,0.87673382680583,-0.87673382680583,0.098047963009089,-0.098047963009089,-0.137788872303082,0.137788872303082,1.42078450461519,-1.42078450461519,0.294383290619281,-0.294383290619281,-1.35142555214855,1.35142555214855,0.921847272910922,-0.921847272910922,0.839905188367466,-0.839905188367466,-1.03099239117221,1.03099239117221,-0.428251849469547,0.428251849469547,-1.69044732394248,1.69044732394248,-0.460057376441594,0.460057376441594,-0.876299114967907,0.876299114967907,1.20722513231318,-1.20722513231318,-0.633015501874703,0.633015501874703,-0.42970760014026,0.42970760014026,0.336005865880538,-0.336005865880538,-1.75316653575688,1.75316653575688,-2.63609710619667,2.63609710619667,-1.10514132291204,1.10514132291204,-0.5316802136738,0.5316802136738,-1.38326729650553,1.38326729650553,1.17773780899608,-1.17773780899608,-0.456243355358585,0.456243355358585,1.2825362330516,-1.2825362330516,0.270329724344626,-0.270329724344626,0.602175097063859,-0.602175097063859,0.184966352967434,-0.184966352967434,1.65791870237038,-1.65791870237038,0.40355171351093,-0.40355171351093,-3.29441797097016,3.29441797097016,1.16569893582506,-1.16569893582506,2.19984504454785,-2.19984504454785,0.153288851451368,-0.153288851451368,-0.662045976460225,0.662045976460225,-0.078965343254395,0.078965343254395,2.80695267761478,-2.80695267761478,0.616969807373136,-0.616969807373136,1.36368759990496,-1.36368759990496,-0.683438957501235,0.683438957501235,-0.411316756516385,0.411316756516385,1.59350365730669,-1.59350365730669,0.928962300185268,-0.928962300185268,1.2247165412345,-1.2247165412345,0.804117329949008,-0.804117329949008,-0.182850894961942,0.182850894961942,2.43701064808238,-2.43701064808238,-0.494649862199521,0.494649862199521,-1.3054024641946,1.3054024641946,-0.690689225264714,0.690689225264714,-1.37446524557095,1.37446524557095,-0.434291963864844,0.434291963864844,0.550006026693932,-0.550006026693932,0.587416491619869,-0.587416491619869,-0.645848820272698,0.645848820272698,0.492822612465945,-0.492822612465945,1.58859270897721,-1.58859270897721,0.376611132939112,-0.376611132939112,0.80447459264796,-0.80447459264796,0.0338324982273305,-0.0338324982273305,-0.946692428098533,0.946692428098533,0.538880081714665,-0.538880081714665,1.02354531068813,-1.02354531068813,-0.225268917800284,0.225268917800284,0.187659654153938,-0.187659654153938,-1.18475666726026,1.18475666726026,-0.822273666379041,0.822273666379041,-0.457587340926825,0.457587340926825,-2.51280710765935,2.51280710765935,-0.0316375913811279,0.0316375913811279,-1.30134831034252,1.30134831034252,0.366996512404188,-0.366996512404188,-0.729749037370032,0.729749037370032,-1.67194102437791,1.67194102437791,-2.65715017130785,2.65715017130785,0.36457249891761,-0.36457249891761,0.923061854101691,-0.923061854101691,1.65774683964738,-1.65774683964738,0.531357912307993,-0.531357912307993,1.32438261519899,-1.32438261519899,1.34498088497211,-1.34498088497211,-1.07268137657206,1.07268137657206,0.89637594291349,-0.89637594291349,-0.260257973881738,0.260257973881738,-1.01114681494216,1.01114681494216,0.00837184900377241,-0.00837184900377241,1.62884032576655,-1.62884032576655,0.252263525374349,-0.252263525374349,1.07799052119427,-1.07799052119427,0.0124463778193873,-0.0124463778193873,1.39775485901788,-1.39775485901788,0.358938899864873,-0.358938899864873,0.0155743318406131,-0.0155743318406131,-0.137583848212684,0.137583848212684,-0.551703726587472,0.551703726587472,-1.28721503305196,1.28721503305196,1.83561656909457,-1.83561656909457,1.30546438110905,-1.30546438110905,-1.09113714759775,1.09113714759775,0.42676185967268,-0.42676185967268,0.0337539227985338,-0.0337539227985338,-0.858687199261271,0.858687199261271,1.15136827259576,-1.15136827259576,-1.92876701382414,1.92876701382414,-1.20538150177942,1.20538150177942,1.44518248690395,-1.44518248690395,1.06188896678478,-1.06188896678478,0.984045860493382,-0.984045860493382,-1.14003091469232,1.14003091469232,-0.908431693529063,0.908431693529063,-1.40073939599524,1.40073939599524,-0.764830049859745,0.764830049859745,0.437728523046845,-0.437728523046845,1.28151376959613,-1.28151376959613,1.61217438463699,-1.61217438463699,-1.25394912660578,1.25394912660578,-0.975527008869579,0.975527008869579,0.364293145699765,-0.364293145699765,-1.18317131165592,1.18317131165592,-1.07047101128404,1.07047101128404,-0.953148895036616,0.953148895036616,-0.337234947172989,0.337234947172989,-1.22661430459779,1.22661430459779,0.272177602743134,-0.272177602743134,0.756703380013467,-0.756703380013467,-1.48092506418586,1.48092506418586,0.52640804978942,-0.52640804978942,0.533195448666906,-0.533195448666906,0.947094422810612,-0.947094422810612,-0.327372695577939,0.327372695577939,0.0421176113202288,-0.0421176113202288,-0.691533460143144,0.691533460143144,-1.4504906964958,1.4504906964958,-0.312250041105246,0.312250041105246,1.03510459599043,-1.03510459599043,2.13249419357628,-2.13249419357628,0.225103512706568,-0.225103512706568,-0.619585781406218,0.619585781406218,1.52151810375769,-1.52151810375769,-0.302953429100646,0.302953429100646,-2.1420834097377,2.1420834097377,0.519565341282815,-0.519565341282815,0.524559030065331,-0.524559030065331,-0.58713440897639,0.58713440897639,-0.0257308691125856,0.0257308691125856,1.30606218352723,-1.30606218352723,-1.06460989909394,1.06460989909394,-0.722463628759814,0.722463628759814,1.59305240973845,-1.59305240973845,-0.607182841357888,0.607182841357888,-1.74001239175384,1.74001239175384,0.639572096141703,-0.639572096141703,0.466585338614555,-0.466585338614555,0.773549261534366,-0.773549261534366,-0.39436449975523,0.39436449975523,0.459350468503486,-0.459350468503486,-0.34004996986502,0.34004996986502,-0.730169463087487,0.730169463087487,0.108604995947778,-0.108604995947778,-0.381069177333032,0.381069177333032,-0.950245543508843,0.950245543508843,0.18692735376464,-0.18692735376464,0.311174943086563,-0.311174943086563,0.401257721536194,-0.401257721536194,-0.788702010098414,0.788702010098414,1.10240869001083,-1.10240869001083,0.603072960627658,-0.603072960627658,2.07942230896413,-2.07942230896413,0.841344501146678,-0.841344501146678,1.82050618746693,-1.82050618746693,2.13497202583674,-2.13497202583674,0.745529831044472,-0.745529831044472,0.843940698845163,-0.843940698845163,-1.50702996431712,1.50702996431712,1.36478326390552,-1.36478326390552,0.788580224047624,-0.788580224047624,0.564816475612478,-0.564816475612478,-0.525391157394849,0.525391157394849,-0.466137151194887,0.466137151194887,0.427709307811377,-0.427709307811377,-0.0542272913638797,0.0542272913638797,-1.00534289448394,1.00534289448394,-0.125945306737861,0.125945306737861,0.410209783060581,-0.410209783060581,-0.449196405351369,0.449196405351369,0.0955766068662038,-0.0955766068662038,0.161278497717002,-0.161278497717002,0.825460546862848,-0.825460546862848,1.16913347416687,-1.16913347416687,-0.696944558269602,0.696944558269602,0.0263398816949719,-0.0263398816949719,-0.944760651553934,0.944760651553934,1.19215685460775,-1.19215685460775,0.792500075470706,-0.792500075470706,1.92094135000857,-1.92094135000857,0.0575395136051337,-0.0575395136051337,0.932887933617549,-0.932887933617549,-1.37358011322056,1.37358011322056,-0.351809619308289,0.351809619308289,0.468795215017125,-0.468795215017125,0.481787081905907,-0.481787081905907,-0.130388419972111,0.130388419972111,-0.796183683593273,0.796183683593273,1.77246106036141,-1.77246106036141,1.5497186245712,-1.5497186245712,-0.59676114494986,0.59676114494986,1.44312039410097,-1.44312039410097,-0.982418979247518,0.982418979247518,-1.19549906565478,1.19549906565478,-1.12969247683602,1.12969247683602,1.83979627890484,-1.83979627890484,1.14200237632674,-1.14200237632674,-0.564681470065621,0.564681470065621,-0.347440492526525,0.347440492526525,-0.316354162007546,0.316354162007546,-0.438747553101049,0.438747553101049,1.02821668722847,-1.02821668722847,-0.0917936170309422,0.0917936170309422,2.37651973840145,-2.37651973840145,-0.32137456919732,0.32137456919732,-1.6325952317573,1.6325952317573,0.114977328326536,-0.114977328326536,1.64604314226154,-1.64604314226154,-0.278944365391932,0.278944365391932,0.407130646318142,-0.407130646318142,1.61621106987999,-1.61621106987999,0.356440007329125,-0.356440007329125,-0.745251101595515,0.745251101595515,-0.258763058530982,0.258763058530982,-0.150483697130151,0.150483697130151,1.29229010372337,-1.29229010372337,-0.595618074886479,0.595618074886479,-0.39913339547016,0.39913339547016,0.472567708549575,-0.472567708549575,-0.0960377495709567,0.0960377495709567,0.211275175666291,-0.211275175666291,0.302577262792594,-0.302577262792594,0.0876112118716518,-0.0876112118716518,-1.13397059643129,1.13397059643129,-0.839763395379707,0.839763395379707,0.505372025272327,-0.505372025272327,-0.186134309807254,0.186134309807254,0.274876735678361,-0.274876735678361,-0.948500552492697,0.948500552492697,-0.232192935912673,0.232192935912673,-0.369853827221752,0.369853827221752,0.383542403425004,-0.383542403425004,-1.4405047423519,1.4405047423519,-0.978509815783848,0.978509815783848,-1.92338410894925,1.92338410894925,-0.40623246594896,0.40623246594896,-0.00787100151200319,0.00787100151200319,-0.335868527663945,0.335868527663945,1.34519776619424,-1.34519776619424,-1.02177060456191,1.02177060456191,1.78928849772928,-1.78928849772928,-1.63912388856921,1.63912388856921,0.219673970591464,-0.219673970591464,0.440038542713,-0.440038542713,-0.822647871187372,0.822647871187372,1.57725709974389,-1.57725709974389,0.679826327504764,-0.679826327504764,-0.488675881188066,0.488675881188066,-0.244237880348741,0.244237880348741,0.253140208683812,-0.253140208683812,-0.969965330755338,0.969965330755338,-1.31982003306096,1.31982003306096,-1.57487186094342,1.57487186094342,-0.960603971280931,0.960603971280931,-1.62988575174443,1.62988575174443,-0.798007807613118,0.798007807613118,-0.0184632096834046,0.0184632096834046,-0.32444938188846,0.32444938188846,0.65244008866855,-0.65244008866855,-1.92332920534924,1.92332920534924,-1.93526028580621,1.93526028580621,0.332632696610093,-0.332632696610093,-0.353089953561523,0.353089953561523,0.253132664647807,-0.253132664647807,-0.784275590970162,0.784275590970162,-0.470265445492639,0.470265445492639,0.624384393201381,-0.624384393201381,-1.56570836990641,1.56570836990641,-1.09528302426341,1.09528302426341,0.251908158035931,-0.251908158035931,0.284121588666057,-0.284121588666057,-0.852648898625016,0.852648898625016,-0.866878090111589,0.866878090111589,0.818908472915216,-0.818908472915216,-0.280641888790512,0.280641888790512,0.755326326512579,-0.755326326512579,-2.17733431291671,2.17733431291671,-0.267163694935324,0.267163694935324,-0.371243699236161,0.371243699236161,-1.25836921587935,1.25836921587935,-0.481066345896984,0.481066345896984,-0.203495898769608,0.203495898769608,0.426791585065826,-0.426791585065826,1.38830814518001,-1.38830814518001,-1.42807375803069,1.42807375803069,-0.364033916427936,0.364033916427936,-0.963799730799804,0.963799730799804,0.717455229867289,-0.717455229867289,-0.307797691795422,0.307797691795422,-0.576068374144662,0.576068374144662,0.871615087486618,-0.871615087486618,1.36666188562378,-1.36666188562378,-1.10475268284433,1.10475268284433,-1.30110884382656,1.30110884382656,-0.257690857501215,0.257690857501215,1.04343749544934,-1.04343749544934,0.264913117281727,-0.264913117281727,1.79546764120251,-1.79546764120251,-0.161412390701159,0.161412390701159,-0.0941671849646633,0.0941671849646633,-0.693776934256321,0.693776934256321,-1.39349312968738,1.39349312968738,0.905382814136715,-0.905382814136715,0.525726314363581,-0.525726314363581,-1.27019602645132,1.27019602645132,0.35429814728514,-0.35429814728514,1.24616432265997,-1.24616432265997,1.57059299196814,-1.57059299196814,0.765197886572806,-0.765197886572806,1.16711873156557,-1.16711873156557,2.89440937964482,-2.89440937964482,1.25504301757508,-1.25504301757508,-0.0165637479456373,0.0165637479456373,-0.915690137905301,0.915690137905301,-1.23904011041104,1.23904011041104,-0.869206445494093,0.869206445494093,1.20129218231575,-1.20129218231575,-1.52360650246891,1.52360650246891,-0.684551996682136,0.684551996682136,0.836992234573503,-0.836992234573503,-0.595442209086369,0.595442209086369,-0.572370038894838,0.572370038894838,0.197870077510146,-0.197870077510146,0.750429693177492,-0.750429693177492,1.33437366262449,-1.33437366262449,0.554848728361884,-0.554848728361884,1.83764048406203,-1.83764048406203,0.756941172108171,-0.756941172108171,1.14663488888381,-1.14663488888381,0.381181294399262,-0.381181294399262,-1.45641595494715,1.45641595494715,-0.851021402926315,0.851021402926315,0.484972067950756,-0.484972067950756,-1.08990635677688,1.08990635677688,1.72820502370453,-1.72820502370453,-0.748030615844074,0.748030615844074,0.512674352749828,-0.512674352749828,2.15691416531292,-2.15691416531292,0.510636224692798,-0.510636224692798,0.356115608424934,-0.356115608424934,-0.834947755546709,0.834947755546709
